185.432423	12.475372	7.169965
185.421105	1.848068	3.977132
185.409787	7.241615	-13.187576
185.398470	15.505177	-2.858241
185.387152	-2.672727	-4.022385
185.375834	2.604103	-9.125080
185.364516	1.207344	9.548039
185.353198	-9.410550	1.541460
185.341880	-5.141800	4.760153
185.330562	1.736717	3.836299
185.319244	10.512793	1.544824
185.307926	2.876701	11.275952
185.296608	3.200091	-5.212534
185.285291	1.630783	3.566654
185.273973	6.292748	10.708611
185.262655	0.006985	16.956663
185.251337	-14.388167	-3.223011
185.240019	-6.959689	-3.177658
185.228701	4.566141	-4.687557
185.217383	-10.697405	-8.848839
185.206065	-2.825325	0.158740
185.194747	-2.004526	-5.316436
185.183429	5.779171	7.785506
185.172112	-8.218699	0.923238
185.160794	6.777325	-4.140648
185.149476	-2.102443	-0.705701
185.138158	-4.881434	-17.211868
185.126840	7.484295	-4.864923
185.115522	-1.749946	2.845417
185.104204	6.880798	-3.431632
185.092886	11.733586	12.331053
185.081568	-9.795772	12.479298
185.070250	6.411492	2.667545
185.058933	-21.539278	12.272211
185.047615	3.093230	-4.940808
185.036297	5.736209	5.946471
185.024979	-4.862093	-3.291667
185.013661	-6.505324	-2.989106
185.002343	-1.790436	-3.690496
184.991025	6.164366	0.886736
184.979707	-1.189389	9.276811
184.968389	4.196809	11.103786
184.957072	16.382750	-2.660253
184.945754	-20.892387	4.079648
184.934436	-0.548962	-9.286114
184.923118	18.929449	-4.456940
184.911800	-3.968986	16.407375
184.900482	-12.905191	3.513284
184.889164	-12.037393	-0.456610
184.877846	-5.317961	-7.086015
184.866528	10.264688	1.127189
184.855210	17.185474	-1.262723
184.843893	4.532046	2.018356
184.832575	-14.244825	-9.265495
184.821257	19.311182	-16.447784
184.809939	6.779494	4.271806
184.798621	-0.433993	-4.660558
184.787303	-0.214485	7.505128
184.775985	1.607799	0.664187
184.764667	5.297079	-8.845161
184.753349	14.802794	-4.321998
184.742031	-7.744140	-2.000919
184.730714	-5.929969	21.562311
184.719396	0.302771	1.497498
184.708078	-2.370736	-9.922030
184.696760	-4.092121	1.913974
184.685442	7.233896	-5.922076
184.674124	6.154833	-3.324264
184.662806	-5.221899	0.726584
184.651488	17.707609	-5.564588
184.640170	-2.255414	-4.605345
184.628853	2.069832	1.349774
184.617535	-8.566832	1.872816
184.606217	-1.431340	-3.374913
184.594899	13.275317	4.972404
184.583581	-1.141177	1.389884
184.572263	0.924672	2.070693
184.560945	1.292829	17.685043
184.549627	7.289230	-4.147788
184.538309	10.412546	0.894664
184.526991	-4.299762	4.525049
184.515674	-0.551551	-8.071615
184.504356	-7.125927	-1.737972
184.493038	0.515329	-1.624701
184.481720	2.252372	-4.540352
184.470402	5.559640	0.624723
184.459084	-2.601014	0.615797
184.447766	8.190651	-4.405230
184.436448	-9.905193	4.692823
184.425130	-14.496000	0.530080
184.413812	-10.381185	2.369917
184.402495	8.656726	-1.213683
184.391177	-7.442777	-2.677920
184.379859	-3.886507	-15.148887
184.368541	9.577311	1.007838
184.357223	5.393204	-6.429718
184.345905	1.304142	1.020640
184.334587	-16.625158	-2.335853
184.323269	-1.605564	-3.087240
184.311951	8.074763	-17.569069
184.300634	8.350442	-0.283550
184.289316	7.151682	-8.877690
184.277998	1.125171	0.116109
184.266680	4.536197	-13.297307
184.255362	-2.814742	-12.009876
184.244044	0.641582	4.270339
184.232726	-0.400383	1.551039
184.221408	1.737771	-3.136859
184.210090	-1.917400	-2.222846
184.198772	9.106776	3.169420
184.187455	10.839486	5.459735
184.176137	17.792603	1.507685
184.164819	9.494944	-10.266982
184.153501	-0.083781	0.826942
184.142183	-8.887711	-3.523782
184.130865	2.113063	4.098450
184.119547	-3.818917	8.882253
184.108229	-5.870974	4.103678
184.096911	-2.327656	7.572529
184.085593	-1.265411	1.616921
184.074276	4.311407	-8.454856
184.062958	-0.695966	-14.043793
184.051640	7.597888	1.353122
184.040322	-4.979026	2.237151
184.029004	-4.033699	2.995794
184.017686	-12.773700	14.953583
184.006368	2.857202	4.983966
183.995050	-5.982589	-4.872033
183.983732	-6.270201	-11.097451
183.972414	2.676775	13.419884
183.961097	6.999027	1.101531
183.949779	7.990196	0.801035
183.938461	3.791157	7.834286
183.927143	-10.344348	4.488115
183.915825	10.776644	6.894822
183.904507	-2.667184	-2.336584
183.893189	-0.053001	9.768885
183.881871	2.707909	-0.791812
183.870553	-14.588944	-3.363444
183.859236	-3.186471	-2.260227
183.847918	8.489985	-20.215601
183.836600	6.847810	1.870072
183.825282	13.270056	1.865552
183.813964	-0.310474	-1.482319
183.802646	6.099308	-0.532442
183.791328	6.856860	-12.619460
183.780010	7.057646	0.219185
183.768692	13.833932	7.676571
183.757374	-5.116983	-9.477219
183.746057	1.617776	8.619704
183.734739	-1.010784	-3.145364
183.723421	-2.977493	-1.490079
183.712103	-14.327303	8.701167
183.700785	-1.127393	-10.717030
183.689467	4.846310	3.689964
183.678149	3.742595	-7.880502
183.666831	-0.114917	-1.969663
183.655513	-0.649645	-4.714618
183.644195	-2.287346	-1.847572
183.632878	3.915985	5.293249
183.621560	4.606639	3.637930
183.610242	3.675142	-6.951551
183.598924	-8.093596	13.171736
183.587606	-14.091045	-3.520239
183.576288	8.208661	-2.733413
183.564970	16.273624	-1.018259
183.553652	5.561224	1.555551
183.542334	14.924082	13.479247
183.531017	-3.855731	2.780731
183.519699	-3.696540	6.707474
183.508381	2.836797	-13.699785
183.497063	-4.836460	-3.316828
183.485745	3.872015	2.209584
183.474427	2.400587	-4.333352
183.463109	0.930662	2.447929
183.451791	-12.795271	4.052567
183.440473	2.447688	-3.173773
183.429155	8.415676	1.732469
183.417838	-2.494090	-4.954589
183.406520	-2.987692	-2.759996
183.395202	-5.623784	-5.228328
183.383884	5.261055	1.339706
183.372566	5.701119	0.514047
183.361248	-7.047871	-6.920213
183.349930	-0.911127	-0.396351
183.338612	-4.422819	-6.390575
183.327294	15.129287	-1.648479
183.315976	-2.014484	10.575021
183.304659	-21.076857	-9.278169
183.293341	2.469324	9.283912
183.282023	-4.038349	6.516022
183.270705	-0.964600	-0.198702
183.259387	9.357150	2.706493
183.248069	-18.665873	8.605656
183.236751	-0.379325	-5.848340
183.225433	-6.563581	3.893501
183.214115	0.818771	-6.799765
183.202798	4.955338	12.287719
183.191480	0.398514	-0.894769
183.180162	-4.697200	2.648962
183.168844	-11.111194	1.293507
183.157526	7.030325	-3.942461
183.146208	-12.795668	1.904121
183.134890	5.395960	-7.157341
183.123572	-3.370156	-9.838443
183.112254	-10.103521	1.465702
183.100936	-4.335388	12.166213
183.089619	-13.307094	3.980237
183.078301	-1.508046	14.457147
183.066983	-5.262058	14.086659
183.055665	-5.036575	1.850524
183.044347	10.177202	6.856263
183.033029	3.442892	14.764482
183.021711	-0.642142	4.948152
183.010393	-17.600994	-2.133810
182.999075	-3.668564	-16.877758
182.987757	-4.420084	7.536735
182.976440	-2.218438	4.893854
182.965122	18.143520	4.032784
182.953804	-0.085299	-1.965092
182.942486	4.097059	-1.102258
182.931168	1.586297	0.123614
182.919850	11.752849	-8.670804
182.908532	6.877592	0.992064
182.897214	0.506446	-0.107349
182.885896	-1.684335	-1.901161
182.874578	3.662889	-15.678664
182.863261	-7.341330	13.555725
182.851943	3.895056	3.527541
182.840625	4.590326	4.702431
182.829307	-3.672819	-7.160515
182.817989	0.979454	-6.751831
182.806671	1.384670	-2.062244
182.795353	6.600007	4.365058
182.784035	-1.523510	6.055326
182.772717	7.199478	-13.648119
182.761400	9.812096	-6.689349
182.750082	-3.185807	-5.068605
182.738764	13.382571	4.081037
182.727446	1.204027	-0.576980
182.716128	1.157541	-0.143406
182.704810	1.318232	9.318439
182.693492	-4.468492	2.427759
182.682174	12.628787	0.427275
182.670856	-2.942972	-5.202495
182.659538	4.199728	2.267801
182.648221	-0.274499	-9.736633
182.636903	-11.956578	11.393476
182.625585	-5.273584	5.624585
182.614267	1.569039	13.109348
182.602949	-3.963516	-1.830807
182.591631	5.909416	-11.708961
182.580313	-4.763024	2.620360
182.568995	5.372362	-8.837500
182.557677	3.173843	12.859611
182.546359	0.269841	-2.841060
182.535042	14.339830	-14.197538
182.523724	7.575568	-5.346838
182.512406	0.310497	-5.133226
182.501088	-4.419432	16.989868
182.489770	-6.440389	10.436380
182.478452	-0.963657	5.254777
182.467134	-4.319074	-6.285428
182.455816	7.795546	1.022591
182.444498	3.299217	8.296052
182.433181	0.254802	-5.133995
182.421863	8.102916	0.994252
182.410545	5.970443	7.858752
182.399227	9.964472	-7.467201
182.387909	1.121876	-8.840941
182.376591	1.120630	-1.366054
182.365273	-3.113698	-4.884269
182.353955	6.276919	-3.133368
182.342637	2.130785	10.648457
182.331319	0.580796	-2.648477
182.320002	-0.097902	-2.172907
182.308684	0.087191	1.756219
182.297366	2.605887	5.129497
182.286048	10.773885	2.493654
182.274730	4.319362	27.400930
182.263412	4.930768	2.531944
182.252094	-5.314122	-8.520206
182.240776	6.037703	1.636158
182.229458	0.363101	-5.217164
182.218140	-1.871192	0.464585
182.206823	-12.792172	-11.787744
182.195505	5.310049	3.943554
182.184187	-11.473104	-5.490128
182.172869	-1.121157	-2.361941
182.161551	-6.299779	8.389607
182.150233	2.630015	1.029430
182.138915	-1.338308	6.625507
182.127597	4.264183	5.064567
182.116279	6.289186	3.378235
182.104962	1.237165	-7.513854
182.093644	-8.190845	3.368267
182.082326	-7.597685	-7.292893
182.071008	6.918360	-7.430989
182.059690	-14.077523	7.769539
182.048372	2.092600	3.864913
182.037054	0.498910	-4.727026
182.025736	0.962206	0.301793
182.014418	-4.292063	-4.438593
182.003100	3.726240	-3.314928
181.991783	-5.891341	-5.748544
181.980465	-13.824526	3.409958
181.969147	1.801316	3.547122
181.957829	2.060414	-2.170197
181.946511	3.950122	-11.688490
181.935193	8.870313	-0.910982
181.923875	15.343889	-3.292493
181.912557	3.862999	-3.923779
181.901239	-5.598984	2.735050
181.889921	3.063809	4.537910
181.878604	-1.883096	3.948323
181.867286	-14.202617	0.149800
181.855968	3.473337	11.805975
181.844650	-4.561480	-12.415363
181.833332	2.646337	-1.662087
181.822014	3.471306	3.965715
181.810696	-18.355696	5.151451
181.799378	-10.166379	4.470312
181.788060	1.393534	1.328834
181.776742	16.855253	-6.804028
181.765425	1.212415	-3.287318
181.754107	-5.522393	8.067088
181.742789	1.828279	-3.609080
181.731471	8.064034	-2.361475
181.720153	4.444245	-2.308297
181.708835	14.959609	-9.191739
181.697517	6.853586	9.661812
181.686199	10.402959	6.118382
181.674881	9.983303	0.462354
181.663564	8.042624	-8.055140
181.652246	13.034132	-12.845445
181.640928	3.997700	-1.475863
181.629610	2.788643	1.485468
181.618292	8.560665	-1.936068
181.606974	-3.189272	-1.059782
181.595656	-9.857036	0.735030
181.584338	-6.907643	5.437102
181.573020	-10.146332	7.042211
181.561702	-3.447218	1.152741
181.550385	10.434764	-4.057479
181.539067	10.507442	-2.201868
181.527749	-3.181478	-10.018011
181.516431	3.732797	2.936969
181.505113	-12.074111	0.349521
181.493795	7.123455	-7.664269
181.482477	10.194990	6.781013
181.471159	-2.817198	-0.889269
181.459841	-11.595536	-1.929815
181.448523	2.093215	1.623438
181.437206	5.279261	-2.521939
181.425888	-7.020959	-5.906443
181.414570	0.973135	3.536114
181.403252	-12.392975	5.988193
181.391934	-1.453417	0.609215
181.380616	9.076555	-11.731565
181.369298	14.691761	9.894917
181.357980	3.730127	5.539948
181.346662	3.722437	-14.628288
181.335345	1.968084	7.808130
181.324027	-1.703666	3.300173
181.312709	1.141856	3.044884
181.301391	3.909047	-1.897130
181.290073	-7.684946	9.075027
181.278755	2.294268	5.621624
181.267437	1.622042	-3.554808
181.256119	8.966419	2.403433
181.244801	24.872396	-1.239874
181.233483	-1.518384	5.214840
181.222166	3.894361	-8.400673
181.210848	11.385940	13.816852
181.199530	4.018497	5.305403
181.188212	4.228762	9.197682
181.176894	0.260419	-7.430780
181.165576	6.660110	-2.467892
181.154258	9.387248	-2.830838
181.142940	0.508846	7.727291
181.131622	-0.684394	-7.482714
181.120304	5.227479	-7.191775
181.108987	5.037172	-1.752785
181.097669	-5.097166	-8.874864
181.086351	13.122581	13.355843
181.075033	-0.652418	-15.516294
181.063715	5.980028	8.558378
181.052397	-10.063033	-5.075824
181.041079	7.295364	0.315079
181.029761	-10.704985	-8.205267
181.018443	7.932309	-1.338782
181.007125	4.931657	1.048936
180.995808	-0.857888	-12.005294
180.984490	-0.890937	-2.497375
180.973172	5.909898	4.582798
180.961854	-11.661776	-4.626079
180.950536	7.472145	-7.706263
180.939218	-10.997773	-13.791799
180.927900	2.463407	-9.506978
180.916582	-7.066073	2.024955
180.905264	0.458737	6.380665
180.893947	7.244707	-17.821566
180.882629	2.025729	3.735407
180.871311	3.893846	-7.222475
180.859993	1.401125	-1.389381
180.848675	-1.249556	3.194605
180.837357	-11.043586	-4.185424
180.826039	-6.124580	3.359355
180.814721	6.145392	-0.513525
180.803403	1.121819	3.504050
180.792085	7.720382	-4.042736
180.780768	3.693820	6.034774
180.769450	-3.436251	-2.603009
180.758132	3.312927	-9.989553
180.746814	1.629719	6.345984
180.735496	-1.413531	-7.784411
180.724178	-2.391115	3.989338
180.712860	-9.053131	8.332012
180.701542	-6.526171	1.518015
180.690224	-1.381068	-9.151402
180.678906	13.417985	-4.359573
180.667589	-3.361963	5.097204
180.656271	-7.200230	-6.920866
180.644953	7.485506	-14.574477
180.633635	-9.539534	3.312839
180.622317	-2.621956	-3.805080
180.610999	3.277528	15.669649
180.599681	-7.965466	0.578197
180.588363	11.623451	-4.456588
180.577045	-12.280904	-10.197989
180.565728	4.442380	-0.506091
180.554410	-8.045696	-1.685994
180.543092	-14.768345	3.259455
180.531774	8.223153	-9.003168
180.520456	7.745093	-7.678726
180.509138	9.192975	5.711688
180.497820	5.104721	8.201266
180.486502	-8.513018	3.399561
180.475184	-1.581143	6.301873
180.463866	9.114727	3.539945
180.452549	-8.440747	-7.110233
180.441231	-7.797762	11.919188
180.429913	-3.844085	7.229608
180.418595	5.517047	-3.715661
180.407277	-9.235242	-0.970638
180.395959	5.268129	-8.933208
180.384641	8.560202	0.174905
180.373323	0.885145	5.118511
180.362005	-12.897909	1.385908
180.350687	5.160707	7.795341
180.339370	11.952182	-6.444904
180.328052	-4.549538	10.729883
180.316734	7.169818	-7.279763
180.305416	-12.489966	1.942138
180.294098	9.119994	5.748731
180.282780	2.513681	-13.628339
180.271462	10.900980	-2.655475
180.260144	-1.887581	-5.921604
180.248826	-10.375236	0.132492
180.237509	-3.024174	3.763479
180.226191	4.037355	0.319169
180.214873	-3.464097	0.808542
180.203555	0.660452	7.369158
180.192237	4.178241	0.200445
180.180919	0.744054	-7.689002
180.169601	-2.839652	-7.604182
180.158283	1.177473	-2.825387
180.146965	-1.059925	11.985372
180.135647	1.523323	-13.890710
180.124330	-4.847589	-9.912092
180.113012	9.915456	0.497557
180.101694	2.951096	19.282145
180.090376	6.791208	2.257076
180.079058	-5.196858	-1.535770
180.067740	5.026609	-16.405832
180.056422	8.175694	3.730631
180.045104	2.179945	3.269271
180.033786	1.642947	-2.539377
180.022468	-9.734710	-0.661295
180.011151	-0.322414	-15.169193
179.999833	3.347548	5.305239
179.988515	5.013139	-2.665053
179.977197	-3.944866	-1.960113
179.965879	-6.836504	5.208837
179.954561	2.619081	-9.178894
179.943243	-11.970246	1.148248
179.931925	0.790744	4.087776
179.920607	-3.778715	-5.978995
179.909289	0.448494	10.745956
179.897972	0.414753	0.581650
179.886654	-2.728767	-1.122160
179.875336	0.026674	3.417090
179.864018	5.567844	-0.630438
179.852700	2.228982	1.701846
179.841382	5.765777	-2.980994
179.830064	-0.850340	-7.030722
179.818746	-2.766430	-0.218805
179.807428	2.663304	-2.089332
179.796111	-5.720131	2.294606
179.784793	-15.698520	-0.979865
179.773475	-7.930342	-12.176468
179.762157	7.210990	-4.611126
179.750839	-0.156493	-0.943351
179.739521	-3.075667	-1.682475
179.728203	2.749753	-1.430898
179.716885	4.704146	1.107164
179.705567	-1.462739	6.716681
179.694249	0.834208	3.966913
179.682932	-3.039995	-9.263578
179.671614	5.042693	-3.193563
179.660296	-19.192356	0.897222
179.648978	2.161298	3.745523
179.637660	9.892282	2.822334
179.626342	-11.820516	-5.567755
179.615024	-5.715168	-8.473427
179.603706	1.408899	3.033303
179.592388	-4.038950	-11.202247
179.581070	2.282604	6.942628
179.569753	-11.411685	-3.149302
179.558435	5.108763	-13.249336
179.547117	3.480598	-4.883932
179.535799	7.541351	10.506608
179.524481	-4.063217	-2.989969
179.513163	-3.560642	-4.383034
179.501845	-4.063158	0.751726
179.490527	-0.140393	-5.786763
179.479209	8.687728	1.637508
179.467892	-3.709230	6.657449
179.456574	3.104616	3.005747
179.445256	1.111593	-3.861812
179.433938	1.816520	-6.071550
179.422620	-5.674252	3.895961
179.411302	3.094263	2.675291
179.399984	6.336770	1.444869
179.388666	-2.567507	-1.651501
179.377348	2.393839	0.082422
179.366030	5.802835	8.025670
179.354713	-1.421970	6.935746
179.343395	-15.174633	-5.191010
179.332077	-6.316444	0.539113
179.320759	-3.065964	7.699469
179.309441	-1.528771	-17.222048
179.298123	1.525831	6.735072
179.286805	-7.365591	-1.458150
179.275487	-3.136117	-4.495267
179.264169	6.385614	-7.715137
179.252851	0.879622	4.173200
179.241534	4.394447	-0.315540
179.230216	-4.484129	3.803378
179.218898	2.199920	-1.997684
179.207580	2.273314	-4.388542
179.196262	0.649395	8.827848
179.184944	-7.834929	-6.012665
179.173626	-1.820451	-2.782142
179.162308	14.470614	-7.521955
179.150990	6.588892	0.058866
179.139673	8.976285	9.219701
179.128355	0.639500	2.772910
179.117037	-1.989327	-1.318169
179.105719	7.148856	1.303625
179.094401	1.374436	-3.798302
179.083083	-13.513103	-1.137821
179.071765	21.957390	10.218029
179.060447	2.941270	-3.019925
179.049129	6.220290	1.347962
179.037811	12.562516	-8.742851
179.026494	7.651525	-9.465570
179.015176	-0.827701	-7.198397
179.003858	9.357343	-2.358427
178.992540	-1.168706	-5.296576
178.981222	4.665113	-0.382684
178.969904	-0.195499	5.954944
178.958586	-10.582108	1.419501
178.947268	-0.740255	-0.800480
178.935950	12.071526	-10.430788
178.924632	10.115014	0.603251
178.913315	1.506534	-3.775485
178.901997	-6.346161	1.106576
178.890679	0.457263	6.109425
178.879361	5.782421	-4.182008
178.868043	4.309826	-5.835025
178.856725	-1.875258	-8.171649
178.845407	0.323265	1.491156
178.834089	0.631417	6.722501
178.822771	5.853785	-2.440987
178.811453	-1.581191	-3.554322
178.800136	5.240103	-6.437152
178.788818	3.033149	10.681536
178.777500	-4.434395	-9.610682
178.766182	-4.609857	-11.472519
178.754864	5.419498	-15.556208
178.743546	2.189362	-11.134748
178.732228	-9.583809	-5.005666
178.720910	-3.708270	12.791851
178.709592	-16.105791	-3.123964
178.698275	-9.020708	0.292847
178.686957	-8.629255	-2.122638
178.675639	6.741309	7.721472
178.664321	3.904573	6.378789
178.653003	13.615195	-2.722599
178.641685	7.546240	-1.765674
178.630367	-2.593871	-3.215724
178.619049	7.262198	-10.281176
178.607731	-3.327586	9.217891
178.596413	-3.005060	-18.959011
178.585096	7.129354	-8.307516
178.573778	-2.274737	3.667368
178.562460	-2.841145	-1.411044
178.551142	13.608287	4.932343
178.539824	-2.175244	-0.664127
178.528506	-3.104495	-1.581720
178.517188	3.133608	-3.428505
178.505870	13.876597	-8.759422
178.494552	1.008814	-1.436821
178.483234	-1.406637	-7.114909
178.471917	-2.880789	-8.761512
178.460599	-5.491824	-8.337222
178.449281	2.633070	-6.665834
178.437963	10.986152	-2.833507
178.426645	-2.667477	8.966413
178.415327	0.079157	1.999991
178.404009	0.546696	-6.868552
178.392691	-5.931745	-10.151535
178.381373	2.334553	3.920717
178.370056	-3.289577	2.277943
178.358738	4.869699	7.576615
178.347420	-0.311547	-17.767553
178.336102	15.414420	-4.382587
178.324784	0.044344	11.412256
178.313466	-2.771102	4.466996
178.302148	5.102536	2.757128
178.290830	4.416308	-8.042603
178.279512	4.255107	-0.920870
178.268194	-2.671925	8.197545
178.256877	1.075914	3.025071
178.245559	-1.725938	0.989155
178.234241	1.601868	9.085404
178.222923	3.833178	-0.923357
178.211605	7.595015	16.328539
178.200287	3.086675	-3.403556
178.188969	-11.795431	0.242838
178.177651	0.647641	-2.116782
178.166333	1.317526	1.492797
178.155015	1.569583	0.145187
178.143698	4.252362	0.727987
178.132380	-6.184393	4.059467
178.121062	5.941530	0.297717
178.109744	4.862713	1.922216
178.098426	3.718981	7.153248
178.087108	-7.779260	-8.204190
178.075790	-7.122513	-0.090782
178.064472	1.213496	-18.116341
178.053154	0.307380	6.845214
178.041837	1.681601	-2.374417
178.030519	-0.242791	8.574141
178.019201	7.014357	-2.420252
178.007883	-7.340610	-6.527865
177.996565	17.224482	-7.424589
177.985247	-0.548395	8.907316
177.973929	-16.524172	-2.479692
177.962611	-2.369571	-1.591944
177.951293	-0.777874	-10.175605
177.939975	16.847225	-8.605801
177.928658	-3.918569	8.403641
177.917340	5.484419	8.302140
177.906022	7.696694	1.830808
177.894704	10.918438	-0.968713
177.883386	-3.228817	-2.936421
177.872068	20.970369	-1.267606
177.860750	-1.526958	-2.220219
177.849432	-1.244600	7.766301
177.838114	4.680080	1.931599
177.826796	6.216837	-22.285276
177.815479	11.109502	4.470507
177.804161	10.219348	-6.504971
177.792843	-2.147451	2.306772
177.781525	-4.589966	5.139180
177.770207	7.953994	12.606182
177.758889	8.890929	17.962231
177.747571	-4.422460	5.122796
177.736253	9.840762	-5.784742
177.724935	6.917099	1.746425
177.713617	3.048011	5.367690
177.702300	1.889652	-2.032306
177.690982	10.311356	9.761094
177.679664	2.278729	9.130980
177.668346	3.300530	-21.974003
177.657028	13.244972	-8.877271
177.645710	-1.218753	-10.951607
177.634392	-10.426245	-5.854015
177.623074	-10.544378	-1.701935
177.611756	-4.177166	2.117078
177.600439	6.896881	-2.792960
177.589121	5.008206	-8.796344
177.577803	-2.256216	-4.361776
177.566485	0.165856	4.384044
177.555167	-6.422572	-10.772361
177.543849	5.727876	-6.652133
177.532531	10.949990	15.154817
177.521213	13.598695	11.666103
177.509895	-1.297545	11.817422
177.498577	7.759723	-4.508781
177.487260	10.192955	-1.722074
177.475942	-6.053933	7.116418
177.464624	8.754313	-4.199794
177.453306	11.378368	2.122910
177.441988	7.502811	7.298121
177.430670	4.461150	6.477025
177.419352	4.706286	6.458059
177.408034	1.639603	6.086975
177.396716	-2.492567	-6.640115
177.385398	-8.262747	-1.719887
177.374081	-6.333060	-0.595761
177.362763	-7.581353	-6.773418
177.351445	-7.614332	4.563468
177.340127	7.967351	4.303147
177.328809	-14.234473	-11.114654
177.317491	4.053648	3.765372
177.306173	-4.102282	11.635129
177.294855	0.321345	10.659177
177.283537	-6.676986	-2.114399
177.272220	7.628894	-0.705862
177.260902	-12.070337	-10.160317
177.249584	12.239076	-2.556703
177.238266	3.630588	2.395027
177.226948	9.749251	-6.520268
177.215630	5.358711	2.145354
177.204312	-3.333681	0.382180
177.192994	0.163924	-3.842863
177.181676	-10.437341	-0.245708
177.170358	-3.584181	-1.088647
177.159041	7.444965	17.275642
177.147723	-1.641873	-3.785185
177.136405	4.348702	-5.964366
177.125087	7.982059	5.525070
177.113769	-3.234113	4.157405
177.102451	-6.834657	-8.656628
177.091133	13.125311	-2.835839
177.079815	5.953688	-4.390001
177.068497	-0.812379	0.745973
177.057179	-0.181007	-2.595719
177.045862	-9.271167	-4.849151
177.034544	-2.536660	6.042832
177.023226	7.051541	-16.407206
177.011908	10.844868	-3.684641
177.000590	-4.836598	9.481689
176.989272	-4.379571	-10.969072
176.977954	-15.783188	-10.831376
176.966636	5.765342	17.908274
176.955318	7.368179	9.306994
176.944001	0.842346	-3.711784
176.932683	4.103502	-12.013030
176.921365	4.859473	-11.567535
176.910047	-4.269578	2.871342
176.898729	-8.384552	-5.586716
176.887411	1.189738	13.265620
176.876093	-7.647072	-5.500511
176.864775	6.801005	-1.067333
176.853457	7.252534	-11.742501
176.842139	4.955740	4.274276
176.830822	3.142882	17.489050
176.819504	-11.850095	3.036519
176.808186	-2.906798	-2.106667
176.796868	11.710030	7.799902
176.785550	9.680622	1.289003
176.774232	0.450354	2.815008
176.762914	-5.521831	-16.695564
176.751596	-6.174368	-3.855594
176.740278	13.208025	-2.838616
176.728960	4.236723	1.864101
176.717643	-11.932762	18.357903
176.706325	5.887811	0.175478
176.695007	3.136352	-2.025822
176.683689	-1.654523	-14.761668
176.672371	8.107786	0.485988
176.661053	-0.868405	1.447656
176.649735	0.585102	-7.407265
176.638417	5.319737	-9.557575
176.627099	-7.865494	-4.533302
176.615781	0.441557	-0.408441
176.604464	-9.471858	6.930096
176.593146	-16.533167	-8.601432
176.581828	3.901042	16.910292
176.570510	1.343832	-1.385778
176.559192	9.840690	0.259254
176.547874	11.731068	-4.945978
176.536556	-2.681828	0.031531
176.525238	-0.494148	3.213167
176.513920	-14.859202	-0.703481
176.502603	7.563796	-0.577173
176.491285	10.201027	-2.269871
176.479967	2.604660	-1.824710
176.468649	-5.975881	3.646741
176.457331	1.339327	-13.783596
176.446013	11.250059	18.862024
176.434695	-5.229232	1.739824
176.423377	11.062517	-10.727099
176.412059	0.426652	8.315599
176.400741	-5.997487	-1.625228
176.389424	4.762045	-0.201597
176.378106	-1.253243	7.910606
176.366788	16.689537	1.870856
176.355470	-1.339342	3.404511
176.344152	7.772295	-12.126204
176.332834	7.910313	-11.787481
176.321516	7.079917	10.319573
176.310198	3.494399	9.047599
176.298880	-10.015589	-8.194023
176.287562	-14.222634	-2.705712
176.276245	11.817691	4.475711
176.264927	7.562973	3.197389
176.253609	0.601754	6.422800
176.242291	-4.592226	1.673757
176.230973	6.685267	4.281452
176.219655	9.436273	1.072201
176.208337	-2.844247	9.003888
176.197019	16.125763	1.533789
176.185701	-9.754969	-17.360950
176.174384	-0.632486	-7.224702
176.163066	3.510144	-2.599819
176.151748	2.482219	-1.959340
176.140430	13.753001	4.115470
176.129112	1.291504	-8.004886
176.117794	-1.511845	-12.420878
176.106476	-8.495090	5.440720
176.095158	3.820346	15.965784
176.083840	-5.696201	-3.710635
176.072522	-4.211545	-13.573945
176.061205	-1.519331	-9.439692
176.049887	23.494606	1.475149
176.038569	4.852587	10.587564
176.027251	-0.293178	14.710842
176.015933	3.577403	-11.835624
176.004615	-2.001025	-5.852964
175.993297	3.854254	-4.445254
175.981979	-2.672954	-0.056331
175.970661	1.335241	-0.903271
175.959343	-10.117282	-1.539067
175.948026	0.289043	-4.729780
175.936708	-6.118094	-2.677952
175.925390	-1.612476	5.540774
175.914072	3.217220	-14.139471
175.902754	-11.300659	1.603426
175.891436	-12.177444	3.347470
175.880118	-2.939394	-0.639482
175.868800	-1.875466	8.040429
175.857482	-1.430814	-10.100434
175.846165	-4.761296	-3.441223
175.834847	-6.172461	-0.871894
175.823529	-4.833042	2.095222
175.812211	-3.387201	-1.149714
175.800893	-5.380826	0.819832
175.789575	-7.716638	-5.304230
175.778257	12.924397	-19.140572
175.766939	5.829386	-8.012221
175.755621	7.141248	4.943387
175.744303	3.904332	5.198368
175.732986	-1.162053	-0.241993
175.721668	11.285236	-9.101425
175.710350	1.426212	-11.988011
175.699032	7.246884	-5.486149
175.687714	-0.424243	-9.962557
175.676396	7.744372	-8.819411
175.665078	-6.034595	-5.670314
175.653760	2.535842	-8.628726
175.642442	9.340948	7.529911
175.631124	-12.148400	-10.404985
175.619807	8.937703	-1.810301
175.608489	1.842286	-8.564474
175.597171	4.324456	-6.993639
175.585853	1.727014	-2.188471
175.574535	6.166266	2.199538
175.563217	7.555454	-8.215471
175.551899	-1.916524	2.863104
175.540581	-0.074056	-5.704223
175.529263	-4.226194	0.730114
175.517945	-11.391107	-4.739572
175.506628	10.524175	2.219245
175.495310	11.526372	-12.378955
175.483992	4.775937	0.288455
175.472674	-7.170533	-2.963622
175.461356	-2.197264	-1.495979
175.450038	-10.113771	-3.203852
175.438720	-3.512076	8.268605
175.427402	2.105333	-1.564154
175.416084	-0.608442	1.416615
175.404767	-0.719124	6.093543
175.393449	0.212785	17.727362
175.382131	-7.015406	-3.006105
175.370813	5.209883	5.974125
175.359495	-4.453265	-16.265856
175.348177	2.067508	4.786226
175.336859	-3.346418	10.922176
175.325541	7.300017	-17.121714
175.314223	4.137813	5.364082
175.302905	-2.503710	-0.314612
175.291588	-3.847152	-0.174302
175.280270	2.181624	-3.842780
175.268952	-15.859676	-5.873166
175.257634	11.739223	-10.625368
175.246316	8.542312	-6.327425
175.234998	2.733606	9.579117
175.223680	1.454432	-12.704213
175.212362	0.889721	0.302361
175.201044	1.463193	6.408004
175.189726	-4.088986	0.447962
175.178409	3.629165	4.423097
175.167091	4.539377	5.491195
175.155773	-6.448013	-3.632293
175.144455	-6.745402	-2.023268
175.133137	11.760884	-2.754656
175.121819	-13.239441	-3.809082
175.110501	5.135296	6.452554
175.099183	-11.928579	-0.036695
175.087865	3.305687	0.328574
175.076548	-0.049223	-7.477844
175.065230	-0.269110	3.713955
175.053912	-3.610891	2.912496
175.042594	3.608593	-0.175364
175.031276	-2.296349	3.918547
175.019958	5.254037	-8.237804
175.008640	-8.990850	-0.063273
174.997322	6.249336	-9.727327
174.986004	-6.177112	-6.418120
174.974686	-4.869865	-9.981789
174.963369	-9.792203	-3.837544
174.952051	11.132304	-3.291574
174.940733	-8.964898	9.435759
174.929415	-12.971771	-1.685326
174.918097	3.607869	7.254899
174.906779	9.489183	-14.833165
174.895461	-4.459707	-1.364995
174.884143	-5.477566	-6.909047
174.872825	4.871649	-13.527389
174.861507	9.530559	9.246044
174.850190	10.582236	-1.429019
174.838872	-7.912224	10.282393
174.827554	-8.502274	6.101052
174.816236	-13.788735	1.576019
174.804918	-8.288907	-6.185998
174.793600	-0.505334	2.227123
174.782282	5.727529	3.136070
174.770964	1.316904	-0.864298
174.759646	-4.398683	7.390340
174.748329	4.820026	-10.073029
174.737011	-0.541353	-17.715662
174.725693	-1.853310	-4.457302
174.714375	-2.032150	-3.511284
174.703057	3.800146	-7.467623
174.691739	-5.875515	-12.554117
174.680421	1.426631	-13.409693
174.669103	6.254381	-1.854882
174.657785	-5.304534	15.354920
174.646467	2.444886	-7.388568
174.635150	8.568058	-0.370116
174.623832	17.266052	-10.426516
174.612514	-10.984944	2.241433
174.601196	1.217551	3.291219
174.589878	-1.853541	-10.788342
174.578560	1.245804	-3.449571
174.567242	-4.791504	-5.418426
174.555924	12.132657	-4.850035
174.544606	-3.315392	-3.807635
174.533288	-5.231537	8.045940
174.521971	-8.380216	3.656599
174.510653	2.985607	1.591810
174.499335	6.432076	-4.896600
174.488017	1.500966	-2.222142
174.476699	-1.857852	9.255458
174.465381	-2.208165	-9.702934
174.454063	13.031572	-3.499574
174.442745	12.159787	3.781196
174.431427	-1.794770	7.698432
174.420109	-0.748484	0.894120
174.408792	-2.188134	2.052602
174.397474	-4.424684	-0.663477
174.386156	9.263074	3.214332
174.374838	-0.862702	-1.377481
174.363520	9.619095	12.482392
174.352202	-0.774155	8.433782
174.340884	6.446118	-7.887965
174.329566	-11.325222	-8.147691
174.318248	-4.955251	-3.473303
174.306931	-5.070760	-1.351206
174.295613	-4.518265	-12.754786
174.284295	-9.011785	-5.148212
174.272977	-5.294809	-4.852284
174.261659	0.796259	4.828973
174.250341	9.578550	-7.108755
174.239023	-12.933335	-7.980388
174.227705	-2.993057	-6.953127
174.216387	1.811763	6.730093
174.205069	-0.998353	-7.958284
174.193752	5.268337	6.456396
174.182434	-6.246674	-8.369724
174.171116	9.088504	-0.033621
174.159798	2.363213	-0.083240
174.148480	14.528099	7.386529
174.137162	1.121271	-3.122847
174.125844	-1.236617	1.742499
174.114526	-5.447203	6.559716
174.103208	5.668503	-11.539762
174.091890	10.172691	-0.911482
174.080573	8.277387	-8.118066
174.069255	-14.589820	1.377273
174.057937	-2.091470	-3.569704
174.046619	5.080911	-4.275349
174.035301	-6.908016	7.088979
174.023983	-1.308790	-4.962830
174.012665	-2.260619	3.007696
174.001347	4.626358	-9.015520
173.990029	18.566896	4.971477
173.978712	12.701581	12.177687
173.967394	6.260739	9.065392
173.956076	-11.895584	-12.547970
173.944758	4.399895	10.278811
173.933440	-0.611740	-14.850332
173.922122	11.125227	-3.124225
173.910804	17.408110	7.584204
173.899486	-10.908840	5.034587
173.888168	-4.636540	4.072045
173.876850	-0.579041	-4.445284
173.865533	10.509134	-7.826629
173.854215	3.700731	8.012106
173.842897	-2.861252	-3.783461
173.831579	-1.810462	1.249360
173.820261	-0.166590	5.517256
173.808943	-8.638604	4.666100
173.797625	4.517700	-8.086474
173.786307	-3.082548	4.971070
173.774989	-1.130512	0.872875
173.763671	-3.750366	-29.392008
173.752354	6.391416	6.026012
173.741036	-5.077031	-1.781164
173.729718	-9.407020	-4.335213
173.718400	11.388699	-4.730565
173.707082	-2.750684	0.808279
173.695764	-6.052371	-4.047701
173.684446	8.506644	-12.317538
173.673128	-2.126079	-1.636732
173.661810	-2.832748	-11.905263
173.650492	-1.628013	6.824884
173.639175	7.888480	13.896529
173.627857	2.988722	2.188433
173.616539	-3.141874	-3.654398
173.605221	-12.499707	5.951138
173.593903	-6.408924	-6.582539
173.582585	2.183773	2.721005
173.571267	9.996783	-2.316672
173.559949	6.008148	-6.136789
173.548631	7.555933	6.693069
173.537314	10.915273	-7.717746
173.525996	-4.663020	-3.631538
173.514678	6.401829	1.922482
173.503360	-8.685366	-9.282437
173.492042	-13.223756	6.002202
173.480724	-8.355808	-14.205597
173.469406	1.735444	1.301512
173.458088	-2.726684	10.283926
173.446770	-0.674981	0.749911
173.435452	1.124453	2.290243
173.424135	-5.011135	-9.411343
173.412817	4.928508	1.230161
173.401499	-9.771941	-3.782419
173.390181	3.172882	-4.287400
173.378863	6.893442	3.190717
173.367545	-5.222212	4.971762
173.356227	-11.004000	4.096274
173.344909	4.057895	2.543672
173.333591	-1.736972	-0.338078
173.322273	0.394577	2.909916
173.310956	-13.475723	13.808017
173.299638	14.168800	5.870863
173.288320	11.285306	0.005336
173.277002	10.563772	1.163161
173.265684	-0.121752	1.258898
173.254366	4.925115	6.092547
173.243048	-14.482052	4.620652
173.231730	2.300445	-5.049603
173.220412	-11.931399	-0.545549
173.209095	-0.636321	-6.590867
173.197777	3.432781	-12.909119
173.186459	16.101706	-6.890390
173.175141	2.376679	7.886958
173.163823	-12.383832	10.425706
173.152505	-2.683987	-13.843143
173.141187	8.769011	-5.001526
173.129869	0.605595	-0.113085
173.118551	4.639707	5.616910
173.107233	5.413305	1.467273
173.095916	-3.910020	-9.930559
173.084598	9.997221	-4.978693
173.073280	3.066953	-6.670544
173.061962	9.422234	6.654591
173.050644	-14.098258	1.531944
173.039326	6.517445	4.086333
173.028008	3.852128	-10.651603
173.016690	2.937131	-0.137038
173.005372	2.024469	3.291589
172.994054	0.182154	1.820200
172.982737	-0.152874	7.547536
172.971419	4.650391	-15.919164
172.960101	-5.480284	-1.650955
172.948783	3.791519	6.757895
172.937465	-8.872994	-12.621578
172.926147	1.895717	3.767576
172.914829	-2.620877	4.137432
172.903511	-7.028120	-5.522243
172.892193	-2.558800	3.246117
172.880876	3.191076	-8.496892
172.869558	-6.053054	10.060610
172.858240	-4.586505	-5.944696
172.846922	3.453435	8.799957
172.835604	13.074062	3.544100
172.824286	2.608009	7.145579
172.812968	-0.035116	-6.264341
172.801650	-10.572762	-9.256454
172.790332	-2.633708	0.332552
172.779014	-1.099122	-8.399849
172.767697	8.750275	-9.233650
172.756379	-0.323545	2.210452
172.745061	4.402977	-4.399790
172.733743	-3.586070	-9.774507
172.722425	-9.743116	-0.893802
172.711107	4.136881	-5.061374
172.699789	8.760336	0.667200
172.688471	-0.954445	1.333853
172.677153	-0.147053	-3.987490
172.665835	7.475585	2.551781
172.654518	-12.045506	1.385881
172.643200	0.826530	2.642395
172.631882	-11.133644	-2.288055
172.620564	-10.335880	-1.882060
172.609246	-2.520631	1.253112
172.597928	-7.848176	-11.725865
172.586610	4.670491	4.482769
172.575292	-0.427572	-6.023319
172.563974	-2.341733	-5.451303
172.552656	-6.194158	4.518754
172.541339	3.201361	1.735698
172.530021	1.307270	-3.282552
172.518703	-1.817691	5.068902
172.507385	-2.953038	0.800594
172.496067	3.668065	-1.187028
172.484749	-7.651154	12.926453
172.473431	5.234388	1.429035
172.462113	-10.300734	0.275172
172.450795	8.447697	-6.124209
172.439478	0.273295	5.767618
172.428160	-1.958981	-2.288721
172.416842	1.414071	-0.383003
172.405524	-1.492462	3.552431
172.394206	-3.117791	-2.734744
172.382888	15.080113	-2.094529
172.371570	-2.537218	-5.523799
172.360252	-13.099913	-9.078669
172.348934	6.476369	16.618671
172.337616	1.584701	-4.584830
172.326299	9.543756	2.448667
172.314981	2.981569	-1.922356
172.303663	-6.197886	0.141755
172.292345	2.159446	-3.644924
172.281027	0.050375	2.448072
172.269709	5.582375	2.407001
172.258391	4.342304	0.410877
172.247073	-10.957189	-12.326653
172.235755	7.559142	-4.218692
172.224437	-0.251110	-7.707817
172.213120	2.473414	-6.331435
172.201802	5.332149	-8.096334
172.190484	4.212841	-1.139370
172.179166	-1.917396	-0.647204
172.167848	-9.208775	-0.335023
172.156530	-3.068331	1.185871
172.145212	-1.872894	-7.291873
172.133894	-1.550962	-4.584044
172.122576	-3.087601	-4.987644
172.111259	-8.075544	0.070368
172.099941	8.701301	-9.444839
172.088623	-3.824994	-12.757291
172.077305	-4.651640	2.688412
172.065987	-10.145693	8.126082
172.054669	-4.793706	4.003470
172.043351	3.144249	-9.751410
172.032033	14.960924	1.044355
172.020715	3.091174	0.741425
172.009397	-2.304437	-2.564320
171.998080	-0.328207	-1.182419
171.986762	1.440620	-7.686346
171.975444	0.907146	-0.930064
171.964126	11.757385	9.356080
171.952808	-9.085290	-5.968286
171.941490	-0.389258	-3.427215
171.930172	9.344884	-0.850304
171.918854	-6.370557	3.876313
171.907536	4.948732	-7.112632
171.896218	-1.747624	-3.016959
171.884901	6.633642	-9.102001
171.873583	-11.088855	-0.510139
171.862265	5.653324	5.890717
171.850947	-5.783188	-4.768064
171.839629	5.477351	-1.739295
171.828311	0.245656	-4.717728
171.816993	4.182782	-4.814579
171.805675	-1.227577	7.821019
171.794357	19.691431	-5.156305
171.783040	-4.819693	-8.979539
171.771722	-6.049149	-0.582737
171.760404	0.267767	-1.161847
171.749086	1.365098	14.922054
171.737768	5.721311	-6.029237
171.726450	-5.752300	-3.006320
171.715132	-1.817113	-10.090043
171.703814	2.690867	-12.858080
171.692496	3.195807	-0.908733
171.681178	16.340239	3.123845
171.669861	-8.646248	-2.356403
171.658543	-4.528166	-3.042609
171.647225	-2.003887	-1.722733
171.635907	-0.690293	8.990785
171.624589	7.926991	2.763083
171.613271	8.693047	4.050798
171.601953	-5.563347	1.582010
171.590635	13.563991	-8.651758
171.579317	1.747276	1.100274
171.567999	11.492772	10.939897
171.556682	-0.484436	7.744198
171.545364	-0.396251	12.023484
171.534046	-0.269269	-1.842250
171.522728	6.916112	6.193512
171.511410	-3.529367	9.618800
171.500092	-2.718064	5.775645
171.488774	5.323138	-8.085786
171.477456	-2.121588	-10.734166
171.466138	-5.342222	-10.876357
171.454820	2.532102	0.206345
171.443503	-2.567417	-5.604611
171.432185	-11.285580	6.487731
171.420867	-1.818206	13.765983
171.409549	-2.674323	-4.416572
171.398231	-0.166218	15.326801
171.386913	-9.215630	-1.582053
171.375595	8.864401	5.060915
171.364277	1.353813	-5.821061
171.352959	-7.447676	-12.910520
171.341642	8.454927	-2.964401
171.330324	-0.373138	-5.954473
171.319006	10.333025	-7.951591
171.307688	-8.902304	-4.539876
171.296370	6.856648	-5.604751
171.285052	6.910957	-5.121492
171.273734	-6.817553	2.171851
171.262416	-1.355179	10.495249
171.251098	-4.229537	-8.086474
171.239780	-2.731705	-6.335376
171.228463	-0.332470	-2.127346
171.217145	-3.749330	-0.611516
171.205827	5.578253	-5.496509
171.194509	0.912664	-4.524177
171.183191	12.885398	2.851562
171.171873	-0.048422	0.381897
171.160555	-1.815546	-9.214716
171.149237	-12.493400	-3.847022
171.137919	-10.262547	-4.231031
171.126601	6.405280	5.960843
171.115284	-1.072383	6.054796
171.103966	7.949307	-0.825225
171.092648	-1.191398	10.909935
171.081330	-3.937559	-11.311729
171.070012	-4.926075	5.308626
171.058694	4.141047	-6.664591
171.047376	-11.737238	5.425772
171.036058	-4.344160	12.172915
171.024740	-9.573674	3.910063
171.013423	-1.590420	-7.862014
171.002105	5.000437	-2.506991
170.990787	11.044150	5.462039
170.979469	-4.828855	-3.583798
170.968151	10.210689	-14.087543
170.956833	8.909612	3.720901
170.945515	5.593163	-2.556987
170.934197	-10.113033	7.258241
170.922879	-5.883852	-4.063376
170.911561	-13.784360	-1.078548
170.900244	1.780100	4.044152
170.888926	-7.114533	6.742344
170.877608	0.639015	-2.146662
170.866290	2.567857	-0.741576
170.854972	-0.522358	-10.001831
170.843654	3.612386	-8.716043
170.832336	-0.930319	12.702863
170.821018	-2.622658	3.659969
170.809700	6.176857	8.246213
170.798382	-4.324389	-0.819261
170.787065	0.616557	-0.149462
170.775747	11.981209	4.908408
170.764429	-3.546999	3.856889
170.753111	-3.400430	1.889090
170.741793	-4.295113	4.930949
170.730475	-5.630989	-2.437404
170.719157	-0.881216	1.025008
170.707839	9.868277	-0.259272
170.696521	2.755938	12.890504
170.685204	6.450014	-0.541105
170.673886	2.215219	-10.491509
170.662568	-3.273720	-1.260103
170.651250	5.060985	-4.422307
170.639932	-3.454928	3.066916
170.628614	-1.098029	5.261171
170.617296	-3.587365	7.857032
170.605978	9.424801	7.761963
170.594660	14.955511	6.241955
170.583342	4.796557	-4.055071
170.572025	0.031872	-14.421885
170.560707	-0.164619	-6.199170
170.549389	-9.219261	-1.861262
170.538071	5.314905	2.203244
170.526753	-9.735846	-7.524610
170.515435	-7.302047	-9.632798
170.504117	-5.482331	-4.355583
170.492799	2.618638	6.984562
170.481481	5.684523	7.651933
170.470163	-11.040900	-10.426777
170.458846	-9.698908	-3.733141
170.447528	-11.891157	-4.692237
170.436210	5.390687	0.894501
170.424892	3.639186	-0.863158
170.413574	5.456073	11.553501
170.402256	-7.157427	4.787015
170.390938	-10.978388	-3.941182
170.379620	7.241056	15.679893
170.368302	-0.619399	-2.433494
170.356984	-5.053315	-2.901350
170.345667	2.344143	-3.264403
170.334349	-6.339733	-9.720281
170.323031	2.393756	3.954157
170.311713	4.328122	4.293846
170.300395	6.162263	7.881974
170.289077	-19.544086	-4.462717
170.277759	4.402701	-6.986955
170.266441	-7.671606	-0.036454
170.255123	-4.455350	-4.685432
170.243806	-3.498457	-11.244692
170.232488	-2.404656	-5.964131
170.221170	-0.873988	-4.803703
170.209852	2.669466	3.270416
170.198534	8.180341	7.609235
170.187216	-0.260179	2.722425
170.175898	-4.259641	-1.234668
170.164580	-0.036366	3.275903
170.153262	4.180255	-5.915582
170.141944	7.167034	-10.586386
170.130627	5.876276	2.480058
170.119309	-4.414359	-0.442000
170.107991	-14.659913	0.514099
170.096673	0.844625	-10.162389
170.085355	20.509596	13.743093
170.074037	4.582997	0.848521
170.062719	-11.675077	-11.934305
170.051401	15.479663	-7.071698
170.040083	-11.764321	-3.542086
170.028765	8.873072	-0.891602
170.017448	-3.821425	-0.836526
170.006130	10.919671	1.397005
169.994812	4.452019	-5.763867
169.983494	14.685496	-2.362229
169.972176	0.309370	-1.595658
169.960858	3.074655	-3.569587
169.949540	-9.403975	-2.097201
169.938222	4.927603	1.988519
169.926904	-4.816252	6.594543
169.915587	4.303222	1.448129
169.904269	8.694930	13.700126
169.892951	-2.292686	1.253710
169.881633	5.251865	2.665276
169.870315	-3.087071	0.616507
169.858997	3.878121	8.274316
169.847679	-4.497906	5.999791
169.836361	1.189795	10.854340
169.825043	-7.516016	-4.954002
169.813725	-8.679935	10.361695
169.802408	11.812567	-4.312062
169.791090	-2.646757	1.958026
169.779772	1.060886	-0.939929
169.768454	-6.733607	-10.002796
169.757136	11.567101	-1.711770
169.745818	4.960411	-13.809626
169.734500	11.195207	3.914222
169.723182	5.591948	1.055489
169.711864	8.192979	-4.698956
169.700546	6.810822	-7.301635
169.689229	6.757748	-9.139686
169.677911	-8.273522	9.743456
169.666593	-2.170261	-4.161102
169.655275	2.269683	-1.129681
169.643957	3.728360	-6.009406
169.632639	10.201570	-1.109470
169.621321	-1.145865	-1.211605
169.610003	-5.064063	6.832950
169.598685	-6.385757	-2.236741
169.587368	6.649761	3.159201
169.576050	7.431527	-8.181661
169.564732	0.705725	-0.092244
169.553414	9.114099	4.116448
169.542096	-11.680685	-8.649291
169.530778	-4.636220	-9.326446
169.519460	7.829895	1.095570
169.508142	-4.081586	9.975166
169.496824	-5.740642	8.597136
169.485506	-15.905465	-1.469952
169.474189	-3.307962	-8.220446
169.462871	18.265787	-5.179593
169.451553	10.716607	2.101331
169.440235	-0.074938	6.744600
169.428917	-5.572932	-8.499965
169.417599	-15.464820	-12.853946
169.406281	0.207690	-1.264975
169.394963	6.803050	-7.031734
169.383645	1.030601	4.299243
169.372327	-4.972784	-7.777277
169.361010	2.100265	-1.315467
169.349692	-5.022482	-1.325471
169.338374	-1.165367	7.827909
169.327056	12.105392	9.071579
169.315738	-8.140106	-2.324100
169.304420	-1.185317	0.952543
169.293102	3.439573	0.452671
169.281784	-8.699906	-5.103159
169.270466	1.939108	-2.857631
169.259148	10.603098	5.926535
169.247831	5.444009	5.595986
169.236513	-1.453816	-19.198694
169.225195	3.388758	-0.430205
169.213877	-9.590517	6.064627
169.202559	-3.080635	-0.069937
169.191241	-1.688327	2.077270
169.179923	-15.532835	-16.949728
169.168605	7.994956	2.815833
169.157287	7.210050	3.967170
169.145970	4.726158	-4.335775
169.134652	-4.279560	-1.413062
169.123334	0.062610	4.187956
169.112016	0.211096	-3.284326
169.100698	-1.377596	7.151136
169.089380	-3.549175	10.378517
169.078062	-6.654970	-6.023259
169.066744	-3.984282	-6.041176
169.055426	1.380076	-1.802675
169.044108	3.740599	-3.029438
169.032791	7.383211	1.384486
169.021473	0.904189	2.408942
169.010155	11.507905	7.390085
168.998837	-2.483240	-12.406271
168.987519	0.400606	0.009678
168.976201	1.364821	1.894243
168.964883	-8.446998	-7.359407
168.953565	0.054669	-5.412093
168.942247	3.929226	1.517826
168.930929	-11.278901	-10.053691
168.919612	5.269450	-0.821346
168.908294	-4.565640	-7.576046
168.896976	-1.200354	-3.192465
168.885658	10.940141	-9.524598
168.874340	2.608037	-0.550134
168.863022	1.735950	3.324093
168.851704	-6.001142	-10.519718
168.840386	-3.376686	-14.651834
168.829068	-2.129088	-5.124660
168.817751	8.688587	-12.475221
168.806433	3.139517	-3.059397
168.795115	-12.563696	4.196990
168.783797	0.042793	-0.979144
168.772479	5.690140	10.091684
168.761161	-17.726814	-1.026489
168.749843	0.346035	-7.110903
168.738525	-3.268843	-2.149559
168.727207	0.328333	1.249747
168.715889	3.302606	2.219295
168.704572	-1.417562	-8.814543
168.693254	-14.121337	11.686680
168.681936	2.034832	22.457338
168.670618	2.691880	-7.688067
168.659300	5.801086	-3.361694
168.647982	13.245325	5.292882
168.636664	-1.151635	-15.760225
168.625346	-5.987959	6.830345
168.614028	9.591534	8.914529
168.602710	3.425712	-2.594750
168.591393	9.651118	-6.501865
168.580075	0.500559	6.715885
168.568757	1.887272	-9.522321
168.557439	-3.959323	5.394581
168.546121	1.700704	2.348410
168.534803	18.669804	-10.902054
168.523485	-1.400453	9.997236
168.512167	-2.996315	1.062652
168.500849	2.606869	3.422943
168.489532	8.319875	9.203906
168.478214	0.646021	-3.501879
168.466896	-8.931107	2.474665
168.455578	2.045654	2.023750
168.444260	2.991036	-0.051147
168.432942	11.372988	-8.740175
168.421624	13.827765	5.138432
168.410306	0.919866	-2.304604
168.398988	-8.770837	-1.115402
168.387670	-2.383811	-2.602559
168.376353	8.877644	-20.048565
168.365035	2.789106	9.423841
168.353717	-10.493114	2.668427
168.342399	1.822969	-3.063893
168.331081	-4.868104	-3.217179
168.319763	-6.805493	3.210151
168.308445	4.537654	1.322110
168.297127	5.105277	-0.524376
168.285809	6.753669	-3.126256
168.274491	-1.823508	9.461686
168.263174	5.720255	5.477761
168.251856	5.228580	3.378203
168.240538	1.170528	12.234952
168.229220	-11.280677	-5.057131
168.217902	-4.027700	9.784790
168.206584	6.839090	-6.102898
168.195266	1.818580	13.392739
168.183948	2.115125	-9.385562
168.172630	-1.791155	-8.126758
168.161312	-4.196055	-7.599767
168.149995	10.413244	-9.962913
168.138677	-0.491029	2.260811
168.127359	-5.357499	-0.250891
168.116041	-13.092818	-2.469700
168.104723	10.146501	-0.378121
168.093405	5.064435	-0.299640
168.082087	13.761953	4.769307
168.070769	-0.182500	-3.091126
168.059451	2.723481	-1.513844
168.048134	-6.898684	-3.540119
168.036816	9.278825	2.756729
168.025498	2.369089	-2.612900
168.014180	2.860890	3.229950
168.002862	2.591949	-4.870019
167.991544	4.401336	5.344180
167.980226	5.464509	-0.340262
167.968908	0.344928	-8.172510
167.957590	-6.651034	7.307197
167.946272	8.370910	-8.211166
167.934955	-0.487720	-2.785890
167.923637	0.514349	6.448512
167.912319	-4.353297	-8.189306
167.901001	3.511424	-2.335952
167.889683	-0.817229	1.244108
167.878365	-3.728777	3.313101
167.867047	-3.925903	-2.849792
167.855729	11.986908	-11.202732
167.844411	0.966371	18.430508
167.833093	-0.856000	-2.962417
167.821776	6.962938	10.613061
167.810458	13.428822	-6.184613
167.799140	10.006039	0.173593
167.787822	7.597637	-7.603979
167.776504	-3.910027	-8.117651
167.765186	-5.872940	-1.488352
167.753868	4.389262	-5.904186
167.742550	12.478387	-0.807086
167.731232	1.537580	2.212530
167.719915	0.369918	-7.612856
167.708597	3.347964	-6.056318
167.697279	2.842051	4.263897
167.685961	6.350826	-7.692945
167.674643	-1.913570	-0.166430
167.663325	-1.616573	1.990524
167.652007	-11.330504	-1.473585
167.640689	6.134186	-7.231537
167.629371	5.907875	5.034542
167.618053	10.207212	-6.076328
167.606736	1.691615	14.000233
167.595418	5.981124	0.543388
167.584100	-8.669537	-3.024010
167.572782	-5.098547	2.315610
167.561464	11.429782	8.248500
167.550146	-0.851943	2.418217
167.538828	-7.919758	12.536750
167.527510	-7.052862	-3.344768
167.516192	1.314564	-2.503687
167.504874	-1.942460	0.383534
167.493557	-2.635436	4.197502
167.482239	-0.773650	-6.012754
167.470921	2.423932	-2.383413
167.459603	-8.747805	6.062335
167.448285	9.509520	4.311476
167.436967	7.472407	19.307453
167.425649	6.647307	-5.284496
167.414331	4.506966	-8.596695
167.403013	3.326895	-4.076556
167.391696	2.345657	1.184470
167.380378	-1.195397	-5.663391
167.369060	-3.914099	0.612944
167.357742	-9.027914	-3.810593
167.346424	-4.517679	0.914917
167.335106	13.311894	2.585608
167.323788	-0.935865	0.494413
167.312470	-0.436685	-5.700350
167.301152	3.158248	0.631484
167.289834	-0.704379	0.298976
167.278517	-9.602030	-1.835800
167.267199	10.780041	3.154718
167.255881	7.564929	11.003406
167.244563	-7.247798	-2.592093
167.233245	0.660557	-2.854832
167.221927	4.437572	-1.122301
167.210609	4.185399	2.258322
167.199291	-1.878202	5.852938
167.187973	-12.006855	-2.718688
167.176655	-3.967525	-14.490179
167.165338	7.628327	-3.288568
167.154020	1.963406	1.478732
167.142702	2.536674	-2.045769
167.131384	-3.813827	2.152491
167.120066	-8.788865	-6.018233
167.108748	1.408870	-2.714378
167.097430	6.629281	-1.757287
167.086112	-3.046071	0.272022
167.074794	2.118710	-6.345576
167.063476	4.551318	-7.013503
167.052159	-11.872187	-7.027271
167.040841	3.619414	-1.860750
167.029523	1.266104	0.987655
167.018205	-7.329185	-3.701852
167.006887	-5.724374	-0.903377
166.995569	6.886060	12.592217
166.984251	11.356290	5.060285
166.972933	-5.583505	-8.138354
166.961615	5.893644	-8.293593
166.950298	-7.527656	1.066623
166.938980	11.855477	-5.563876
166.927662	-5.493323	5.569838
166.916344	4.058643	2.171690
166.905026	-22.046150	-10.090148
166.893708	1.729604	0.521244
166.882390	-3.014150	1.554386
166.871072	8.322796	14.763371
166.859754	3.813993	7.168279
166.848436	-1.593559	-1.696739
166.837119	4.664350	9.054531
166.825801	-1.475538	-7.276110
166.814483	1.743861	-0.058998
166.803165	4.484999	-4.546818
166.791847	-9.967070	6.966012
166.780529	-0.718223	-0.043185
166.769211	8.651736	-2.774664
166.757893	-4.793665	7.253295
166.746575	5.048910	3.355716
166.735257	-9.122346	-1.320410
166.723940	-8.025054	12.084729
166.712622	3.027901	-5.926893
166.701304	6.492538	-1.286242
166.689986	1.017312	7.261009
166.678668	-0.773781	3.958613
166.667350	-9.396199	-5.451838
166.656032	-1.360919	-12.363558
166.644714	4.419989	-1.285281
166.633396	0.961832	9.592549
166.622079	6.318075	-8.749978
166.610761	-2.210772	-10.427811
166.599443	-7.752563	-4.524895
166.588125	-8.721424	3.218156
166.576807	-4.568583	5.898122
166.565489	-7.814900	-1.179722
166.554171	12.941595	-9.924579
166.542853	4.344484	-5.355355
166.531535	9.307270	4.056713
166.520217	5.044256	-11.749950
166.508900	1.391299	-4.066238
166.497582	-3.425683	-7.356397
166.486264	4.688883	3.793565
166.474946	-3.625034	-2.958200
166.463628	1.508674	15.635387
166.452310	-0.318894	4.080367
166.440992	4.293426	-4.857304
166.429674	-3.930071	-0.646914
166.418356	10.873710	-2.119414
166.407038	9.024497	5.747046
166.395721	2.881285	-10.851124
166.384403	-2.740026	2.950637
166.373085	9.819340	-10.254291
166.361767	3.005990	-12.312080
166.350449	-8.224238	8.985102
166.339131	6.073068	3.440426
166.327813	7.006857	-5.737823
166.316495	-0.282403	-9.346686
166.305177	9.784999	-9.995828
166.293859	2.396808	1.909579
166.282542	4.926802	4.421653
166.271224	-0.587678	16.806177
166.259906	6.665400	-6.165012
166.248588	-5.612365	4.096830
166.237270	-0.956067	6.600754
166.225952	-10.053162	-8.404758
166.214634	-5.470350	-14.599280
166.203316	-1.600216	-6.381151
166.191998	2.080855	1.802493
166.180681	3.704101	11.458023
166.169363	-14.340312	14.292565
166.158045	-8.329261	-5.250550
166.146727	-14.782057	4.814043
166.135409	-16.485437	-8.157806
166.124091	-5.115090	3.707703
166.112773	-3.465558	-4.988462
166.101455	-8.007471	3.412249
166.090137	-0.464689	3.463760
166.078819	2.033136	4.494043
166.067502	-6.946031	14.482192
166.056184	-9.705269	2.148825
166.044866	-11.287254	0.002789
166.033548	3.354804	-11.541290
166.022230	9.081731	14.447392
166.010912	-10.550658	-0.258298
165.999594	-1.761305	1.407237
165.988276	-6.652990	-4.448302
165.976958	1.510903	1.357700
165.965640	5.006176	4.269907
165.954323	6.118788	3.794838
165.943005	-9.685040	-7.371672
165.931687	8.474002	9.531202
165.920369	5.866736	0.869061
165.909051	-1.191278	-6.802648
165.897733	3.353534	15.213284
165.886415	-0.714780	14.390523
165.875097	6.169903	-16.533043
165.863779	-9.409476	5.116053
165.852462	14.833559	-10.013122
165.841144	-8.020242	5.293059
165.829826	4.036823	-13.702199
165.818508	-10.445045	-1.899986
165.807190	-0.405295	-9.334151
165.795872	3.412302	-8.180050
165.784554	3.060521	-1.736606
165.773236	6.747012	8.607339
165.761918	18.297752	-11.673867
165.750600	2.753461	-7.917113
165.739283	5.945892	0.173661
165.727965	0.097750	-1.776289
165.716647	-1.688637	0.877593
165.705329	-4.046306	12.140801
165.694011	10.678423	-11.219398
165.682693	5.355486	-4.399189
165.671375	6.458223	-1.174821
165.660057	-9.494277	15.545516
165.648739	-0.758004	20.829168
165.637421	3.579718	-2.060622
165.626104	-3.255712	4.717972
165.614786	1.357223	3.563866
165.603468	12.462125	2.185614
165.592150	-2.431068	11.035675
165.580832	0.406362	0.732878
165.569514	-10.676221	-4.901251
165.558196	3.865257	3.908833
165.546878	-3.675775	-3.760745
165.535560	8.883334	-2.781472
165.524243	-1.860649	4.188635
165.512925	-6.979439	-13.934078
165.501607	-1.880906	-0.701457
165.490289	8.259836	-8.934759
165.478971	-10.051446	-6.628164
165.467653	5.700000	-7.708187
165.456335	-4.724695	-5.761969
165.445017	-1.661355	-4.023307
165.433699	0.511013	1.417145
165.422381	-13.535623	2.960657
165.411064	-11.967136	1.321301
165.399746	1.725604	1.237916
165.388428	2.393596	-1.751308
165.377110	6.481305	0.797605
165.365792	-2.441071	-4.356712
165.354474	-1.939909	4.863972
165.343156	6.243750	9.879664
165.331838	-10.379664	16.256392
165.320520	2.771245	-3.492840
165.309202	-6.196258	6.742159
165.297885	-3.688263	-4.294184
165.286567	3.063393	4.992813
165.275249	-0.700544	1.818273
165.263931	-2.104418	-8.095579
165.252613	-10.754482	-7.195043
165.241295	-13.171359	6.091828
165.229977	-3.769064	-0.893866
165.218659	3.023755	-5.113317
165.207341	4.917127	-2.516202
165.196023	-5.117901	-1.145243
165.184706	7.822750	-6.716784
165.173388	-6.449883	1.788664
165.162070	-1.843987	-0.850779
165.150752	8.279299	3.364007
165.139434	4.049111	-5.582372
165.128116	-21.685970	12.557926
165.116798	-11.453479	-3.593189
165.105480	5.686876	-10.014725
165.094162	-5.328572	6.571085
165.082845	-0.932165	0.861438
165.071527	3.302436	7.550057
165.060209	-2.222242	5.986012
165.048891	-4.844010	-12.460917
165.037573	4.368906	-1.699831
165.026255	2.523422	8.024560
165.014937	-7.098172	-4.322139
165.003619	-5.560874	0.068812
164.992301	-11.698737	-2.595837
164.980983	6.043490	6.866830
164.969666	1.601938	5.944009
164.958348	-9.967052	-7.463338
164.947030	-4.717260	1.754194
164.935712	-3.057869	10.514634
164.924394	0.911138	6.680254
164.913076	8.737366	6.274420
164.901758	-1.678091	0.648539
164.890440	10.859177	5.008526
164.879122	1.967826	-13.423963
164.867804	13.887912	-5.059875
164.856487	2.297492	11.863167
164.845169	6.493670	-6.536396
164.833851	11.388254	0.177220
164.822533	3.396776	-1.058060
164.811215	13.484451	-5.857794
164.799897	0.621314	2.152478
164.788579	11.717963	-8.127642
164.777261	7.535596	-1.264909
164.765943	-6.864505	-6.883803
164.754626	17.453779	5.654181
164.743308	8.955813	-0.103988
164.731990	-5.292396	-8.216819
164.720672	2.849924	-5.640292
164.709354	1.416180	5.869780
164.698036	9.321190	1.564245
164.686718	-4.777402	-6.917238
164.675400	-0.363177	8.269052
164.664082	6.119106	-3.472214
164.652764	5.154558	6.592776
164.641447	6.200271	1.537377
164.630129	5.094453	9.839829
164.618811	-9.199018	-7.531590
164.607493	0.376753	-14.581374
164.596175	-8.369803	-6.860274
164.584857	3.278837	6.370307
164.573539	-1.381130	7.701635
164.562221	7.038107	9.452066
164.550903	-6.495749	-1.663563
164.539585	-3.029099	8.166436
164.528268	0.443464	5.497941
164.516950	-10.873224	7.004685
164.505632	-3.540185	4.844385
164.494314	-17.611681	12.528559
164.482996	6.530210	3.021169
164.471678	-13.283113	-6.178002
164.460360	1.020315	1.174068
164.449042	5.545475	2.581189
164.437724	-1.174678	0.366982
164.426407	3.811346	-1.342569
164.415089	-3.525306	2.276165
164.403771	3.371693	4.868108
164.392453	-6.075525	-1.182144
164.381135	-4.647673	5.740005
164.369817	1.911068	-2.835593
164.358499	0.197127	-5.184623
164.347181	-2.163677	-4.257894
164.335863	1.624482	5.345187
164.324545	-1.112857	-3.173628
164.313228	0.638660	-5.842841
164.301910	11.762663	-7.958840
164.290592	5.624451	-2.590287
164.279274	7.588638	5.142090
164.267956	5.763036	-5.637671
164.256638	14.734273	-8.486432
164.245320	12.525135	-9.407833
164.234002	-1.796259	-0.539111
164.222684	11.150614	6.053969
164.211366	-9.184870	-7.036351
164.200049	4.698788	0.329154
164.188731	9.944913	2.165976
164.177413	0.756602	-3.062120
164.166095	-1.352742	-3.192517
164.154777	3.791988	-2.780085
164.143459	-10.475833	-1.950328
164.132141	-2.562327	-5.179395
164.120823	14.082654	18.852844
164.109505	-11.202059	4.649959
164.098187	-0.988297	-13.064425
164.086870	-1.615722	-10.888522
164.075552	4.206476	-1.041591
164.064234	9.323920	5.357860
164.052916	-4.486919	6.459364
164.041598	8.332790	4.947524
164.030280	-7.296651	-9.007171
164.018962	9.467003	-0.684728
164.007644	0.578007	1.895366
163.996326	3.631596	-1.094466
163.985009	-1.190418	-12.372477
163.973691	-1.758123	-8.039670
163.962373	2.391421	-5.177147
163.951055	6.853470	-0.569499
163.939737	3.816969	-7.299313
163.928419	-3.068990	9.503583
163.917101	0.528022	-8.533518
163.905783	1.172798	4.049162
163.894465	-7.532506	1.564109
163.883147	-3.153277	9.373599
163.871830	-0.225389	-5.416445
163.860512	5.352925	-10.037921
163.849194	-2.444993	4.649808
163.837876	7.005657	3.146365
163.826558	-16.018171	-2.100441
163.815240	-7.854132	-13.394120
163.803922	0.237649	0.188361
163.792604	9.573396	-5.361895
163.781286	5.847520	11.887086
163.769968	3.059203	4.880389
163.758651	-12.672445	5.134169
163.747333	-7.652158	-3.534990
163.736015	-6.385287	-1.708114
163.724697	-1.862901	-4.858468
163.713379	-10.898881	-3.247462
163.702061	10.832005	-1.304873
163.690743	-7.021401	7.918627
163.679425	-1.067294	-14.815692
163.668107	-0.849023	11.526178
163.656790	-0.922812	10.776169
163.645472	-1.658089	-9.285405
163.634154	-0.446499	-3.912961
163.622836	13.522330	-1.364588
163.611518	5.946957	-3.877575
163.600200	-6.821904	2.481765
163.588882	-11.984038	-8.898343
163.577564	11.249557	-2.003330
163.566246	-5.060884	-8.953774
163.554928	-0.450990	8.866138
163.543611	14.022500	-7.680686
163.532293	0.075973	-4.291630
163.520975	-13.279816	-2.920613
163.509657	-6.744501	1.207755
163.498339	2.924374	-8.044107
163.487021	6.023162	-0.495081
163.475703	8.142421	-4.061904
163.464385	1.724721	-5.607764
163.453067	-4.084133	-13.382311
163.441749	-7.289313	-3.141700
163.430432	5.260074	4.136863
163.419114	4.957365	-7.865413
163.407796	-1.019950	-5.118736
163.396478	5.029387	-16.715134
163.385160	6.345782	3.420674
163.373842	2.802601	0.302655
163.362524	-5.657402	3.267509
163.351206	-3.232622	-4.138573
163.339888	-10.819016	-0.234124
163.328571	-1.094705	-1.675326
163.317253	5.278966	-5.609264
163.305935	-8.681365	3.830092
163.294617	2.861208	-3.521324
163.283299	-13.934378	-14.726240
163.271981	18.714832	3.271646
163.260663	0.508380	4.593880
163.249345	-7.494792	3.915000
163.238027	-10.015500	4.908760
163.226709	-9.893104	-4.538383
163.215392	-6.664514	-1.086061
163.204074	-2.190742	-2.090072
163.192756	-0.604157	5.844317
163.181438	3.024422	12.755790
163.170120	-6.946607	-3.004824
163.158802	8.516934	-1.649799
163.147484	1.747938	-7.052133
163.136166	-11.505830	-0.692369
163.124848	-5.042064	-1.242487
163.113530	-14.915431	-5.803455
163.102213	-13.883002	-8.473819
163.090895	-1.178496	-6.435404
163.079577	-13.525459	9.024932
163.068259	-3.235477	-5.946445
163.056941	-5.594481	-5.539362
163.045623	-5.724659	0.324780
163.034305	-4.869410	15.333259
163.022987	-0.521899	7.692523
163.011669	1.543187	-2.603891
163.000351	-11.160568	12.062409
162.989034	3.638609	4.534554
162.977716	-0.639090	-15.746927
162.966398	-10.544555	1.794617
162.955080	9.326169	2.919964
162.943762	-0.353845	-6.107198
162.932444	-7.616516	-7.320322
162.921126	-4.783417	-2.180096
162.909808	7.878760	2.374408
162.898490	-16.007118	-0.527367
162.887173	-0.091435	-6.065139
162.875855	-4.247716	-12.034429
162.864537	7.587911	-5.769978
162.853219	16.722708	0.392648
162.841901	-6.124015	-0.149284
162.830583	10.797716	4.472789
162.819265	-4.478467	-15.496471
162.807947	9.021418	7.826328
162.796629	1.052480	7.833473
162.785311	5.782729	3.735318
162.773994	6.041282	-0.514999
162.762676	5.338309	-6.910064
162.751358	1.815425	5.992899
162.740040	0.946495	-4.752355
162.728722	6.325355	3.434645
162.717404	-0.914427	-7.159201
162.706086	6.192180	-1.092092
162.694768	-6.750776	-3.711088
162.683450	7.646883	4.335576
162.672132	-6.952533	-1.015803
162.660815	-4.940020	-20.389893
162.649497	-2.347882	-3.159999
162.638179	5.234070	-1.392320
162.626861	2.014130	9.736557
162.615543	-1.769033	6.494089
162.604225	5.535810	-1.727183
162.592907	-4.602951	1.353765
162.581589	0.550333	5.029444
162.570271	7.404092	5.450281
162.558954	-5.584981	-4.720643
162.547636	5.444797	10.551483
162.536318	-4.622350	-3.016101
162.525000	-4.217470	2.434315
162.513682	-0.444784	9.003200
162.502364	-2.081700	1.774924
162.491046	-11.433905	1.161877
162.479728	-1.011450	-4.932287
162.468410	9.679083	1.134756
162.457092	-1.482549	-7.001148
162.445775	-0.080191	3.071082
162.434457	-0.515039	3.685211
162.423139	4.502467	-14.389332
162.411821	7.586570	-5.670127
162.400503	7.037017	1.469597
162.389185	1.705352	5.414119
162.377867	15.023499	-3.375524
162.366549	4.241224	-1.768022
162.355231	4.353887	-5.890082
162.343913	7.326765	6.708640
162.332596	1.965955	5.073876
162.321278	-16.421410	6.446253
162.309960	-7.900821	-5.561357
162.298642	4.850274	-8.217897
162.287324	7.360370	7.406919
162.276006	2.186244	6.861487
162.264688	1.193729	-0.542797
162.253370	-3.681856	-9.296436
162.242052	8.024256	5.247332
162.230735	9.169384	10.264033
162.219417	-4.671437	5.960277
162.208099	5.700904	-8.039909
162.196781	-2.877875	12.544147
162.185463	2.310485	0.574565
162.174145	0.829227	3.713001
162.162827	10.066298	-1.963371
162.151509	13.519662	-8.746232
162.140191	8.206794	2.557495
162.128873	-2.539691	-0.413006
162.117556	-1.395067	-8.072633
162.106238	-5.290236	5.121634
162.094920	8.089181	-1.537763
162.083602	-11.493635	-9.702410
162.072284	-6.735573	3.707905
162.060966	-19.437733	3.833994
162.049648	7.066376	-1.625745
162.038330	-3.908842	6.975469
162.027012	8.575127	-0.018226
162.015694	-5.877870	-1.969278
162.004377	-4.864792	-1.131303
161.993059	-3.197841	-2.029947
161.981741	-8.914730	3.136883
161.970423	-1.576678	3.078195
161.959105	-3.096206	-2.542129
161.947787	8.343681	-6.908066
161.936469	4.628994	5.619938
161.925151	8.508386	6.894883
161.913833	2.555989	-13.723075
161.902515	-3.230416	-9.056708
161.891198	0.209065	-7.112690
161.879880	3.970971	-0.812394
161.868562	2.327471	-0.669516
161.857244	11.009149	-1.751267
161.845926	0.131841	-5.662830
161.834608	-3.135978	-5.297947
161.823290	-2.300344	-7.053469
161.811972	-6.665504	-5.367778
161.800654	-5.368005	8.625398
161.789337	-5.529975	-0.811250
161.778019	-9.255844	-10.368192
161.766701	-10.359804	-3.276417
161.755383	-3.528035	-1.867533
161.744065	-2.459715	2.855131
161.732747	3.168664	-0.751640
161.721429	6.253604	1.567060
161.710111	4.653048	11.815787
161.698793	-14.254501	-6.980430
161.687475	-1.787836	-7.208038
161.676158	6.897078	-0.898201
161.664840	-5.460944	-5.565681
161.653522	-3.779963	-1.996694
161.642204	-0.399871	4.346257
161.630886	2.738380	-2.997324
161.619568	-7.746279	1.333137
161.608250	9.684141	3.283602
161.596932	3.698621	9.748546
161.585614	4.431420	2.692622
161.574296	-5.968688	1.303181
161.562979	2.228041	-5.406049
161.551661	3.433624	9.140521
161.540343	3.830591	5.360795
161.529025	-6.764431	5.449995
161.517707	-3.541370	0.783373
161.506389	-1.991107	-1.158106
161.495071	-4.966248	-2.358547
161.483753	-3.396759	-0.035296
161.472435	7.217684	8.670213
161.461118	-2.231355	-0.872390
161.449800	-5.027401	-6.535242
161.438482	-9.643726	-6.544531
161.427164	1.770903	1.718609
161.415846	-0.883012	1.885618
161.404528	0.654247	8.159343
161.393210	-8.100177	3.748276
161.381892	11.216129	2.414407
161.370574	5.038304	-0.862173
161.359256	-12.371969	-3.297336
161.347939	13.000456	-7.329997
161.336621	5.312033	-3.289442
161.325303	-0.608945	-4.124018
161.313985	16.788668	-4.841765
161.302667	0.347814	9.163386
161.291349	-0.092553	4.532544
161.280031	4.030039	-1.304116
161.268713	0.827502	-1.004599
161.257395	0.323623	-3.353638
161.246077	4.159714	6.015090
161.234760	-4.930666	1.410600
161.223442	14.874780	-6.398924
161.212124	-6.099835	-0.782266
161.200806	3.000601	5.061818
161.189488	-5.067430	-1.314518
161.178170	-1.156848	0.312258
161.166852	-7.812333	-2.896148
161.155534	10.871670	-0.666921
161.144216	11.020922	8.312837
161.132899	-12.575162	16.016605
161.121581	-6.087169	-1.599314
161.110263	0.347538	3.815733
161.098945	-2.975142	1.101145
161.087627	-2.746266	5.475937
161.076309	12.319194	16.022707
161.064991	9.384746	4.649923
161.053673	-1.312118	3.488442
161.042355	-3.972154	0.971518
161.031037	-0.100539	4.974319
161.019720	-0.521751	1.838597
161.008402	6.032151	11.034550
160.997084	-2.874416	13.836337
160.985766	-3.166219	-11.710274
160.974448	6.005650	-11.930804
160.963130	6.813154	-6.680443
160.951812	-6.450473	2.498705
160.940494	-9.906767	-0.114448
160.929176	2.123611	-3.408238
160.917858	3.888472	0.473990
160.906541	1.197890	7.582850
160.895223	-5.656874	-7.793053
160.883905	-16.796593	-5.848294
160.872587	-1.728851	-10.820048
160.861269	7.210782	-1.060128
160.849951	-3.432423	8.818714
160.838633	5.588597	6.954039
160.827315	2.666252	-3.714369
160.815997	1.328537	-8.224523
160.804679	13.578860	2.379279
160.793362	-11.898129	-8.043518
160.782044	-8.513778	-0.864861
160.770726	-4.830375	-22.228823
160.759408	-1.298664	-14.507606
160.748090	-2.333119	-9.385714
160.736772	2.855538	-10.192243
160.725454	1.714920	8.015451
160.714136	0.046430	6.299826
160.702818	4.375641	-6.002413
160.691501	3.160627	-2.404436
160.680183	3.653252	2.192852
160.668865	-1.030782	5.663414
160.657547	-3.041325	-1.655110
160.646229	4.151034	-8.582355
160.634911	5.520394	-11.750746
160.623593	8.193351	7.069346
160.612275	5.301450	-4.631485
160.600957	3.379433	-6.131418
160.589639	-2.959339	6.481919
160.578322	-1.619976	-2.607016
160.567004	-0.401684	-0.309979
160.555686	4.951226	2.580911
160.544368	-3.736959	0.779123
160.533050	-8.571599	-7.569944
160.521732	-3.641101	-4.291641
160.510414	-1.406159	2.104220
160.499096	0.688569	5.913229
160.487778	0.531099	1.571690
160.476460	3.141840	-1.370493
160.465143	2.131490	-4.403657
160.453825	2.368660	5.059392
160.442507	3.100530	-2.712470
160.431189	-7.901846	-3.004830
160.419871	1.428099	-5.477508
160.408553	-10.380258	3.284789
160.397235	1.925761	-1.945228
160.385917	7.524116	8.062061
160.374599	3.151724	0.798013
160.363282	-5.365404	-15.114285
160.351964	-0.334833	2.907413
160.340646	-6.112465	11.704546
160.329328	2.609529	1.078395
160.318010	-2.842284	1.323596
160.306692	-9.492908	-6.785133
160.295374	8.184344	1.650242
160.284056	-10.137506	-4.212082
160.272738	18.594564	-10.413480
160.261420	2.460901	-0.205674
160.250103	2.761901	-15.772311
160.238785	11.050303	-4.669223
160.227467	-6.303270	-10.430136
160.216149	17.224384	2.324955
160.204831	-7.824449	6.242169
160.193513	-0.444962	-6.926615
160.182195	-4.010984	2.062011
160.170877	-3.903853	0.191890
160.159559	-3.271567	-1.867429
160.148241	0.810196	16.083313
160.136924	1.106958	0.109040
160.125606	7.852172	-0.707413
160.114288	7.112835	8.277266
160.102970	-2.180586	2.855067
160.091652	-5.975949	-13.765168
160.080334	5.022981	-9.992650
160.069016	2.055585	2.126269
160.057698	7.023577	-5.511830
160.046380	-4.594329	7.179253
160.035063	1.194037	1.084431
160.023745	16.192839	-4.006214
160.012427	-3.185121	-10.033615
160.001109	-0.151471	-1.521445
159.989791	-1.986790	4.464558
159.978473	4.543172	10.802385
159.967155	6.559841	-6.359875
159.955837	9.471960	-5.233274
159.944519	6.001041	4.882379
159.933201	12.910268	9.954475
159.921884	0.798854	-9.454400
159.910566	-8.836008	-9.105522
159.899248	-0.241225	-6.942441
159.887930	-2.506611	-2.878056
159.876612	-8.482668	-9.396827
159.865294	9.360097	3.806794
159.853976	5.515983	-12.470562
159.842658	5.832968	-1.159769
159.831340	-4.314085	-13.081164
159.820022	5.636295	-0.070622
159.808705	-9.249119	-5.182983
159.797387	10.374226	-0.534542
159.786069	-14.071004	-4.340889
159.774751	-5.869450	5.351115
159.763433	6.800960	-2.161365
159.752115	-6.410275	-4.803812
159.740797	8.752999	-11.617844
159.729479	15.293914	3.900908
159.718161	-6.022501	0.188767
159.706843	0.697664	1.323405
159.695526	-4.095575	9.303392
159.684208	7.034480	-12.279202
159.672890	-8.442253	1.203628
159.661572	-5.963090	-6.600250
159.650254	14.562443	-2.275415
159.638936	20.411385	-7.682794
159.627618	-2.414486	-16.782398
159.616300	-1.505102	-0.040508
159.604982	4.658194	-0.910655
159.593665	6.329866	-3.081498
159.582347	15.096817	3.759228
159.571029	6.779471	-0.862080
159.559711	5.949769	5.338614
159.548393	-5.102541	3.395569
159.537075	-2.932427	-3.354187
159.525757	-7.915318	7.069329
159.514439	0.570986	9.499373
159.503121	-8.084469	-8.446901
159.491803	-9.521168	-12.769736
159.480486	4.160032	8.424666
159.469168	-1.698897	-3.220130
159.457850	-4.657305	-8.384749
159.446532	7.036193	-8.339512
159.435214	8.933895	-2.186749
159.423896	-2.589055	6.146766
159.412578	6.901377	6.800980
159.401260	7.447688	-14.121322
159.389942	-9.186032	-6.032040
159.378624	5.870842	-12.432365
159.367307	-1.328305	-5.387056
159.355989	-9.525867	-0.683037
159.344671	-3.966440	-0.147362
159.333353	-8.074114	-5.239244
159.322035	10.501687	-11.952601
159.310717	-4.422933	-5.960292
159.299399	1.044604	-4.133300
159.288081	-1.975908	-3.657938
159.276763	-1.889622	-12.019112
159.265446	3.263007	-4.469799
159.254128	10.289962	9.385530
159.242810	-11.619552	-6.098201
159.231492	-14.209216	3.914302
159.220174	-4.935246	4.471918
159.208856	0.549050	-3.057732
159.197538	-7.447732	-1.717826
159.186220	-7.085986	-4.471717
159.174902	-1.645047	2.029740
159.163584	-8.849941	-10.040848
159.152267	-1.769159	-3.611464
159.140949	-13.859382	-3.175900
159.129631	8.903582	16.202368
159.118313	-4.732211	5.609682
159.106995	3.800196	-12.504512
159.095677	0.312015	-1.663762
159.084359	-0.445056	3.417038
159.073041	7.307765	3.216209
159.061723	-3.875079	-7.034770
159.050405	2.809826	3.212445
159.039088	2.769615	-7.993890
159.027770	7.829189	-6.929840
159.016452	6.066953	-1.122895
159.005134	-3.117726	6.528381
158.993816	-3.343612	2.998314
158.982498	-10.239321	1.511826
158.971180	4.728986	-6.224939
158.959862	1.537808	-5.838898
158.948544	-0.986415	-11.749007
158.937226	4.889935	-9.846052
158.925909	-7.069408	-4.714367
158.914591	8.158739	2.729589
158.903273	-7.400818	5.441504
158.891955	-4.348931	0.406870
158.880637	-1.996485	3.019633
158.869319	-3.949435	-8.164117
158.858001	-0.571259	-6.821898
158.846683	5.729497	0.153236
158.835365	-4.860172	0.638112
158.824048	-3.211005	5.560253
158.812730	-5.237972	-7.476055
158.801412	7.293533	-5.326818
158.790094	4.636691	7.302517
158.778776	4.240969	-3.823140
158.767458	-8.196030	5.042344
158.756140	-10.758137	12.451704
158.744822	5.981844	-2.257042
158.733504	8.334211	-14.513489
158.722186	-10.096359	7.108613
158.710869	1.141268	1.946236
158.699551	3.193316	-0.986437
158.688233	13.078524	-7.037827
158.676915	-6.822379	-2.777760
158.665597	8.887565	-1.643219
158.654279	-2.677073	-2.244358
158.642961	-7.669217	-4.793163
158.631643	5.419961	4.362187
158.620325	2.727830	-0.176634
158.609007	3.709071	-2.745913
158.597690	-8.859750	2.041476
158.586372	8.354875	-9.427793
158.575054	8.610895	6.588663
158.563736	-1.691400	1.048496
158.552418	9.789742	8.390942
158.541100	-7.717689	7.219093
158.529782	-3.058385	-3.685223
158.518464	2.652401	-8.231201
158.507146	-3.211427	11.592348
158.495829	-1.372088	-10.377897
158.484511	-5.708354	8.039443
158.473193	0.569312	-7.795012
158.461875	-5.446742	0.260899
158.450557	-0.805734	4.974597
158.439239	15.626222	12.417809
158.427921	0.313208	6.743326
158.416603	-4.529118	-12.053760
158.405285	4.055903	-2.086913
158.393967	-6.663431	0.432666
158.382650	6.556456	-0.689532
158.371332	1.613333	9.077844
158.360014	3.426138	-6.510394
158.348696	-5.835320	5.937197
158.337378	5.993190	1.883386
158.326060	0.498511	10.596462
158.314742	-4.032410	-0.133213
158.303424	-4.886222	-5.481939
158.292106	4.574257	2.225947
158.280788	5.256930	1.127489
158.269471	-2.624528	18.281998
158.258153	2.430164	9.313408
158.246835	-1.642707	8.099214
158.235517	-2.993832	-3.372049
158.224199	-9.499385	-1.866290
158.212881	-9.155684	23.170263
158.201563	0.518351	-0.345853
158.190245	-7.269062	5.131222
158.178927	-2.732054	-7.095556
158.167610	5.561656	-2.111618
158.156292	-2.187900	-1.736991
158.144974	2.139431	-6.738235
158.133656	-1.704702	5.798303
158.122338	2.638596	-7.908645
158.111020	7.986258	4.104188
158.099702	1.894142	0.319825
158.088384	-4.934297	1.574502
158.077066	-17.067074	1.520602
158.065748	6.658408	2.463686
158.054431	1.463510	-4.393153
158.043113	-5.768538	4.373534
158.031795	-3.627443	1.416594
158.020477	-2.078421	-22.907160
158.009159	-0.467189	11.080673
157.997841	-1.594586	-5.660574
157.986523	-0.237606	9.244823
157.975205	-8.717796	0.262900
157.963887	13.796683	-6.882082
157.952569	7.104584	-7.731188
157.941252	-4.551419	-0.995230
157.929934	9.281380	1.652171
157.918616	4.543851	-2.814162
157.907298	-6.128222	-12.392859
157.895980	6.804234	-2.900793
157.884662	8.371877	-2.757839
157.873344	-6.425954	-2.225947
157.862026	1.176814	-1.553721
157.850708	1.906977	1.138507
157.839390	-2.423242	-9.184351
157.828073	6.137504	2.030074
157.816755	5.294192	-2.445158
157.805437	4.279365	5.477400
157.794119	1.749928	1.396921
157.782801	4.828952	-4.130749
157.771483	3.210739	-14.494015
157.760165	-3.618945	-7.148879
157.748847	8.472901	12.776847
157.737529	-6.924444	-16.702141
157.726212	8.948314	-9.643099
157.714894	10.769515	-11.027936
157.703576	-2.769948	-2.138140
157.692258	-2.908095	-0.424723
157.680940	-0.626423	-7.114149
157.669622	4.216669	1.184138
157.658304	5.869833	2.318872
157.646986	-3.308785	-3.842143
157.635668	-11.612572	-14.596351
157.624350	-3.650097	-16.897930
157.613033	11.660217	5.308415
157.601715	-0.345959	-2.200655
157.590397	-7.416598	-7.801154
157.579079	-15.352230	-0.198837
157.567761	4.303393	3.368966
157.556443	11.105215	-4.435137
157.545125	12.405640	-14.296864
157.533807	-0.286802	4.622231
157.522489	-6.656087	-4.223119
157.511171	4.149933	-3.457934
157.499854	-1.180679	0.876212
157.488536	6.664371	-1.144639
157.477218	6.384586	8.688057
157.465900	11.061169	4.516975
157.454582	-2.307390	-4.129356
157.443264	-9.088136	-6.556427
157.431946	-0.047749	-9.611814
157.420628	5.431807	10.102215
157.409310	-4.802737	6.472701
157.397993	2.991784	4.611115
157.386675	-12.109119	-0.304111
157.375357	-13.604532	-12.821785
157.364039	-3.095744	-9.356865
157.352721	-4.308572	-7.281973
157.341403	7.849428	-4.237981
157.330085	-11.216828	-10.223412
157.318767	3.977464	-3.678898
157.307449	8.707066	-1.399804
157.296131	-1.628967	3.158283
157.284814	5.474658	-7.075315
157.273496	-2.346581	4.837115
157.262178	3.682040	3.082911
157.250860	12.021681	-12.294513
157.239542	-13.910876	5.194705
157.228224	3.188120	5.677680
157.216906	-5.517277	-14.403761
157.205588	-9.253923	-6.247654
157.194270	-7.838806	-6.407963
157.182952	-8.184598	6.586596
157.171635	-2.350799	7.279928
157.160317	-0.778296	2.682092
157.148999	2.334653	-10.080702
157.137681	2.176631	-24.099926
157.126363	-5.533121	5.306808
157.115045	1.439281	1.729024
157.103727	10.826294	-2.744956
157.092409	7.003706	-12.802527
157.081091	6.452843	-0.113849
157.069774	0.658952	-8.377146
157.058456	3.666367	-2.960179
157.047138	9.255548	3.383008
157.035820	4.262126	-5.697857
157.024502	0.175851	0.878713
157.013184	-4.050601	-0.889152
157.001866	16.084524	6.658983
156.990548	5.396536	1.471134
156.979230	-1.612489	-2.182411
156.967912	5.022682	-0.445273
156.956595	1.343695	-7.384493
156.945277	3.297313	0.607625
156.933959	-1.392724	-3.415318
156.922641	4.056188	-8.726343
156.911323	1.394149	-1.637874
156.900005	-0.780971	-10.515118
156.888687	-13.298016	0.736288
156.877369	2.208620	-3.285483
156.866051	-8.910937	-4.005326
156.854733	-1.053473	3.586010
156.843416	-1.726787	6.818442
156.832098	-1.772026	1.453304
156.820780	-6.720148	4.893031
156.809462	-5.971383	1.604496
156.798144	1.144020	11.833196
156.786826	6.596977	14.780959
156.775508	-0.736184	2.939456
156.764190	-9.588305	4.313642
156.752872	-7.191492	-1.289929
156.741554	9.366087	-7.196817
156.730237	-3.993146	-0.515122
156.718919	-5.299699	-1.986789
156.707601	4.855346	5.200694
156.696283	0.829073	1.792510
156.684965	-9.688034	-3.684512
156.673647	3.210468	-9.315070
156.662329	1.240518	5.910039
156.651011	-0.240933	0.787692
156.639693	-9.748376	1.958490
156.628376	2.260803	2.698327
156.617058	4.388112	-6.182748
156.605740	1.360500	10.208270
156.594422	6.124588	0.839102
156.583104	2.282178	-3.042618
156.571786	3.256063	-1.232174
156.560468	-4.134352	6.111646
156.549150	7.140225	3.919399
156.537832	-2.616866	-11.842116
156.526514	-2.884896	3.607513
156.515197	7.311758	-5.110023
156.503879	10.706041	5.757439
156.492561	-4.743578	6.221236
156.481243	-2.591859	-1.524995
156.469925	-6.171383	4.080150
156.458607	10.491852	-5.719321
156.447289	6.909832	-1.014746
156.435971	10.126039	-3.391139
156.424653	-2.803217	-7.037167
156.413335	3.434432	-6.322320
156.402018	2.490106	-2.292072
156.390700	-3.134922	-6.593438
156.379382	1.880092	-7.327632
156.368064	2.748782	-3.381073
156.356746	10.324860	-12.620785
156.345428	3.545559	2.053157
156.334110	-12.897880	4.007177
156.322792	9.695928	9.857079
156.311474	-18.384819	4.707628
156.300157	4.780332	-3.363006
156.288839	-0.367617	5.997008
156.277521	8.613561	-1.802168
156.266203	5.756151	26.388144
156.254885	4.388037	-3.819117
156.243567	-6.649544	-10.572122
156.232249	-10.907548	-9.600071
156.220931	7.483340	6.420811
156.209613	9.177258	1.204765
156.198295	-0.795653	-7.857978
156.186978	-6.491516	-3.346900
156.175660	1.846786	10.730311
156.164342	-6.718613	-19.464838
156.153024	11.563316	6.078076
156.141706	5.099135	5.347458
156.130388	-5.521837	-3.509509
156.119070	5.040730	-5.661756
156.107752	-3.329623	0.899673
156.096434	2.976856	2.400124
156.085116	4.760621	-6.237670
156.073799	-5.068430	10.453911
156.062481	-6.616244	-5.019404
156.051163	-1.953186	-3.733003
156.039845	5.721117	2.129077
156.028527	10.926257	3.314986
156.017209	3.924670	-14.830164
156.005891	1.074428	8.036570
155.994573	12.378258	-8.044753
155.983255	10.191064	-0.178830
155.971938	-7.716871	-11.124983
155.960620	-0.516490	-3.898475
155.949302	6.688508	-3.220073
155.937984	5.657457	2.093987
155.926666	6.351242	-4.879782
155.915348	-0.334058	-10.258724
155.904030	-7.684059	-5.443503
155.892712	-9.841303	-12.660895
155.881394	-6.534350	-5.515984
155.870076	-15.659467	12.267069
155.858759	5.497036	17.964849
155.847441	-8.247622	-8.112464
155.836123	0.352997	-5.217219
155.824805	-1.857852	-2.650656
155.813487	12.189007	-1.509397
155.802169	1.986944	6.316604
155.790851	-6.063750	-0.502155
155.779533	-11.498492	3.216202
155.768215	-3.181903	-11.121717
155.756897	-3.107828	-9.692049
155.745580	-7.733091	-1.188512
155.734262	-9.233495	9.106923
155.722944	-5.027325	-2.816658
155.711626	5.734652	-1.359304
155.700308	-0.079769	-5.064845
155.688990	0.719973	-2.811908
155.677672	15.850152	-5.200129
155.666354	1.347530	-11.148982
155.655036	-2.467553	-2.820220
155.643718	10.089562	6.982976
155.632401	5.245029	11.017499
155.621083	-6.457179	-7.238154
155.609765	-6.124657	3.621358
155.598447	-11.067438	-9.046722
155.587129	3.043072	8.167796
155.575811	7.415317	5.013415
155.564493	0.573746	-12.538350
155.553175	3.215460	5.199685
155.541857	5.583622	-4.782469
155.530540	13.667495	3.626990
155.519222	0.262466	-9.273484
155.507904	-4.657566	-1.581336
155.496586	-17.202412	-11.637676
155.485268	5.582074	-8.001927
155.473950	19.474611	-3.485865
155.462632	4.614150	-8.941145
155.451314	-3.020985	0.380272
155.439996	-3.073898	-5.811715
155.428678	4.662291	-2.815828
155.417361	7.225485	0.080990
155.406043	3.816201	-5.865394
155.394725	-1.193153	-13.139268
155.383407	-3.226156	-2.070612
155.372089	16.516247	10.443431
155.360771	6.178933	-0.901656
155.349453	5.957497	-6.285442
155.338135	-5.947433	7.908713
155.326817	1.583252	-0.691124
155.315499	1.952157	-11.418594
155.304182	9.827826	-3.312137
155.292864	3.346882	-7.536256
155.281546	-4.278277	1.318123
155.270228	-2.137364	-5.193904
155.258910	3.445082	-10.993470
155.247592	-6.070454	4.048728
155.236274	8.308156	2.632253
155.224956	2.721222	-4.220301
155.213638	-11.664017	10.147554
155.202321	-3.386696	0.058256
155.191003	-0.059455	-0.099906
155.179685	2.454242	-8.949582
155.168367	-2.637843	1.831291
155.157049	-2.918195	-4.493465
155.145731	-0.914157	0.748807
155.134413	-2.675371	-0.117368
155.123095	3.355225	2.188610
155.111777	-5.101794	-5.381446
155.100459	7.236278	2.275868
155.089142	-12.261860	-9.792106
155.077824	1.022659	-9.088499
155.066506	8.211848	7.669925
155.055188	1.126006	-1.428686
155.043870	-5.841856	-1.841444
155.032552	10.798402	-4.751431
155.021234	5.146871	-5.332258
155.009916	11.933401	-3.183603
154.998598	12.173812	-9.223254
154.987280	3.017753	-7.319026
154.975963	2.667586	-7.058619
154.964645	2.258168	-5.822750
154.953327	15.454741	8.246828
154.942009	-1.329036	-2.176980
154.930691	-3.874884	0.575464
154.919373	-5.151462	11.781631
154.908055	-7.037755	6.408715
154.896737	-2.136270	8.645798
154.885419	-6.221626	4.983294
154.874102	2.099711	-7.332966
154.862784	11.734293	0.088810
154.851466	9.715596	0.945851
154.840148	-5.190933	0.692194
154.828830	12.070913	9.244670
154.817512	-7.930636	4.325535
154.806194	12.586806	1.437846
154.794876	6.710208	-2.664032
154.783558	9.404971	-0.806778
154.772240	-2.400752	0.258295
154.760923	0.492296	2.831980
154.749605	-7.957086	-0.332346
154.738287	11.111073	10.068275
154.726969	2.688136	6.872571
154.715651	3.599639	-1.092073
154.704333	-6.111168	7.518684
154.693015	-3.447872	3.429703
154.681697	0.363220	-3.912167
154.670379	10.173587	3.977283
154.659061	3.673994	18.969315
154.647744	-4.402116	-9.183900
154.636426	0.366466	6.374507
154.625108	9.251956	-4.683064
154.613790	13.997473	-4.373131
154.602472	7.438017	6.860063
154.591154	-4.127352	-0.920707
154.579836	1.833502	8.476007
154.568518	-0.041097	-4.601658
154.557200	14.408651	-4.793322
154.545882	6.012910	1.556692
154.534565	-0.707766	-8.267881
154.523247	-0.728726	-1.298941
154.511929	-6.392843	11.534159
154.500611	7.228106	-0.994230
154.489293	-6.287364	8.751385
154.477975	2.071285	5.711476
154.466657	-4.987992	-0.898351
154.455339	-8.927568	-2.582770
154.444021	6.152212	1.532415
154.432704	-4.502177	9.782230
154.421386	-9.162313	13.792048
154.410068	-2.261994	-5.919437
154.398750	-1.777835	-11.007755
154.387432	-5.167341	-15.107601
154.376114	5.933899	6.504327
154.364796	13.495012	5.561375
154.353478	5.991344	20.580330
154.342160	-0.320991	-12.744793
154.330842	0.235068	-6.237163
154.319525	-1.990011	8.075180
154.308207	-12.736842	11.459472
154.296889	-0.417420	-2.209044
154.285571	-3.704446	2.787663
154.274253	5.605875	-3.644041
154.262935	-0.799643	-1.207767
154.251617	-1.604621	-6.629547
154.240299	1.584069	4.993320
154.228981	-13.295059	4.903540
154.217663	5.080348	-4.272026
154.206346	0.865446	4.011171
154.195028	-5.472261	0.369907
154.183710	1.779807	8.593156
154.172392	0.003039	1.843568
154.161074	3.264915	4.218080
154.149756	-8.308280	-13.817123
154.138438	-3.580170	4.512892
154.127120	3.302418	-1.680535
154.115802	-1.486729	-2.177159
154.104485	-8.803892	4.605515
154.093167	8.167064	-5.330609
154.081849	-12.803060	-3.533860
154.070531	-2.082899	6.520870
154.059213	1.963426	-21.742899
154.047895	2.689088	3.115051
154.036577	3.944856	1.645536
154.025259	0.249500	2.198204
154.013941	4.022017	-6.524922
154.002623	7.080012	-2.334478
153.991306	-0.733534	2.878578
153.979988	3.387997	2.069797
153.968670	-3.361052	14.284386
153.957352	-4.856455	-3.938864
153.946034	-0.820049	-15.590495
153.934716	-6.839947	-5.647909
153.923398	2.868066	1.650171
153.912080	-0.408564	-7.362001
153.900762	5.980250	9.127013
153.889444	5.142570	-15.585089
153.878127	-4.505864	9.509330
153.866809	7.045790	3.644170
153.855491	1.442663	1.573743
153.844173	-14.548453	-4.098380
153.832855	3.892826	-9.365172
153.821537	5.273592	-5.750139
153.810219	-6.894991	4.234204
153.798901	2.519151	1.194121
153.787583	9.729284	2.371992
153.776266	7.893502	-10.318167
153.764948	11.198412	-9.489654
153.753630	-4.264229	6.786575
153.742312	-4.211104	-2.725708
153.730994	-14.968095	-3.192134
153.719676	10.140653	-8.707423
153.708358	3.471169	-7.282614
153.697040	-7.843767	-8.780591
153.685722	2.977927	2.576599
153.674404	-15.379545	4.491133
153.663087	-1.459379	2.209014
153.651769	4.315094	-3.284543
153.640451	-4.842752	5.462610
153.629133	7.490613	-9.014418
153.617815	-0.248396	-0.145498
153.606497	1.227019	-0.953494
153.595179	-19.895834	-10.374190
153.583861	-7.122064	-1.771190
153.572543	-4.910215	5.438204
153.561225	-2.384894	0.919575
153.549908	5.275693	-0.601021
153.538590	3.208236	-9.643045
153.527272	13.452004	-0.836316
153.515954	-0.563064	-1.836934
153.504636	7.373913	-5.361820
153.493318	-6.433945	4.426329
153.482000	13.494555	-4.653239
153.470682	2.962679	1.499400
153.459364	20.476553	9.671010
153.448046	-1.629146	-14.931346
153.436729	-2.397921	-0.842559
153.425411	8.891253	5.945515
153.414093	-1.899977	-1.737821
153.402775	0.834813	-6.673387
153.391457	-10.799139	-3.908271
153.380139	-2.189257	1.811022
153.368821	14.396503	-10.370701
153.357503	11.201977	-4.968423
153.346185	2.429271	9.727130
153.334868	0.400311	-17.075155
153.323550	-7.745265	-8.832127
153.312232	0.189260	-9.543569
153.300914	9.821447	1.529530
153.289596	-6.137940	-7.044504
153.278278	10.932447	-4.737174
153.266960	-8.549474	-12.868923
153.255642	-11.137538	-1.710395
153.244324	7.834203	2.478894
153.233006	4.553362	3.473363
153.221689	0.979642	11.883129
153.210371	-2.375520	2.243347
153.199053	-11.997559	-18.525089
153.187735	-0.640946	-7.410495
153.176417	21.720612	2.610105
153.165099	4.159802	2.506059
153.153781	-4.406377	0.788756
153.142463	-6.056364	-16.080111
153.131145	17.008989	-3.099494
153.119827	-12.901589	5.435222
153.108510	5.133425	10.526023
153.097192	-7.699477	11.927448
153.085874	14.094643	-9.277338
153.074556	8.401422	5.042722
153.063238	5.995495	0.931481
153.051920	5.067002	-1.741278
153.040602	-7.800654	0.789758
153.029284	-2.581491	-4.356382
153.017966	1.911144	4.695708
153.006649	0.051329	1.095679
152.995331	12.017250	-2.095737
152.984013	1.641460	-11.504179
152.972695	8.466740	2.359691
152.961377	1.496284	-8.076252
152.950059	7.705907	0.501959
152.938741	5.884789	5.263728
152.927423	-6.989769	4.103717
152.916105	3.873114	-4.161942
152.904787	9.907403	-15.676127
152.893470	7.282311	-5.573382
152.882152	2.398527	14.286113
152.870834	-7.127505	-1.776478
152.859516	-4.827515	-4.770072
152.848198	18.741169	-21.147499
152.836880	3.248325	-2.444586
152.825562	4.943940	-11.295833
152.814244	0.452529	0.732136
152.802926	17.513987	-4.159881
152.791608	0.918152	1.806178
152.780291	8.574765	-12.916521
152.768973	6.221442	-7.157565
152.757655	-9.155395	4.569512
152.746337	7.749389	-4.159975
152.735019	-9.382617	-8.196581
152.723701	8.110921	-2.499670
152.712383	-4.229578	7.055540
152.701065	4.231846	-2.325349
152.689747	-10.904585	-12.034047
152.678429	4.060882	-11.102345
152.667112	-2.781002	6.694619
152.655794	8.512396	3.039173
152.644476	3.054862	4.177031
152.633158	-0.102828	-2.553164
152.621840	-6.116108	-2.588045
152.610522	13.667933	4.139766
152.599204	-3.646167	-1.322814
152.587886	10.170183	-4.606543
152.576568	-3.480357	-2.807835
152.565251	1.137997	-10.704992
152.553933	-5.292327	-11.694223
152.542615	-0.785806	3.622082
152.531297	5.398059	-2.573224
152.519979	1.905283	0.354140
152.508661	3.012601	-7.482440
152.497343	0.334972	-4.278078
152.486025	8.717329	1.963989
152.474707	-9.525370	10.980289
152.463389	-9.900222	1.206588
152.452072	-4.084516	-11.143546
152.440754	-8.922552	0.125875
152.429436	9.166193	-3.035617
152.418118	-3.443191	4.422552
152.406800	4.263721	10.309723
152.395482	2.092490	9.923370
152.384164	5.536515	-3.599792
152.372846	0.202551	-0.549075
152.361528	-3.602081	1.216626
152.350210	-7.268211	1.787798
152.338893	0.166118	-10.867840
152.327575	7.646668	-19.726702
152.316257	-11.779211	-1.967462
152.304939	-4.708740	8.345114
152.293621	4.066351	-4.016940
152.282303	-2.607962	-6.372528
152.270985	-0.936482	-1.942046
152.259667	-0.018201	-0.993383
152.248349	-1.621971	-5.938186
152.237032	-0.941067	3.777757
152.225714	-15.568937	6.675035
152.214396	-4.401572	-0.358021
152.203078	6.504806	2.024704
152.191760	0.672954	6.709606
152.180442	4.698107	6.923649
152.169124	0.995214	-2.770264
152.157806	-11.084002	-6.443564
152.146488	-13.011539	-5.353395
152.135170	3.733219	-8.761416
152.123853	-7.311529	-14.035252
152.112535	1.634989	-3.325315
152.101217	-3.813446	-7.405677
152.089899	10.717665	6.864174
152.078581	-11.121185	5.409783
152.067263	-8.014113	2.497360
152.055945	-1.606627	0.906028
152.044627	-0.377631	-8.825349
152.033309	2.808446	0.381466
152.021991	3.523914	6.316296
152.010674	-5.781239	10.289136
151.999356	18.717640	-13.852489
151.988038	7.722715	-4.386126
151.976720	3.588134	0.092064
151.965402	-12.994631	2.022442
151.954084	-1.340891	-0.933578
151.942766	-4.692426	-6.011557
151.931448	-2.709639	-4.979653
151.920130	1.116267	-1.584725
151.908813	-3.275946	4.245862
151.897495	2.689180	-12.346686
151.886177	0.731571	7.168021
151.874859	2.355603	-10.183201
151.863541	3.319201	0.940420
151.852223	10.131118	6.693627
151.840905	3.565398	2.993485
151.829587	-4.983318	2.269568
151.818269	-4.095866	-1.204630
151.806951	2.254403	5.622755
151.795634	0.048662	9.392638
151.784316	-5.898418	1.102193
151.772998	-6.600306	-16.306471
151.761680	0.367048	0.366917
151.750362	2.710661	0.819023
151.739044	-4.770791	1.278022
151.727726	-5.648232	0.765732
151.716408	0.259071	-5.637209
151.705090	0.366359	-8.928865
151.693772	3.925518	-2.230964
151.682455	2.558962	3.781501
151.671137	-3.964724	3.198643
151.659819	-1.697088	-10.610991
151.648501	12.055456	1.369505
151.637183	2.724665	-1.986119
151.625865	19.095518	0.208929
151.614547	-5.351076	2.472732
151.603229	-0.340018	8.948365
151.591911	-1.015237	-5.731564
151.580593	3.816287	-10.708323
151.569276	5.244074	-9.071715
151.557958	-3.270397	5.305392
151.546640	-1.890704	-6.340893
151.535322	-6.218307	-7.478642
151.524004	-3.849661	6.928796
151.512686	-10.315598	1.321997
151.501368	1.449575	5.906122
151.490050	16.395887	-4.557992
151.478732	11.891746	-3.807656
151.467415	15.523852	16.712254
151.456097	0.847200	-20.533175
151.444779	8.628173	-0.162067
151.433461	4.664629	8.907504
151.422143	-2.818825	-11.283326
151.410825	-2.187611	1.610233
151.399507	8.472995	8.189502
151.388189	-5.382154	5.963297
151.376871	10.575738	-5.706780
151.365553	3.936919	-15.997521
151.354236	2.016138	4.359978
151.342918	-1.817987	-5.176303
151.331600	-0.841989	5.666859
151.320282	-6.817221	-11.790514
151.308964	-6.509695	-7.847514
151.297646	4.048510	3.564182
151.286328	9.835814	-4.875677
151.275010	2.765797	-13.384734
151.263692	-1.757876	6.698798
151.252374	-20.615942	-10.014857
151.241057	-3.049099	-2.207764
151.229739	13.305699	6.302606
151.218421	-0.878990	3.282410
151.207103	-1.959933	1.947585
151.195785	-14.153753	6.938571
151.184467	4.109068	-8.885726
151.173149	9.150226	-6.322550
151.161831	7.144759	5.505394
151.150513	-8.913489	8.328153
151.139196	4.980968	-5.862647
151.127878	-3.853733	-5.032020
151.116560	0.910182	-3.100114
151.105242	-11.960382	-5.756230
151.093924	-12.991704	2.112530
151.082606	-7.719538	6.345350
151.071288	4.407704	-6.373139
151.059970	6.041553	-13.339575
151.048652	-17.499565	4.471867
151.037334	-7.178230	-0.072193
151.026017	-0.421940	-0.619109
151.014699	8.922682	-11.240705
151.003381	-6.333936	-1.576526
150.992063	6.964835	2.051626
150.980745	6.084374	-1.090857
150.969427	1.446141	-3.402659
150.958109	-5.681879	-20.307159
150.946791	-10.219203	4.185168
150.935473	0.298591	8.429510
150.924155	-7.114042	1.917475
150.912838	-3.859433	-16.192297
150.901520	-19.860378	-2.985503
150.890202	-1.109981	6.319378
150.878884	2.068627	-11.144120
150.867566	-3.460649	-0.554143
150.856248	-2.172118	5.239447
150.844930	-2.873518	0.225119
150.833612	-2.007637	4.124134
150.822294	-4.860478	-0.633832
150.810977	-9.054423	-14.869743
150.799659	3.394905	-3.056534
150.788341	5.629300	1.533851
150.777023	-10.160942	-11.211027
150.765705	1.118741	-9.411556
150.754387	-0.004449	-3.161657
150.743069	-8.260385	-3.729358
150.731751	3.634002	4.110466
150.720433	1.760051	-11.363347
150.709115	-8.782571	2.320355
150.697798	2.607446	9.728119
150.686480	7.845641	-1.652707
150.675162	12.716889	-6.478998
150.663844	1.477730	-5.783397
150.652526	12.348387	-1.319011
150.641208	-2.756929	6.334641
150.629890	-6.831383	-19.521536
150.618572	-3.356014	-6.320988
150.607254	-3.247599	0.883768
150.595936	-4.473448	3.343845
150.584619	0.250634	-3.906003
150.573301	14.604438	-4.014355
150.561983	-4.387089	-18.532227
150.550665	13.279824	3.957174
150.539347	8.221754	0.642453
150.528029	-3.633330	-4.320940
150.516711	14.235314	-8.686965
150.505393	4.056177	-8.013357
150.494075	2.468897	-4.859681
150.482757	-2.472181	7.682191
150.471440	-1.744679	0.209073
150.460122	-8.016473	-0.838065
150.448804	-3.515452	-0.247683
150.437486	9.171483	-9.617168
150.426168	2.830931	10.121640
150.414850	4.086366	8.088905
150.403532	3.262079	-0.129837
150.392214	-10.434923	-5.551186
150.380896	-4.479661	-4.770950
150.369579	10.152137	1.863315
150.358261	-12.079803	-4.982245
150.346943	-5.668287	-0.346310
150.335625	-0.393844	-4.208463
150.324307	-2.084860	1.501260
150.312989	2.283916	10.549075
150.301671	7.958988	2.357263
150.290353	6.441498	-9.109132
150.279035	-4.839913	3.635183
150.267717	6.332128	8.345220
150.256400	-5.532551	-0.002348
150.245082	-7.089858	2.440981
150.233764	-6.439851	11.567299
150.222446	-9.590124	-13.105881
150.211128	4.600930	1.597109
150.199810	-3.513896	-8.541842
150.188492	-6.765050	-0.382125
150.177174	8.835678	-2.063260
150.165856	-6.810743	4.700042
150.154538	-1.152698	-0.601879
150.143221	0.491949	18.230650
150.131903	3.613922	-0.882514
150.120585	2.376987	14.715690
150.109267	8.045987	-2.814446
150.097949	1.014076	2.948649
150.086631	-4.168562	4.595256
150.075313	4.380735	-0.020931
150.063995	-4.629584	12.558452
150.052677	0.658352	1.201512
150.041360	-2.704962	1.806600
150.030042	-4.043984	11.097670
150.018724	2.362812	-1.562223
150.007406	-9.081747	-8.325745
149.996088	-0.803881	5.949796
149.984770	2.983975	4.783519
149.973452	11.407592	1.723701
149.962134	-3.331831	-3.358460
149.950816	1.677484	-1.496336
149.939498	3.872694	7.137528
149.928181	8.500795	-7.990861
149.916863	0.161358	-10.919158
149.905545	0.505864	-8.790926
149.894227	0.863985	9.018785
149.882909	3.878530	-3.333093
149.871591	-1.687124	-21.368845
149.860273	-6.829834	-12.927015
149.848955	8.782917	-1.011590
149.837637	-9.661921	0.838969
149.826319	-2.029457	-9.942581
149.815002	-10.363955	-2.737754
149.803684	-3.427381	-5.269764
149.792366	3.625627	5.043554
149.781048	10.249204	3.526632
149.769730	-1.402072	-2.321036
149.758412	-1.570896	11.699410
149.747094	10.970099	18.573017
149.735776	6.175649	-0.258945
149.724458	1.293689	-0.092707
149.713141	0.289296	-9.982887
149.701823	8.241993	-3.922160
149.690505	6.117535	-0.827912
149.679187	8.881288	10.537667
149.667869	4.739871	-5.505470
149.656551	-2.988438	10.973233
149.645233	3.266965	11.161596
149.633915	1.328312	-10.625454
149.622597	1.866292	1.118097
149.611279	-11.032802	6.715232
149.599962	-5.124637	7.168496
149.588644	4.402124	1.283273
149.577326	-2.213237	-4.985688
149.566008	1.283851	11.316822
149.554690	4.700844	6.725854
149.543372	0.333779	2.652719
149.532054	-3.031483	-8.419086
149.520736	-1.770393	-13.874720
149.509418	-4.066051	6.308478
149.498100	4.954892	-3.718951
149.486783	7.774657	1.010452
149.475465	6.421659	-14.191475
149.464147	-4.838840	-12.584985
149.452829	-0.090078	-4.572084
149.441511	-5.459836	-2.857612
149.430193	-7.847498	2.627861
149.418875	3.811589	-4.279501
149.407557	-1.719411	0.725543
149.396239	-4.927369	4.741613
149.384921	-2.289641	2.971596
149.373604	-10.819062	2.734285
149.362286	3.661415	-0.772567
149.350968	4.078660	8.572059
149.339650	-1.319230	15.149564
149.328332	1.768530	-3.149627
149.317014	-2.398958	-7.457229
149.305696	-14.096027	-9.706753
149.294378	14.660901	1.996365
149.283060	0.780815	-2.664925
149.271743	-6.417719	-7.203943
149.260425	-8.489017	0.337079
149.249107	-7.772526	-9.703547
149.237789	13.195662	2.670735
149.226471	3.294835	-4.002309
149.215153	-4.068464	-1.027890
149.203835	-1.544160	-11.569757
149.192517	3.377383	5.958094
149.181199	3.448790	-17.740532
149.169881	0.129513	6.678445
149.158564	2.209348	8.998711
149.147246	9.287418	0.724331
149.135928	-9.094498	-1.317441
149.124610	-6.196912	9.458078
149.113292	14.789104	3.438645
149.101974	0.282540	-10.792368
149.090656	-2.234613	6.947264
149.079338	-8.075416	-0.249698
149.068020	8.993887	1.145575
149.056702	3.911172	1.347816
149.045385	-5.026580	-5.088216
149.034067	-10.548926	-12.992985
149.022749	1.897870	-2.724714
149.011431	2.752834	-2.508976
149.000113	3.465816	7.812309
148.988795	4.373218	3.215364
148.977477	-5.488255	-9.066754
148.966159	5.406257	8.304369
148.954841	1.472346	3.290828
148.943524	11.798400	6.670967
148.932206	-2.244467	-2.129761
148.920888	-11.018764	4.240578
148.909570	-0.224945	-2.900135
148.898252	-4.419553	-1.448434
148.886934	-8.800120	2.541965
148.875616	13.666415	9.536823
148.864298	-2.694389	-14.294139
148.852980	9.728015	1.311677
148.841662	-2.373957	3.571903
148.830345	6.153837	-5.321421
148.819027	-2.313025	8.209461
148.807709	0.444890	1.586573
148.796391	-1.784416	-4.696507
148.785073	4.617800	-3.993745
148.773755	1.666729	-5.394007
148.762437	-0.651660	3.324189
148.751119	7.563155	4.657667
148.739801	-12.686333	2.652173
148.728483	5.571332	3.077286
148.717166	0.075919	9.401300
148.705848	2.248848	-11.078812
148.694530	6.458675	6.776644
148.683212	-5.622868	-4.298932
148.671894	23.129276	3.998012
148.660576	8.976156	-0.034432
148.649258	-4.560387	1.096966
148.637940	-5.929608	4.960464
148.626622	-13.362537	-4.943981
148.615305	-9.864720	-3.652160
148.603987	-4.291107	-8.865593
148.592669	6.449552	3.716973
148.581351	9.211515	-2.056779
148.570033	5.473675	6.804021
148.558715	20.122969	11.438724
148.547397	-1.323388	-0.680452
148.536079	4.722058	0.665813
148.524761	7.339520	2.539475
148.513443	7.305489	4.763988
148.502126	1.644835	-11.321873
148.490808	2.479831	0.351999
148.479490	-13.345940	5.881331
148.468172	5.037706	6.189872
148.456854	-2.735621	-6.017910
148.445536	-7.954523	-5.286768
148.434218	0.073532	-10.663294
148.422900	2.186982	-7.179580
148.411582	1.582830	-0.249099
148.400264	-9.023785	8.723946
148.388947	2.020810	-1.066618
148.377629	9.313230	-15.078219
148.366311	3.370631	-4.144854
148.354993	-3.439456	-3.167224
148.343675	9.667881	5.004482
148.332357	-4.534207	-2.425641
148.321039	11.570400	-8.700659
148.309721	1.896592	9.536665
148.298403	-2.035389	-8.304773
148.287085	-5.155045	3.124368
148.275768	-3.575736	-12.052469
148.264450	4.210641	-8.684894
148.253132	0.221745	-0.508074
148.241814	1.585990	-11.306423
148.230496	4.309087	-4.477410
148.219178	-6.209660	-6.981688
148.207860	-5.915874	2.149904
148.196542	-8.617881	2.989637
148.185224	-9.728718	4.162012
148.173907	1.636446	0.220279
148.162589	-6.846657	-2.268193
148.151271	-10.049959	-0.327935
148.139953	-0.719437	9.320732
148.128635	1.935933	-4.434396
148.117317	-8.853024	-6.220151
148.105999	-0.702531	0.834755
148.094681	3.154562	-0.202378
148.083363	3.548777	1.660657
148.072045	10.554848	11.084028
148.060728	6.994761	-6.450630
148.049410	-6.309720	-5.589214
148.038092	5.439852	-3.830535
148.026774	10.518615	6.886430
148.015456	4.118978	3.005469
148.004138	-5.358917	-3.771818
147.992820	13.128183	-5.789135
147.981502	-6.486420	-3.810083
147.970184	-20.892872	16.789270
147.958866	3.776035	-8.068387
147.947549	-1.870860	-1.095144
147.936231	-4.059417	-3.477874
147.924913	-8.693978	5.161615
147.913595	3.794225	11.041074
147.902277	12.599038	-11.489606
147.890959	0.530330	-8.028541
147.879641	-16.077480	-15.685907
147.868323	-13.957035	4.420279
147.857005	-1.938503	3.034225
147.845688	-6.239270	4.865456
147.834370	3.933974	2.232262
147.823052	-11.111749	-7.981587
147.811734	3.897945	-9.480210
147.800416	-1.675130	3.718233
147.789098	0.288263	2.745243
147.777780	7.057724	-4.204195
147.766462	1.822345	6.703428
147.755144	3.221370	-8.080396
147.743826	8.415021	5.388602
147.732509	-8.455782	-1.561627
147.721191	-13.306623	-7.664957
147.709873	-0.294949	7.164252
147.698555	6.060574	-6.285700
147.687237	2.944623	-17.189615
147.675919	1.376342	12.137204
147.664601	7.697730	10.143137
147.653283	3.587626	-5.210254
147.641965	-3.284315	-7.500045
147.630647	-3.991149	-1.466681
147.619330	6.880284	-18.018070
147.608012	-9.105517	-3.523128
147.596694	-0.069491	2.193664
147.585376	4.665215	-2.631513
147.574058	9.326809	-0.238956
147.562740	1.915706	1.603665
147.551422	27.972050	14.308810
147.540104	0.675064	-9.390677
147.528786	-2.393920	1.698547
147.517469	-3.726792	-12.512218
147.506151	1.463492	3.118370
147.494833	-7.308407	-3.109276
147.483515	-4.187631	-1.472569
147.472197	-6.327145	7.333362
147.460879	-3.821599	-3.543342
147.449561	-2.787097	-3.000450
147.438243	0.493130	-16.394102
147.426925	5.427997	-1.611831
147.415607	0.105772	-13.832700
147.404290	-3.633457	-10.440528
147.392972	6.366994	-1.677262
147.381654	10.671192	-6.108308
147.370336	2.584916	4.232434
147.359018	2.943815	2.087263
147.347700	1.144088	-13.102080
147.336382	1.305219	7.821945
147.325064	-0.240259	-2.103359
147.313746	-1.796517	-6.088968
147.302428	-2.905901	-16.253757
147.291111	10.698699	-0.607980
147.279793	2.508307	-2.313940
147.268475	8.444168	-2.609326
147.257157	4.580297	14.835022
147.245839	4.349630	2.299377
147.234521	-5.733881	0.161604
147.223203	7.104693	-8.453789
147.211885	-0.852685	0.205673
147.200567	-11.963638	-12.045668
147.189249	4.432534	-2.934200
147.177932	-12.347739	-3.169090
147.166614	-5.094871	2.897573
147.155296	9.655277	10.683993
147.143978	5.444559	-4.889560
147.132660	15.711565	13.697854
147.121342	-11.453393	-6.082334
147.110024	-11.716618	-7.523257
147.098706	-1.918645	4.672687
147.087388	-2.347178	-7.526645
147.076071	4.722048	-0.570137
147.064753	-9.934712	-8.545750
147.053435	0.566801	1.987895
147.042117	-0.757209	-4.905623
147.030799	0.473743	-6.488646
147.019481	-7.613084	4.690185
147.008163	15.947558	-5.414823
146.996845	3.620457	-4.897634
146.985527	-2.090372	3.402211
146.974209	8.024402	8.619412
146.962892	13.134387	-2.837366
146.951574	1.595713	-9.871466
146.940256	8.640870	-7.365198
146.928938	8.076752	0.670457
146.917620	8.331826	-6.596354
146.906302	11.343830	1.173573
146.894984	-3.809609	3.581565
146.883666	-1.717365	11.609534
146.872348	5.475587	1.631297
146.861030	5.980244	5.863983
146.849713	14.430800	12.744209
146.838395	3.256842	-7.217738
146.827077	-0.745679	-10.202760
146.815759	-0.383552	0.019179
146.804441	-0.280584	-16.659407
146.793123	2.784579	-16.797611
146.781805	-10.084819	-1.848451
146.770487	12.572806	-14.402644
146.759169	-0.797137	-4.494044
146.747852	-3.226379	7.924648
146.736534	-4.697094	8.812375
146.725216	4.703187	0.534081
146.713898	1.597575	-3.188881
146.702580	3.286913	5.574039
146.691262	10.244542	-12.194348
146.679944	-5.733213	-6.186110
146.668626	-16.316401	-8.412631
146.657308	7.549622	-2.196672
146.645990	3.487330	8.278653
146.634673	-3.107418	-13.420239
146.623355	-13.886575	-7.396262
146.612037	-5.311359	-7.708334
146.600719	-9.348536	-17.112883
146.589401	3.585285	16.180693
146.578083	0.218765	-6.621168
146.566765	5.404664	-3.622790
146.555447	2.662044	-8.924510
146.544129	-5.018929	-2.925328
146.532811	-5.858051	11.118461
146.521494	12.533738	2.591972
146.510176	-5.030435	-0.092630
146.498858	-3.477645	-6.919302
146.487540	-5.428415	3.448921
146.476222	-10.662862	-2.567634
146.464904	-12.647893	6.719600
146.453586	5.958455	14.208429
146.442268	3.145357	0.390160
146.430950	14.651554	-6.930277
146.419633	-6.351437	4.065234
146.408315	-6.630359	-20.914799
146.396997	-6.233860	14.284983
146.385679	-16.032438	-3.740024
146.374361	1.694038	-10.197028
146.363043	5.354832	-7.744708
146.351725	1.695441	4.852268
146.340407	7.492942	0.617359
146.329089	-1.335712	-5.986081
146.317771	5.755163	10.657618
146.306454	8.204116	-7.799458
146.295136	2.951255	-2.889504
146.283818	-5.263458	-0.064074
146.272500	11.524008	-7.582981
146.261182	8.427707	6.770156
146.249864	-2.398983	6.592029
146.238546	20.095192	-12.340305
146.227228	3.496475	-1.300336
146.215910	-14.889151	-8.083212
146.204592	17.042603	4.984918
146.193275	-4.140036	5.893928
146.181957	1.365683	3.264743
146.170639	3.129907	10.739263
146.159321	5.378672	-15.016710
146.148003	-5.422577	-4.149258
146.136685	0.031313	17.506592
146.125367	-3.593201	-1.537736
146.114049	5.630141	-9.331833
146.102731	6.520419	3.962539
146.091413	-27.343451	-12.042137
146.080096	6.741198	5.876472
146.068778	-0.915367	12.547131
146.057460	5.416518	4.449364
146.046142	0.320416	-1.045855
146.034824	1.737390	0.511516
146.023506	14.406346	-12.197776
146.012188	0.598598	-2.791800
146.000870	-5.345726	4.169061
145.989552	-9.671545	5.540173
145.978235	-0.602512	-1.921966
145.966917	1.528050	2.867705
145.955599	-4.882566	-3.584907
145.944281	-0.724046	1.754133
145.932963	-2.083228	6.462524
145.921645	0.512960	1.164901
145.910327	-6.659728	-1.000845
145.899009	-10.130885	14.229377
145.887691	1.127557	7.326667
145.876373	-0.273923	-15.518923
145.865056	-4.059847	3.744357
145.853738	-12.349373	-0.529967
145.842420	11.181263	-2.020410
145.831102	5.286985	-10.592703
145.819784	-13.322103	8.096704
145.808466	3.528719	-1.994093
145.797148	8.266015	-0.205368
145.785830	-2.475708	4.584224
145.774512	6.974966	2.232914
145.763194	7.774877	-9.180054
145.751877	-8.578630	10.514709
145.740559	-12.115568	4.786013
145.729241	1.927318	-8.781365
145.717923	-7.600493	4.546888
145.706605	-4.442307	-6.562043
145.695287	-15.439786	-4.842221
145.683969	2.478319	7.195412
145.672651	-5.425084	-6.077308
145.661333	-9.100058	13.348874
145.650016	-4.987835	-7.986222
145.638698	1.891956	-5.784914
145.627380	10.247116	-11.582403
145.616062	-10.255441	-11.602286
145.604744	5.756065	7.261911
145.593426	-15.174837	-7.558908
145.582108	-2.989262	-10.090221
145.570790	-10.563037	-14.803546
145.559472	4.940070	6.249606
145.548154	10.144892	13.699998
145.536837	3.184823	-22.088139
145.525519	-3.745451	7.643034
145.514201	-4.245034	9.656132
145.502883	1.086657	-2.041414
145.491565	5.725235	-7.533987
145.480247	-4.182840	3.371878
145.468929	-19.566235	0.953979
145.457611	13.638515	0.980919
145.446293	5.624492	-3.705271
145.434975	-19.555529	16.038723
145.423658	-6.143574	-5.343256
145.412340	3.924893	9.878342
145.401022	-7.802296	-17.361298
145.389704	4.793140	-5.401633
145.378386	-13.060797	5.924950
145.367068	3.377085	-4.039185
145.355750	1.677673	-11.531606
145.344432	-8.879310	-5.887872
145.333114	2.840329	5.961267
145.321796	6.087001	-10.288459
145.310479	-3.634543	11.765636
145.299161	12.454464	-7.773414
145.287843	-0.309709	3.035238
145.276525	-7.024436	-6.711247
145.265207	7.334976	-11.481275
145.253889	-3.920864	4.932442
145.242571	-2.954057	5.389002
145.231253	7.235748	-6.146921
145.219935	13.767974	3.256722
145.208618	5.599505	9.753886
145.197300	-4.634339	-4.515425
145.185982	-2.384778	9.715981
145.174664	-4.740704	2.137810
145.163346	6.860271	-0.072800
145.152028	1.756132	9.807391
145.140710	-13.794524	6.687071
145.129392	-8.582487	9.173692
145.118074	5.637693	4.508441
145.106756	2.225720	0.626520
145.095439	2.996320	-8.163068
145.084121	-10.825670	0.872465
145.072803	4.086037	3.424301
145.061485	-6.089966	-9.416092
145.050167	2.325485	7.918245
145.038849	2.617778	10.580332
145.027531	-14.586925	4.838214
145.016213	4.995064	1.595138
145.004895	0.334928	-22.865995
144.993577	16.242220	-9.042253
144.982260	-7.767670	1.859279
144.970942	0.131133	-6.985961
144.959624	-10.271111	-3.812312
144.948306	-3.772861	-0.041934
144.936988	6.710927	-13.481987
144.925670	-17.932541	-2.143872
144.914352	-0.517589	10.373826
144.903034	-0.146391	11.435046
144.891716	23.616825	-10.732389
144.880399	-2.784063	-9.826719
144.869081	7.940717	-1.160964
144.857763	-2.954900	-11.399427
144.846445	-5.543412	-5.655870
144.835127	-7.163718	-3.738997
144.823809	9.755194	17.891737
144.812491	-8.457096	-2.047380
144.801173	-0.937351	-11.979068
144.789855	2.030325	0.124884
144.778537	1.227962	-10.250882
144.767220	2.801775	-6.944450
144.755902	3.067072	5.008848
144.744584	0.341663	4.839397
144.733266	-0.279600	15.113977
144.721948	6.044709	-12.195538
144.710630	-9.330079	-9.450593
144.699312	6.557654	1.564261
144.687994	0.726332	0.379143
144.676676	-10.875375	9.907267
144.665358	2.371510	-1.071464
144.654041	11.482914	-1.065101
144.642723	-8.072553	1.602285
144.631405	-7.969570	9.698627
144.620087	8.400252	4.553233
144.608769	-2.220797	19.630383
144.597451	-3.339260	-5.666732
144.586133	-15.348512	6.623172
144.574815	-3.589194	-0.180307
144.563497	6.477197	2.391348
144.552180	10.329615	-4.651391
144.540862	-4.076071	2.822407
144.529544	4.022907	-10.633199
144.518226	0.594175	-9.847829
144.506908	-3.420720	8.715889
144.495590	-8.129652	-12.899290
144.484272	9.612995	-14.790123
144.472954	0.906377	-4.068090
144.461636	-10.748369	-10.470818
144.450318	1.433609	-0.353212
144.439001	-0.599866	1.479427
144.427683	7.674620	7.319678
144.416365	7.739514	5.281488
144.405047	10.234991	6.092026
144.393729	-4.563396	2.768475
144.382411	-4.132434	-13.094467
144.371093	8.439379	-0.882694
144.359775	1.153356	-1.956642
144.348457	-16.344677	1.020851
144.337139	-0.836750	8.715785
144.325822	-4.123872	9.024232
144.314504	2.219713	-17.812502
144.303186	-8.594337	10.842649
144.291868	6.413930	9.986329
144.280550	-4.100470	-8.536521
144.269232	1.112713	-8.102464
144.257914	3.640809	2.449160
144.246596	-2.153324	-9.558416
144.235278	-7.996685	10.694444
144.223960	-1.648683	24.235186
144.212643	8.406129	-0.671687
144.201325	14.890759	-2.856237
144.190007	-2.541653	1.524680
144.178689	0.981075	6.273320
144.167371	8.551679	7.982861
144.156053	-3.201069	2.207381
144.144735	-13.624544	10.033695
144.133417	2.724997	6.897784
144.122099	1.207481	4.611516
144.110782	-14.700175	11.417095
144.099464	-5.395707	-18.131578
144.088146	5.634378	5.688013
144.076828	4.936579	5.530138
144.065510	-6.070605	4.178586
144.054192	17.106121	0.738966
144.042874	-4.063878	-7.682293
144.031556	3.361351	4.811764
144.020238	0.497787	16.798643
144.008920	-2.865161	-0.055244
143.997603	13.222211	-4.744839
143.986285	4.239335	-12.181802
143.974967	5.596074	8.384488
143.963649	20.137703	-20.859753
143.952331	-3.004405	-12.968962
143.941013	-14.615216	-0.610886
143.929695	2.771527	-2.338866
143.918377	12.351464	-16.833088
143.907059	-1.389339	4.211496
143.895741	5.574227	-6.063120
143.884424	-3.746436	-9.914877
143.873106	-8.211736	-15.840257
143.861788	-5.798690	-16.365095
143.850470	-4.288555	-0.648983
143.839152	7.248130	3.570092
143.827834	3.384312	-3.382233
143.816516	8.307727	-2.497038
143.805198	-6.207382	1.044778
143.793880	8.495605	4.053433
143.782563	-16.825010	5.773506
143.771245	-2.289521	13.017216
143.759927	-6.974995	2.740684
143.748609	-18.912521	11.635923
143.737291	-8.881484	0.129704
143.725973	2.432446	-4.696732
143.714655	-0.222084	7.421406
143.703337	-2.103487	9.905779
143.692019	2.136989	-11.305525
143.680701	8.578651	15.223995
143.669384	13.862430	10.007920
143.658066	-20.986328	-6.664596
143.646748	-10.176999	17.726191
143.635430	5.112035	-10.642557
143.624112	-13.944366	-10.527566
143.612794	-5.435753	11.713031
143.601476	7.589730	3.312548
143.590158	17.920034	-8.311908
143.578840	-2.725772	-9.672703
143.567522	5.784533	-8.735106
143.556205	-1.156736	1.823473
143.544887	6.920509	7.429762
143.533569	3.483274	-6.109769
143.522251	10.255907	-16.102489
143.510933	-5.908658	-11.679532
143.499615	-1.478277	5.877362
143.488297	11.949519	-9.112986
143.476979	-5.589872	-11.554955
143.465661	-14.194103	12.372691
143.454344	2.168896	-5.520987
143.443026	-2.523509	-5.033797
143.431708	1.241113	8.619845
143.420390	-3.956888	0.401348
143.409072	3.542483	0.158820
143.397754	-2.218872	-7.466856
143.386436	-7.780880	6.209014
143.375118	6.258255	13.561165
143.363800	-0.323920	5.031878
143.352482	-4.454043	-7.146412
143.341165	2.645695	-15.296206
143.329847	17.349007	-7.381691
143.318529	-4.864765	2.789409
143.307211	15.479731	-11.820160
143.295893	-5.937308	8.403636
143.284575	12.729814	-15.333170
143.273257	12.350597	4.088170
143.261939	11.906667	7.570013
143.250621	4.730287	-10.680844
143.239303	-4.592197	-9.296803
143.227986	-3.280725	-9.123584
143.216668	-7.939509	-0.424906
143.205350	-6.031432	-6.465020
143.194032	-3.156007	-1.450206
143.182714	-4.827759	4.066555
143.171396	13.414771	12.079315
143.160078	-9.620156	-16.266296
143.148760	-9.202701	13.975211
143.137442	6.042124	11.886202
143.126124	-4.737503	-10.030517
143.114807	-21.054651	8.088005
143.103489	0.638646	5.107644
143.092171	-13.040024	12.074595
143.080853	-4.907976	-14.156390
143.069535	-0.402110	8.637868
143.058217	7.471215	-0.867582
143.046899	6.513110	10.589847
143.035581	8.519800	7.149009
143.024263	5.154833	-3.330128
143.012946	-2.603043	0.512881
143.001628	1.276910	-8.925607
142.990310	3.904937	1.583569
142.978992	5.544791	-9.416482
142.967674	-4.376740	-3.833297
142.956356	-7.247181	15.366381
142.945038	1.765968	5.756964
142.933720	6.297575	-10.329669
142.922402	-2.839221	3.489787
142.911084	-7.766951	-7.419139
142.899767	-12.137389	16.470272
142.888449	0.077580	-0.908164
142.877131	-8.549489	-6.575766
142.865813	2.156460	13.171000
142.854495	1.112612	-7.352604
142.843177	3.945610	16.310968
142.831859	-7.453191	3.499019
142.820541	26.393602	-7.802686
142.809223	18.909121	5.229896
142.797905	-15.243395	21.325230
142.786588	-14.327663	2.843073
142.775270	-12.603708	-7.923215
142.763952	20.977106	-2.548492
142.752634	3.518852	-8.910218
142.741316	-9.036974	-13.807211
142.729998	3.114573	-10.974545
142.718680	-8.797843	-8.726061
142.707362	-2.042424	15.579294
142.696044	18.516201	5.392449
142.684727	0.409002	-10.070765
142.673409	-15.860841	-0.195242
142.662091	-0.330435	-0.086277
142.650773	-15.370166	-10.196282
142.639455	-4.731416	-9.476580
142.628137	4.408356	2.515290
142.616819	3.388082	-2.344350
142.605501	4.843943	-2.542883
142.594183	-4.245414	-4.348879
142.582865	-10.228987	9.905071
142.571548	11.898927	8.358073
142.560230	-12.096938	-4.746502
142.548912	-17.315594	-10.516130
142.537594	-10.568077	12.076193
142.526276	2.750495	8.521025
142.514958	-1.095331	-17.230631
142.503640	8.557625	7.524689
142.492322	-7.805068	-3.058685
142.481004	4.190887	1.192991
142.469686	-0.662861	5.487072
142.458369	-3.002815	-4.142877
142.447051	-1.530386	12.534673
142.435733	9.075473	-3.256161
142.424415	-13.009864	3.320034
142.413097	10.787628	-0.081547
142.401779	5.365922	-14.437099
142.390461	4.000682	5.116264
142.379143	4.048977	-1.335645
142.367825	-8.052063	-17.638861
142.356508	7.759118	-14.253696
142.345190	14.069728	10.036310
142.333872	10.399954	9.151634
142.322554	7.750220	14.044050
142.311236	4.501285	-3.861122
142.299918	7.510873	3.917892
142.288600	16.440685	16.679672
142.277282	15.684402	7.380794
142.265964	3.506479	-12.301824
142.254646	-13.932883	2.128195
142.243329	-10.051012	-9.891179
142.232011	7.734479	6.510211
142.220693	-6.712018	8.759722
142.209375	-6.784823	-2.425375
142.198057	8.845177	-9.788878
142.186739	-14.638166	6.447262
142.175421	6.604149	13.800015
142.164103	3.592269	10.664473
142.152785	-15.371430	-3.579394
142.141467	-8.298455	-5.216932
142.130150	4.444757	5.386756
142.118832	21.945995	-6.358902
142.107514	-0.651076	-15.205188
142.096196	-12.229899	4.481051
142.084878	15.267770	16.466850
142.073560	-7.715088	-1.938250
142.062242	-0.706102	-14.800905
142.050924	-9.262912	-1.374887
142.039606	13.110311	-15.901230
142.028288	-7.231691	-7.851361
142.016971	3.989513	-24.336248
142.005653	-0.134411	-10.357387
141.994335	-2.533572	1.214020
141.983017	-6.472592	-5.309906
141.971699	1.239316	-13.606333
141.960381	-2.791116	0.846280
141.949063	-6.239237	0.907311
141.937745	-4.460926	8.083895
141.926427	11.292994	-8.818246
141.915110	-2.435091	2.977562
141.903792	21.321728	2.643490
141.892474	4.380133	-20.458298
141.881156	9.127722	-23.626223
141.869838	2.268439	11.848508
141.858520	9.383241	-13.707948
141.847202	-15.201115	-5.871023
141.835884	-4.653975	16.755405
141.824566	3.319297	-11.175886
141.813248	-2.463469	10.055259
141.801931	11.332772	2.595001
141.790613	-7.326708	3.327957
141.779295	-0.933517	-15.844399
141.767977	-3.302935	11.083768
141.756659	1.484834	-12.934582
141.745341	6.001023	3.965610
141.734023	-7.781397	-16.168476
141.722705	3.008772	3.381217
141.711387	-9.916835	4.280851
141.700069	-2.021210	-4.108306
141.688752	0.977473	-10.651718
141.677434	8.312073	-8.184980
141.666116	-13.767215	1.197293
141.654798	5.796946	-1.609680
141.643480	5.126404	-3.871909
141.632162	6.828623	-5.700200
141.620844	-7.124496	3.425601
141.609526	17.176023	14.006866
141.598208	-6.568363	-5.358188
141.586891	4.170090	-0.365403
141.575573	-3.991161	8.407949
141.564255	12.027356	6.356879
141.552937	14.517239	16.154121
141.541619	-0.465856	3.899321
141.530301	-6.418735	16.885534
141.518983	-7.839085	4.832996
141.507665	8.141174	-0.608494
141.496347	11.226046	-1.696175
141.485029	11.783889	-5.696766
141.473712	-1.224583	-6.036786
141.462394	-10.424014	14.710013
141.451076	0.944299	10.282207
141.439758	3.701798	3.480393
141.428440	-10.901407	-2.289977
141.417122	11.260858	-2.199107
141.405804	1.915444	-13.302404
141.394486	3.851463	0.681630
141.383168	-5.051559	-11.134912
141.371850	-5.763736	14.015927
141.360533	-1.994272	6.218376
141.349215	-2.566098	-1.713164
141.337897	-0.263650	-6.823831
141.326579	14.625823	-6.447453
141.315261	-4.391504	7.074615
141.303943	9.388505	-2.949898
141.292625	4.394312	6.877964
141.281307	-4.331575	-5.539346
141.269989	-0.691277	6.882107
141.258672	15.958550	-12.222137
141.247354	2.409662	-4.055823
141.236036	1.491779	-4.672203
141.224718	14.338964	15.604191
141.213400	0.144178	-4.878817
141.202082	-9.992044	8.956468
141.190764	3.653273	5.793888
141.179446	-23.071280	2.325851
141.168128	-19.313696	7.561396
141.156810	14.963969	10.802320
141.145493	-3.574194	-5.152970
141.134175	0.398320	-0.580691
141.122857	-7.571496	-16.161882
141.111539	8.128188	6.524435
141.100221	-0.357687	10.539637
141.088903	-0.622328	-2.118378
141.077585	7.410753	9.789204
141.066267	-1.769625	-10.516318
141.054949	1.338027	-0.322620
141.043631	-7.310726	20.242235
141.032314	18.092266	15.161670
141.020996	-5.586583	-7.895806
141.009678	6.367703	-15.880003
140.998360	4.818597	-17.767303
140.987042	-7.366369	-6.609970
140.975724	6.505297	2.743619
140.964406	4.504171	17.695673
140.953088	-3.562596	-13.293378
140.941770	4.355171	-7.282587
140.930452	-16.908630	-8.213530
140.919135	15.471718	-2.716214
140.907817	10.181908	-9.988669
140.896499	-2.749257	-1.048305
140.885181	-7.887260	-3.448776
140.873863	-5.074817	-13.365653
140.862545	-0.947268	-10.683311
140.851227	-1.924990	16.531652
140.839909	7.464238	9.961801
140.828591	10.774609	-4.506428
140.817274	3.053310	7.715224
140.805956	9.944419	-17.922371
140.794638	11.991633	-1.138354
140.783320	-2.613601	-4.527333
140.772002	-4.838908	0.181748
140.760684	-3.817803	-3.398909
140.749366	10.876073	2.369369
140.738048	5.678351	-6.490109
140.726730	6.610086	2.885360
140.715412	5.076708	2.272712
140.704095	-6.361942	-6.312685
140.692777	0.278891	-9.497934
140.681459	-4.132523	-3.070145
140.670141	2.165403	-21.653654
140.658823	5.072464	5.381499
140.647505	1.193352	-24.459949
140.636187	-15.091177	-9.289295
140.624869	-1.516305	-3.761361
140.613551	-8.372829	3.693419
140.602233	10.233656	-10.021852
140.590916	4.757885	10.592079
140.579598	0.578919	-22.420399
140.568280	-0.053670	14.780044
140.556962	14.089228	18.561440
140.545644	-14.546657	-19.022274
140.534326	-7.385626	12.489182
140.523008	3.675748	1.594006
140.511690	18.969271	-3.955800
140.500372	3.685057	9.872954
140.489055	-7.946719	-6.964231
140.477737	4.144175	11.774793
140.466419	-10.236546	-0.240683
140.455101	-13.499332	3.142686
140.443783	7.355765	-6.084037
140.432465	-6.870695	-13.661578
140.421147	-1.774703	0.827294
140.409829	15.484512	-14.513373
140.398511	-6.373175	-16.571522
140.387193	-11.712147	-9.080745
140.375876	-0.024604	7.249689
140.364558	-8.145916	-10.803602
140.353240	-3.896030	2.206882
140.341922	7.675523	1.597574
140.330604	7.952179	5.097872
140.319286	-10.019130	-6.850344
140.307968	-13.192923	1.733237
140.296650	2.528726	-1.663806
140.285332	1.947416	3.840315
140.274014	-11.826009	21.366817
140.262697	13.438149	5.352392
140.251379	-12.163277	-1.403050
140.240061	36.881371	3.246850
140.228743	-6.039570	0.162087
140.217425	8.784097	3.571503
140.206107	0.168302	4.411159
140.194789	-9.911489	15.827162
140.183471	-1.131081	-3.469359
140.172153	6.058851	26.678534
140.160836	-2.265374	-12.268481
140.149518	15.289956	-2.654275
140.138200	7.498394	-4.267790
140.126882	-11.397917	-3.861057
140.115564	15.377422	-4.217022
140.104246	11.045712	-0.523603
140.092928	-17.012232	-12.048056
140.081610	8.582538	11.716352
140.070292	-10.275119	6.208497
140.058974	-12.207371	9.482608
140.047657	5.230125	7.635907
140.036339	-5.918465	11.149467
140.025021	5.711619	-10.589247
140.013703	6.579163	4.871458
140.002385	13.316718	4.092764
139.991067	-1.774018	-5.313034
139.979749	-1.279729	5.439219
139.968431	-13.913549	-17.031921
139.957113	0.027765	-1.533379
139.945795	4.577981	-10.695294
139.934478	7.032190	-3.024094
139.923160	-1.302412	11.175878
139.911842	-4.529777	-8.958573
139.900524	11.789915	-8.956204
139.889206	4.280168	0.511572
139.877888	1.536854	1.329876
139.866570	-8.097351	-16.632433
139.855252	2.587526	8.841941
139.843934	-22.524286	-0.284362
139.832616	10.263206	11.993529
139.821299	2.309971	5.586337
139.809981	17.138870	14.932249
139.798663	12.949200	12.461954
139.787345	15.630660	-2.742898
139.776027	-0.763431	-10.662759
139.764709	-14.863040	15.809250
139.753391	0.329777	1.307995
139.742073	8.998754	1.339259
139.730755	14.427172	-16.975750
139.719438	8.493345	7.850404
139.708120	-1.649242	-1.123287
139.696802	-5.184521	-7.791657
139.685484	-12.500270	-6.992118
139.674166	-4.813570	-8.607139
139.662848	-3.499846	-3.018776
139.651530	-0.689706	-5.469181
139.640212	-3.044771	1.905392
139.628894	-3.610671	4.364838
139.617576	7.510843	-18.216198
139.606259	1.004896	-26.389902
139.594941	-10.849206	-12.520409
139.583623	6.693194	2.787406
139.572305	1.351693	-8.563375
139.560987	-8.522526	-1.886460
139.549669	11.417128	1.215984
139.538351	-5.487736	4.728697
139.527033	-18.362635	-6.489054
139.515715	3.186604	-5.075532
139.504397	-15.988989	15.054543
139.493080	11.537807	7.109567
139.481762	2.642612	-6.414711
139.470444	-4.300353	5.695915
139.459126	6.022813	-7.421550
139.447808	8.650275	2.499775
139.436490	-10.639638	2.760494
139.425172	-10.835412	-9.931585
139.413854	-10.661464	-3.150788
139.402536	-4.905340	6.871588
139.391219	-3.628387	9.128385
139.379901	6.002762	5.262833
139.368583	-2.577715	-7.747234
139.357265	-1.778127	-0.929771
139.345947	3.396172	4.070727
139.334629	0.768238	-12.177213
139.323311	-4.958624	11.038678
139.311993	-3.115721	-15.253584
139.300675	-21.913418	3.847159
139.289357	-8.696942	7.422924
139.278040	-12.394895	3.187159
139.266722	2.998093	7.453459
139.255404	-3.627726	-3.555778
139.244086	21.262085	10.027127
139.232768	8.731022	-0.704745
139.221450	9.371384	1.073880
139.210132	-14.635279	-23.212685
139.198814	-5.936607	-8.272372
139.187496	-6.387367	-2.938250
139.176178	1.802384	4.192024
139.164861	0.708228	0.685269
139.153543	-5.354249	-1.556970
139.142225	-10.148581	15.302720
139.130907	-1.340996	-1.009821
139.119589	0.004110	12.404194
139.108271	10.921531	-4.705589
139.096953	9.746160	-11.139338
139.085635	0.013974	6.060910
139.074317	-9.184253	10.695451
139.063000	-8.583971	-11.208086
139.051682	-8.618196	-2.997573
139.040364	-5.213449	12.807528
139.029046	6.589646	3.235672
139.017728	8.264088	-4.335903
139.006410	15.464407	-2.970382
138.995092	-2.197699	-6.795385
138.983774	1.534593	-11.092276
138.972456	5.754548	-11.154220
138.961138	19.026661	5.015251
138.949821	-20.198130	-7.261712
138.938503	-9.002273	0.460667
138.927185	-13.114864	10.116504
138.915867	-1.883461	12.624218
138.904549	10.432928	4.877566
138.893231	4.299060	-0.112974
138.881913	2.926750	-6.669319
138.870595	7.878696	9.422334
138.859277	-11.256283	-4.844140
138.847959	3.755771	13.005550
138.836642	-15.050595	-21.282179
138.825324	2.410290	5.989455
138.814006	3.213677	4.737412
138.802688	11.250339	-8.108959
138.791370	-5.229611	-10.333682
138.780052	-7.536927	5.982285
138.768734	-14.429048	8.886347
138.757416	6.947298	10.393395
138.746098	9.308498	-14.077620
138.734780	2.572826	5.160517
138.723463	-9.931252	-7.190398
138.712145	-2.183323	15.221619
138.700827	-15.154218	-10.322329
138.689509	-1.356933	-13.352390
138.678191	7.455690	-2.239666
138.666873	5.782082	15.271206
138.655555	-4.623402	8.519753
138.644237	14.813972	-0.999616
138.632919	4.107733	10.080426
138.621602	14.143498	-1.555422
138.610284	-3.186054	8.732977
138.598966	0.051207	13.179579
138.587648	-9.415065	0.453634
138.576330	8.759895	-8.562714
138.565012	-7.535719	-7.120825
138.553694	-15.702663	-0.265979
138.542376	-18.250893	5.507189
138.531058	2.417204	11.425354
138.519740	13.302657	-29.368155
138.508423	3.491627	8.946754
138.497105	-12.546114	9.443213
138.485787	6.158864	21.063404
138.474469	-13.826878	-4.434430
138.463151	2.725611	22.891928
138.451833	2.547019	-6.363945
138.440515	-1.803945	7.574625
138.429197	-0.653096	-5.641976
138.417879	-12.309161	-17.902033
138.406561	9.618761	-11.677822
138.395244	17.217688	-11.842042
138.383926	6.333729	10.850437
138.372608	-11.499625	6.310169
138.361290	-13.776314	13.844901
138.349972	-16.150824	-3.122378
138.338654	11.083754	23.416996
138.327336	3.358403	-14.986347
138.316018	7.997969	-10.232073
138.304700	-6.020924	-0.630574
138.293383	17.591951	19.862249
138.282065	30.984453	-1.108107
138.270747	4.137468	14.495720
138.259429	0.514350	4.967431
138.248111	-11.145556	-2.268014
138.236793	-4.090820	-16.918814
138.225475	-11.570529	8.681984
138.214157	7.880136	-4.531725
138.202839	11.768666	-12.714905
138.191521	2.985564	7.512024
138.180204	-16.830599	0.058277
138.168886	-9.046632	6.955643
138.157568	-8.779245	-2.032065
138.146250	-9.213257	8.242298
138.134932	-10.105073	11.653339
138.123614	18.065323	-0.728316
138.112296	32.356758	-0.577051
138.100978	1.575290	-12.878685
138.089660	11.436165	-5.839266
138.078342	0.229924	20.645279
138.067025	-7.603494	-6.358777
138.055707	10.246736	15.593294
138.044389	7.066046	-1.053888
138.033071	13.224333	12.344507
138.021753	-5.014622	-22.416029
138.010435	-11.111627	-5.995398
137.999117	-11.658590	13.244200
137.987799	-15.215968	-5.419415
137.976481	5.848687	-4.982225
137.965163	-7.229137	-16.527460
137.953846	4.040052	-4.124156
137.942528	5.650271	-1.395812
137.931210	1.521978	4.858978
137.919892	10.448221	9.102163
137.908574	-5.421845	0.429052
137.897256	0.150201	1.660082
137.885938	6.306802	-16.996025
137.874620	5.950659	-3.214942
137.863302	4.308039	2.190761
137.851985	-8.605699	7.842827
137.840667	-0.245842	9.804427
137.829349	8.864322	12.194039
137.818031	2.954793	2.791892
137.806713	-2.989158	22.916487
137.795395	-5.197171	0.607622
137.784077	-14.008295	2.585994
137.772759	9.560290	-0.207311
137.761441	2.455489	-4.732228
137.750123	-7.349019	-11.971464
137.738806	-8.842546	-3.816975
137.727488	1.367027	-4.448837
137.716170	-2.689404	7.631843
137.704852	2.620591	-13.736673
137.693534	14.047907	-6.200034
137.682216	5.138884	1.353572
137.670898	-20.833729	-8.166467
137.659580	-21.679338	0.110076
137.648262	12.214070	6.206180
137.636944	-6.664769	12.621696
137.625627	14.202361	17.149008
137.614309	2.934612	6.482285
137.602991	7.935694	-7.510553
137.591673	-7.956634	3.201934
137.580355	14.993106	15.528547
137.569037	1.696945	2.731323
137.557719	-9.014489	-12.423364
137.546401	-0.734814	4.676642
137.535083	-8.120866	-7.994812
137.523766	-2.725258	10.249144
137.512448	-15.899587	-3.810093
137.501130	9.259906	5.265916
137.489812	-1.056505	-10.078571
137.478494	2.609507	3.353686
137.467176	0.069960	-6.182654
137.455858	9.082259	14.756475
137.444540	0.145899	2.458870
137.433222	-13.904751	-8.504756
137.421904	18.441645	0.508359
137.410587	7.966685	15.600260
137.399269	-7.399035	3.756051
137.387951	2.197173	4.126820
137.376633	9.765694	15.925932
137.365315	3.589958	1.142746
137.353997	-6.502011	-8.591893
137.342679	-15.587489	-11.656737
137.331361	3.878114	-6.784334
137.320043	-3.634179	-10.007160
137.308725	-22.938042	-10.347764
137.297408	6.968451	-9.823080
137.286090	-2.684198	-3.604644
137.274772	-27.560301	-18.425800
137.263454	9.269674	-7.170157
137.252136	-10.783389	-0.800669
137.240818	2.397202	1.568152
137.229500	7.913182	2.718293
137.218182	1.249339	11.988560
137.206864	0.394573	0.996252
137.195547	-7.680938	0.264698
137.184229	3.508245	-6.412276
137.172911	20.912859	-0.995979
137.161593	14.044335	6.178084
137.150275	-6.495549	3.245665
137.138957	6.847500	2.477233
137.127639	-11.771234	0.155718
137.116321	-5.335061	11.881287
137.105003	14.184846	2.413761
137.093685	1.097031	3.026994
137.082368	18.227907	-8.001608
137.071050	10.834142	-2.707437
137.059732	-7.932522	-4.949682
137.048414	20.722544	4.406994
137.037096	9.359650	-11.951097
137.025778	16.660486	-7.275527
137.014460	3.102189	-2.424823
137.003142	-3.527681	-2.976049
136.991824	-5.657728	2.284271
136.980506	11.746435	-14.589086
136.969189	-22.755964	-2.503855
136.957871	10.677476	12.481187
136.946553	4.095822	19.977139
136.935235	3.272714	-3.549083
136.923917	-6.606891	-13.287505
136.912599	7.236426	-12.684192
136.901281	-20.331980	10.064916
136.889963	-8.987191	18.663929
136.878645	0.651376	7.726633
136.867327	-7.063790	18.247564
136.856010	14.868268	1.817778
136.844692	11.633354	1.207888
136.833374	-13.386055	1.577369
136.822056	4.057786	-23.536858
136.810738	-20.653084	-5.853785
136.799420	6.081071	-39.192669
136.788102	-9.129983	5.297287
136.776784	-1.568738	-4.371492
136.765466	6.993027	-9.338110
136.754149	11.096572	5.348994
136.742831	9.733329	-9.856043
136.731513	-0.249220	9.007193
136.720195	3.012312	-10.040262
136.708877	14.674471	10.358565
136.697559	3.112583	-20.503853
136.686241	13.907527	-7.631885
136.674923	-7.047574	-3.201820
136.663605	-1.418116	2.340343
136.652287	3.246023	-8.488338
136.640970	5.005433	-13.023607
136.629652	14.501933	-5.411205
136.618334	-10.525130	-5.032276
136.607016	4.354527	-6.558397
136.595698	9.042521	-6.647892
136.584380	-4.922719	-9.027696
136.573062	12.120186	5.826396
136.561744	4.725500	4.364864
136.550426	-9.997637	1.117597
136.539108	-3.895811	-18.372496
136.527791	6.731225	-3.167408
136.516473	-3.907831	-14.722626
136.505155	2.879039	-5.643862
136.493837	-2.428598	4.076853
136.482519	-6.294783	-10.433025
136.471201	-10.914741	-10.959652
136.459883	-3.327531	19.801846
136.448565	-11.438478	0.018086
136.437247	18.278793	-2.307114
136.425930	14.074450	-6.549731
136.414612	-16.328772	-4.750682
136.403294	10.802123	7.494643
136.391976	-11.264555	3.539024
136.380658	2.214372	-15.462595
136.369340	-6.524671	-17.179804
136.358022	-7.468210	-2.962019
136.346704	3.932209	5.904812
136.335386	4.348597	2.083121
136.324068	-5.087805	4.624152
136.312751	-30.862625	2.457780
136.301433	-32.527412	4.102488
136.290115	13.787518	-4.387531
136.278797	28.068241	1.059065
136.267479	13.006264	15.386295
136.256161	6.531574	4.095972
136.244843	-13.506145	2.827305
136.233525	0.890936	-24.096560
136.222207	4.682743	15.960558
136.210889	11.366798	2.998838
136.199572	4.649517	-16.305843
136.188254	-17.618511	0.366178
136.176936	6.369247	-15.845795
136.165618	-3.979608	4.029877
136.154300	19.049297	-0.281789
136.142982	-0.851357	-4.159781
136.131664	-17.366076	5.448602
136.120346	13.670033	-23.830389
136.109028	-12.426360	-6.207807
136.097711	3.029224	3.011252
136.086393	-11.895469	8.176164
136.075075	-3.499022	5.416576
136.063757	6.881042	-10.108105
136.052439	4.019274	4.940749
136.041121	-2.639014	-12.029573
136.029803	-3.846346	-4.067309
136.018485	-5.421896	-12.959138
136.007167	13.451706	6.779849
135.995849	-3.921591	-5.432273
135.984532	9.042318	4.461271
135.973214	12.764080	-1.873479
135.961896	18.274918	0.595227
135.950578	3.744288	16.435154
135.939260	-6.751368	-9.547540
135.927942	12.853286	-8.052931
135.916624	-10.198471	-9.322938
135.905306	16.283703	-1.095587
135.893988	-8.556546	8.745366
135.882670	19.234118	-6.088882
135.871353	11.147993	-11.938352
135.860035	-3.040091	4.554604
135.848717	18.505224	-4.531003
135.837399	5.533322	1.080336
135.826081	-23.242109	-5.743740
135.814763	8.209702	8.489990
135.803445	-7.584265	13.624937
135.792127	-10.185202	11.439543
135.780809	1.324091	-3.617508
135.769491	-10.122675	-1.771584
135.758174	3.550741	-6.847028
135.746856	12.849649	5.597085
135.735538	7.778856	1.059974
135.724220	13.459383	-0.240121
135.712902	-6.122571	13.116157
135.701584	3.015584	8.055930
135.690266	-6.875906	-4.520288
135.678948	-21.014748	-1.016301
135.667630	3.079928	7.348571
135.656313	-1.392366	-12.898851
135.644995	-0.132259	15.641296
135.633677	-1.888040	5.926949
135.622359	10.553278	-14.516681
135.611041	9.190104	-4.177241
135.599723	15.321922	-3.641785
135.588405	10.378194	-9.041664
135.577087	12.388511	4.234702
135.565769	-4.237923	19.814001
135.554451	0.552743	4.832324
135.543134	1.054538	1.025327
135.531816	15.792068	-3.730973
135.520498	4.996716	6.237810
135.509180	0.543182	8.264162
135.497862	-5.236227	-19.802925
135.486544	-11.638795	9.381562
135.475226	1.838774	-13.782109
135.463908	11.723318	-13.161033
135.452590	3.673344	12.298347
135.441272	5.806969	-1.228667
135.429955	20.982306	10.973283
135.418637	10.208387	2.848845
135.407319	1.339668	-13.161291
135.396001	13.963553	20.516287
135.384683	1.315780	5.547209
135.373365	1.207930	3.475421
135.362047	2.631923	5.673019
135.350729	2.691366	-3.948721
135.339411	-4.448624	10.799085
135.328094	2.067614	-6.805674
135.316776	10.724752	-15.245661
135.305458	-4.048692	14.254354
135.294140	-12.470167	-0.044223
135.282822	-2.267408	-0.136666
135.271504	2.459404	-12.195413
135.260186	14.140786	8.463918
135.248868	12.498430	5.753778
135.237550	-14.599413	-0.825051
135.226232	13.512858	2.005501
135.214915	-0.740673	1.332507
135.203597	-8.467913	-0.290206
135.192279	-4.657201	-2.573358
135.180961	-11.505880	7.509417
135.169643	-4.188095	1.965967
135.158325	-0.616803	13.915789
135.147007	5.783999	10.059625
135.135689	-4.671986	-0.475803
135.124371	4.469034	-4.225845
135.113053	-7.808688	-7.190740
135.101736	5.184058	-11.870613
135.090418	-3.755804	-15.763308
135.079100	-12.842655	-11.942544
135.067782	-0.608075	4.266076
135.056464	4.107658	0.616628
135.045146	-3.375196	-6.538625
135.033828	-15.811075	-4.446849
135.022510	12.390544	-13.477829
135.011192	-3.801227	-14.101971
134.999875	-17.659365	-15.063315
134.988557	3.392576	-4.868083
134.977239	-6.107495	-2.627936
134.965921	-9.487020	-9.517031
134.954603	5.611467	3.706384
134.943285	2.624401	-7.603920
134.931967	0.320435	1.932204
134.920649	6.033386	8.164927
134.909331	5.947892	0.551561
134.898013	2.401125	3.580956
134.886696	-8.724424	-14.367023
134.875378	1.836629	-2.691400
134.864060	5.111376	15.503661
134.852742	4.402339	-2.469073
134.841424	1.641615	21.064814
134.830106	-9.417858	4.335252
134.818788	8.892600	-14.037585
134.807470	-0.481359	1.041926
134.796152	13.403431	-2.633334
134.784834	11.287725	-7.793881
134.773517	4.906664	4.652057
134.762199	3.728593	-1.107556
134.750881	-5.093849	-21.072313
134.739563	4.199870	2.994471
134.728245	-2.785409	-15.078229
134.716927	9.790456	-23.897104
134.705609	7.970910	-7.449488
134.694291	0.288260	-5.681571
134.682973	1.393875	-6.803442
134.671655	4.872941	-16.575682
134.660338	-0.204656	-12.159026
134.649020	-5.957393	-8.801554
134.637702	-9.614280	11.036537
134.626384	11.137021	-8.039114
134.615066	7.283456	-2.267236
134.603748	13.043925	-6.562870
134.592430	8.054512	-0.523676
134.581112	5.668955	8.166022
134.569794	11.937251	-4.569019
134.558477	9.225398	-1.252510
134.547159	-14.007887	1.487220
134.535841	-2.754232	-6.704962
134.524523	-9.000473	4.727500
134.513205	-5.269217	-5.541463
134.501887	-11.095961	-8.772738
134.490569	0.708778	-11.364837
134.479251	3.099588	-11.075538
134.467933	11.254541	-3.990656
134.456615	6.121949	4.304472
134.445298	11.392426	10.275777
134.433980	-5.739335	-22.807074
134.422662	1.150033	4.484851
134.411344	-16.324610	11.580616
134.400026	4.264087	-9.960262
134.388708	9.358296	11.878350
134.377390	2.298370	-12.636549
134.366072	-0.840627	7.585010
134.354754	-12.533501	2.496452
134.343436	-5.490484	-1.230569
134.332119	-23.569431	10.922591
134.320801	20.125147	-13.090714
134.309483	1.750713	10.703338
134.298165	4.610391	-4.431427
134.286847	10.185712	-10.879291
134.275529	4.079790	7.319547
134.264211	1.803149	-13.126944
134.252893	-17.783894	-16.918558
134.241575	-5.377686	4.030945
134.230258	-1.457772	-12.026019
134.218940	-9.336292	5.252804
134.207622	-10.671376	-0.782039
134.196304	-7.657225	-4.458157
134.184986	6.214229	-3.796126
134.173668	2.529570	-13.231641
134.162350	-4.227457	-14.449701
134.151032	3.638907	-0.670305
134.139714	4.044113	14.776020
134.128396	10.518839	-15.695951
134.117079	-21.715107	0.296272
134.105761	22.523497	-17.881613
134.094443	-2.340115	11.376662
134.083125	-12.334390	-1.101974
134.071807	-7.164873	-2.886079
134.060489	10.837230	-5.116487
134.049171	6.594793	4.667931
134.037853	-0.987910	4.516254
134.026535	-2.200056	-1.179408
134.015217	-9.394512	1.768806
134.003900	-0.082724	-18.837524
133.992582	-2.349741	5.220417
133.981264	-12.221864	-5.329013
133.969946	12.219573	1.830975
133.958628	4.162822	-0.092861
133.947310	10.284276	6.399759
133.935992	14.180287	-17.335976
133.924674	1.262199	-8.917679
133.913356	28.366068	8.770382
133.902039	-4.504730	5.734593
133.890721	5.434235	7.787898
133.879403	14.280511	-11.851065
133.868085	9.656544	-5.070878
133.856767	2.264011	0.502972
133.845449	10.094935	8.858795
133.834131	20.468494	-9.153982
133.822813	-0.586809	14.523131
133.811495	-2.661336	-5.904787
133.800177	-5.630938	10.359687
133.788860	-4.492886	5.990722
133.777542	-1.862729	-5.699431
133.766224	8.277135	-5.492856
133.754906	-2.427225	-9.437222
133.743588	5.566208	-8.666751
133.732270	1.760456	-12.224928
133.720952	21.301689	6.903958
133.709634	7.607076	11.172834
133.698316	1.073044	-2.845997
133.686998	13.106448	10.381854
133.675681	-2.162554	0.075692
133.664363	-10.427176	2.849877
133.653045	-7.765535	-11.586064
133.641727	-18.131781	-4.248431
133.630409	2.299165	18.431334
133.619091	-24.305851	0.520812
133.607773	-10.300568	-0.672964
133.596455	0.796690	-3.075726
133.585137	-7.617645	-1.108457
133.573819	-1.599803	4.062679
133.562502	-2.211355	-6.284117
133.551184	-8.422432	-7.500139
133.539866	-21.757301	-7.626418
133.528548	-6.962435	10.912711
133.517230	8.009936	-13.818199
133.505912	0.492535	-11.326620
133.494594	17.014078	-10.300989
133.483276	7.508509	-7.068822
133.471958	-1.935127	-5.502260
133.460641	-3.027332	7.187648
133.449323	6.318470	-9.384792
133.438005	3.802028	-1.787353
133.426687	8.344191	-10.675198
133.415369	9.170300	-16.752785
133.404051	-11.262671	1.404341
133.392733	-0.845028	0.062206
133.381415	-7.543489	-6.349115
133.370097	-16.300772	5.505774
133.358779	5.512502	-4.225851
133.347462	-11.064663	-3.114959
133.336144	-4.418220	4.139655
133.324826	11.014797	9.201570
133.313508	-4.199138	4.259957
133.302190	12.114809	0.873282
133.290872	-0.800439	5.916553
133.279554	-10.498782	-14.268244
133.268236	6.520535	-20.917202
133.256918	5.121217	-10.114930
133.245600	-2.137245	-4.817380
133.234283	6.779460	12.883116
133.222965	3.420177	1.820072
133.211647	2.027631	-9.741167
133.200329	-7.432236	-19.535755
133.189011	3.188791	19.930025
133.177693	4.997983	6.507121
133.166375	1.813014	2.470431
133.155057	9.534405	-8.000805
133.143739	9.952734	10.098495
133.132422	11.315429	-7.525374
133.121104	-3.045652	-1.694798
133.109786	2.538040	-5.172155
133.098468	-7.994281	-1.203078
133.087150	-3.341187	-8.961154
133.075832	6.507895	10.793853
133.064514	-5.967067	15.051413
133.053196	-9.381158	13.937022
133.041878	-11.381140	0.537283
133.030560	3.484969	0.764106
133.019243	7.969581	-13.502959
133.007925	7.700358	10.453323
132.996607	-6.514780	18.306944
132.985289	-15.509501	8.242204
132.973971	3.095807	-4.550924
132.962653	-6.768706	0.480451
132.951335	-1.882236	-10.194118
132.940017	-10.727057	23.172279
132.928699	-9.841066	-1.579803
132.917381	-16.115767	-15.437981
132.906064	2.507907	-12.819948
132.894746	0.604859	6.902999
132.883428	-4.682733	-3.682541
132.872110	-2.450961	-13.936568
132.860792	0.084051	5.089450
132.849474	-1.078119	-10.491390
132.838156	7.745525	-4.621558
132.826838	2.344095	-1.715346
132.815520	5.224563	13.248269
132.804203	0.262272	2.309708
132.792885	-1.440017	1.259078
132.781567	1.948416	17.790052
132.770249	-9.971690	0.525121
132.758931	-7.070848	9.247938
132.747613	-10.587636	7.301298
132.736295	17.900064	-14.629875
132.724977	9.048142	-11.540966
132.713659	-4.545785	-2.670208
132.702341	8.796718	20.711603
132.691024	-8.722696	-4.143963
132.679706	-5.894269	-0.385396
132.668388	-2.796159	-6.628652
132.657070	-5.399240	-12.185988
132.645752	-0.277308	-11.851867
132.634434	-4.502655	-5.925116
132.623116	-10.022303	5.745261
132.611798	0.753080	5.551854
132.600480	-2.517145	9.014368
132.589162	-1.296151	-5.685359
132.577845	7.770573	-16.873598
132.566527	-8.649611	-3.648471
132.555209	5.053891	-6.224544
132.543891	-9.965584	-16.071560
132.532573	-3.607894	7.141078
132.521255	3.470533	-9.883772
132.509937	6.686962	-0.111424
132.498619	-12.019259	-2.601488
132.487301	-5.028888	14.102731
132.475983	-8.562284	-4.837182
132.464666	-9.800041	-4.833082
132.453348	-2.817738	3.152910
132.442030	6.833589	-9.923124
132.430712	6.162767	-1.062135
132.419394	-14.985034	-24.732244
132.408076	4.033601	-2.969676
132.396758	1.422972	-23.769732
132.385440	-0.959607	10.301560
132.374122	5.741330	0.819405
132.362805	-3.934478	9.044064
132.351487	-2.435403	0.720499
132.340169	16.679028	-0.988502
132.328851	-3.257482	5.500660
132.317533	-0.018701	-6.819659
132.306215	-16.218607	0.027030
132.294897	-3.471970	-23.440588
132.283579	5.910923	-6.169774
132.272261	-9.479473	-1.752836
132.260943	8.098629	3.994410
132.249626	-14.375131	2.141844
132.238308	-1.408787	-3.702276
132.226990	-3.768634	-4.051821
132.215672	-0.348188	-12.197119
132.204354	-5.996891	-1.129278
132.193036	-0.457554	3.760501
132.181718	7.816506	-3.288518
132.170400	0.641846	-8.867675
132.159082	-2.090260	2.282304
132.147764	-12.828441	-10.585250
132.136447	-14.350718	-16.886604
132.125129	9.791216	-10.612775
132.113811	3.390500	-5.177564
132.102493	-7.720317	-3.333046
132.091175	-1.567720	-0.294107
132.079857	-10.809581	-0.460860
132.068539	11.543212	-15.650118
132.057221	-9.418013	3.464228
132.045903	7.884532	-7.776656
132.034586	7.076963	-1.748671
132.023268	4.118914	0.605165
132.011950	3.969876	-3.824235
132.000632	5.901402	-11.035316
131.989314	9.503140	7.658272
131.977996	-8.686501	6.761240
131.966678	-0.239207	-5.552323
131.955360	1.018894	-2.662868
131.944042	-4.596546	2.463062
131.932724	-3.086070	3.081688
131.921407	15.057589	7.946818
131.910089	-6.063643	12.818655
131.898771	-5.785824	-1.318939
131.887453	-4.323940	6.339880
131.876135	-20.115465	8.659951
131.864817	10.515414	3.894685
131.853499	-2.154529	1.998556
131.842181	4.709919	-13.561037
131.830863	-1.785647	2.137845
131.819545	-8.426531	5.941318
131.808228	19.311316	-8.748663
131.796910	9.672253	2.603025
131.785592	8.580124	-1.458082
131.774274	10.209653	4.664214
131.762956	-4.300189	5.371633
131.751638	0.819620	-9.941505
131.740320	-24.010159	13.743793
131.729002	-1.884911	-7.030561
131.717684	-10.001615	-15.683894
131.706367	-5.971148	-3.423732
131.695049	0.375124	-17.522469
131.683731	-2.075182	-9.034311
131.672413	-5.316154	0.931263
131.661095	3.284288	9.234900
131.649777	7.121670	1.499520
131.638459	16.749773	-16.225269
131.627141	11.607322	12.033203
131.615823	-9.868290	30.681648
131.604505	-16.345524	5.454865
131.593188	5.289366	1.306242
131.581870	-0.949858	3.937758
131.570552	9.676162	-6.834840
131.559234	-2.462779	-1.019906
131.547916	6.024068	3.080032
131.536598	19.358620	-13.150899
131.525280	2.841338	-2.171611
131.513962	-3.781460	1.501711
131.502644	-7.421022	5.333333
131.491326	-6.044994	-2.116762
131.480009	-3.146762	-8.942197
131.468691	-5.986388	5.919592
131.457373	5.599760	1.033520
131.446055	2.752985	5.010180
131.434737	18.591484	-1.275085
131.423419	-6.120267	-14.282139
131.412101	-1.063793	-10.423026
131.400783	-5.394359	0.668447
131.389465	6.596825	8.766030
131.378147	2.540420	-2.690236
131.366830	0.886602	-4.099538
131.355512	3.043186	-1.182304
131.344194	1.889305	-1.924657
131.332876	-5.471769	-25.102110
131.321558	-1.239813	-11.304755
131.310240	-11.156842	-6.569458
131.298922	0.732715	0.732307
131.287604	4.515173	15.387041
131.276286	-11.905027	2.577887
131.264969	-21.780209	5.194154
131.253651	3.294279	0.930507
131.242333	5.068972	-23.062805
131.231015	6.573141	8.925406
131.219697	-6.146639	-4.279207
131.208379	-3.118528	-1.469505
131.197061	-1.448136	-20.265240
131.185743	14.520550	-5.302008
131.174425	5.568316	14.752250
131.163107	0.180082	8.599852
131.151790	3.321082	-7.985872
131.140472	-10.038216	6.794716
131.129154	-4.428946	-6.702606
131.117836	-0.204287	7.009187
131.106518	-1.737237	9.847758
131.095200	0.462813	5.364698
131.083882	-8.263571	-4.569702
131.072564	0.973835	0.068940
131.061246	-4.864668	1.313110
131.049928	3.043281	-2.502598
131.038611	7.650350	13.484990
131.027293	-0.715344	-14.252050
131.015975	1.888842	-12.397332
131.004657	5.317558	-3.388752
130.993339	-0.908452	-2.506971
130.982021	16.051315	-4.358079
130.970703	-0.186784	-4.311822
130.959385	-6.194454	-6.840171
130.948067	5.775170	-3.152357
130.936750	-0.187910	-7.775795
130.925432	1.386622	-8.793373
130.914114	-8.713629	-4.390354
130.902796	5.486233	-5.712799
130.891478	3.984134	0.446185
130.880160	5.482206	-1.738425
130.868842	8.767077	9.364073
130.857524	-11.319503	-3.252245
130.846206	4.144615	-1.093270
130.834888	-0.216529	-4.534142
130.823571	0.797868	3.867445
130.812253	0.430773	7.161262
130.800935	1.650208	-10.154149
130.789617	8.314438	-6.644026
130.778299	5.098221	-8.228828
130.766981	-6.102799	3.948014
130.755663	-8.845049	-4.631951
130.744345	10.976104	7.326455
130.733027	1.497182	14.061667
130.721709	3.262402	3.293947
130.710392	1.480870	11.235560
130.699074	-10.166624	30.766266
130.687756	0.906707	-19.623421
130.676438	10.041477	-7.021324
130.665120	1.926399	-2.737210
130.653802	0.329642	7.304399
130.642484	-3.604697	14.598124
130.631166	-11.725408	1.477047
130.619848	-3.050696	9.194987
130.608530	1.746053	-18.283545
130.597213	-6.908894	-2.948871
130.585895	13.469186	1.452077
130.574577	-3.637240	-0.091874
130.563259	7.378901	-1.345386
130.551941	8.578037	0.038527
130.540623	17.252619	-2.581678
130.529305	3.030093	7.335367
130.517987	-5.548953	2.922029
130.506669	0.795338	-7.522144
130.495352	11.688337	-0.352086
130.484034	8.497446	-4.640928
130.472716	0.590013	3.645697
130.461398	-0.308495	-11.899228
130.450080	-2.420537	-1.594370
130.438762	16.602470	18.388424
130.427444	-10.661737	0.570989
130.416126	-3.148271	10.579719
130.404808	-8.321140	2.644763
130.393490	11.457232	6.817378
130.382173	6.954351	-11.875206
130.370855	8.024293	6.075405
130.359537	-5.445400	7.358258
130.348219	-2.801692	-10.460271
130.336901	-0.980662	1.552379
130.325583	5.284345	-1.854257
130.314265	2.389973	-10.737773
130.302947	-3.157508	5.083995
130.291629	17.626120	-10.265855
130.280311	-2.754810	7.486600
130.268994	4.565579	-9.920650
130.257676	12.968269	-2.445996
130.246358	11.194943	-5.094512
130.235040	15.814540	-1.132179
130.223722	-3.125066	2.577862
130.212404	1.419353	2.911822
130.201086	5.461740	8.575474
130.189768	0.033006	5.212966
130.178450	6.550258	0.943218
130.167133	6.368162	-1.840661
130.155815	4.213044	8.807302
130.144497	4.318039	-6.831150
130.133179	7.501768	-5.930741
130.121861	2.631437	12.017952
130.110543	0.861479	4.833078
130.099225	8.268559	15.135966
130.087907	2.887033	-10.849372
130.076589	-3.799322	4.557995
130.065271	4.880133	7.409261
130.053954	-1.868010	-9.120513
130.042636	3.879225	-11.330136
130.031318	8.742894	-4.603479
130.020000	-6.998729	-2.243870
130.008682	-2.171610	11.154301
129.997364	4.013144	-10.366218
129.986046	-16.821098	8.691566
129.974728	12.748945	-6.810826
129.963410	14.415482	12.083958
129.952092	-15.537918	20.561060
129.940775	5.681902	-1.488558
129.929457	-9.290946	-3.426267
129.918139	5.086987	25.501089
129.906821	-8.828806	19.851393
129.895503	-12.583147	8.736489
129.884185	3.241395	-8.187490
129.872867	6.475492	1.427279
129.861549	-6.569500	-18.272509
129.850231	1.158758	5.184661
129.838914	16.204550	7.969665
129.827596	5.719275	-1.665566
129.816278	-1.897535	-14.553795
129.804960	5.176512	-2.092507
129.793642	-13.494945	2.767626
129.782324	-8.480421	-8.691580
129.771006	-0.270624	-3.302084
129.759688	-0.424577	6.088742
129.748370	-8.975249	8.526177
129.737052	-15.034644	17.908766
129.725735	5.546070	2.631783
129.714417	6.490141	4.580458
129.703099	7.769222	-15.966077
129.691781	0.956875	0.909962
129.680463	14.817980	-14.202379
129.669145	9.040120	1.217605
129.657827	0.240416	1.941609
129.646509	1.210445	-3.553077
129.635191	0.642100	-3.226827
129.623873	1.137670	8.142513
129.612556	10.772384	-2.861776
129.601238	9.308752	7.757249
129.589920	-6.955529	1.248643
129.578602	2.336514	1.825851
129.567284	-5.952157	2.081308
129.555966	-3.527089	-14.464545
129.544648	-0.819086	0.362435
129.533330	-15.786592	-1.406523
129.522012	8.662771	-7.101885
129.510694	8.902674	0.581736
129.499377	-8.787343	4.517825
129.488059	-17.373199	0.639982
129.476741	15.639628	2.597553
129.465423	3.905115	-6.469883
129.454105	9.566778	2.870007
129.442787	8.257545	-8.066692
129.431469	4.841651	-2.238094
129.420151	-3.320662	14.694798
129.408833	-1.770391	-11.152925
129.397516	1.563720	-8.238821
129.386198	3.783831	-13.196028
129.374880	-10.348439	16.090675
129.363562	-4.290961	-1.200935
129.352244	6.915475	-4.760977
129.340926	5.952023	-0.670615
129.329608	-7.534424	7.917598
129.318290	7.603981	-2.303510
129.306972	6.781111	-1.785613
129.295654	4.018416	10.552307
129.284337	0.229159	0.143210
129.273019	4.024086	2.726001
129.261701	1.747957	14.392265
129.250383	-7.139734	10.265790
129.239065	-0.344979	-17.186979
129.227747	9.012086	-0.078634
129.216429	11.013184	-1.460850
129.205111	-14.750100	4.835870
129.193793	-2.591198	-2.254115
129.182475	-7.381428	-5.103922
129.171158	-3.255304	-3.249984
129.159840	0.969324	0.376128
129.148522	1.716828	-2.498555
129.137204	-0.599761	-0.559622
129.125886	7.283303	4.684338
129.114568	1.298976	8.675968
129.103250	-4.940161	5.723444
129.091932	-0.739384	5.430496
129.080614	-2.902563	7.978735
129.069297	14.228470	-6.538272
129.057979	-8.668437	10.369520
129.046661	12.499593	-9.168855
129.035343	1.142830	-14.603990
129.024025	6.251349	-2.379844
129.012707	-10.389972	-4.479458
129.001389	-9.384349	5.349325
128.990071	-8.053260	5.181840
128.978753	11.456337	-2.467466
128.967435	1.177091	-3.775029
128.956118	-0.095645	-5.004597
128.944800	-1.676104	2.064790
128.933482	3.681395	5.609685
128.922164	-7.385876	10.380473
128.910846	-1.680866	8.154355
128.899528	-2.336223	-9.093875
128.888210	-2.705570	-1.160813
128.876892	7.211244	-3.913810
128.865574	0.824339	10.571287
128.854256	7.014062	-3.097323
128.842939	3.297488	6.281526
128.831621	-7.604799	13.656212
128.820303	-4.031097	-0.169325
128.808985	0.220213	14.901391
128.797667	-4.601384	2.947032
128.786349	-0.448363	1.073811
128.775031	-9.541024	-0.835127
128.763713	0.487931	-4.254838
128.752395	-14.073561	0.313843
128.741078	-12.666603	-2.860858
128.729760	-4.388240	-14.280219
128.718442	-2.618504	10.602720
128.707124	5.363678	7.089237
128.695806	0.675814	-0.807770
128.684488	5.323707	-7.896896
128.673170	4.936090	-8.141097
128.661852	-3.714026	7.028481
128.650534	-4.021200	6.185490
128.639216	-3.711425	4.420880
128.627899	-5.357989	10.445868
128.616581	-0.851504	-0.271699
128.605263	0.958561	-8.467178
128.593945	3.348515	-3.418437
128.582627	15.670566	-0.719051
128.571309	8.354682	9.077468
128.559991	-2.094137	8.775376
128.548673	-12.491259	5.714916
128.537355	12.764778	-0.892401
128.526037	3.790221	4.083216
128.514720	8.766407	-4.631067
128.503402	1.559401	8.002727
128.492084	-5.213195	-17.717945
128.480766	4.962468	-3.763160
128.469448	-12.228395	-1.360162
128.458130	-2.077871	-6.280082
128.446812	-11.545926	-16.113405
128.435494	3.922876	-13.578213
128.424176	-0.150579	6.344570
128.412858	2.663058	-7.934134
128.401541	-9.532682	-3.737721
128.390223	-1.155613	-12.114417
128.378905	-0.984739	-4.249332
128.367587	10.211427	2.194143
128.356269	11.390114	1.964591
128.344951	-2.843075	14.619544
128.333633	2.505052	6.926061
128.322315	-1.965334	2.245046
128.310997	8.203864	1.132661
128.299680	1.107096	12.136222
128.288362	-5.979493	-0.316730
128.277044	-1.899042	0.411720
128.265726	4.310318	10.023494
128.254408	3.735700	-2.157973
128.243090	2.914032	5.031507
128.231772	-11.088978	0.123355
128.220454	-12.389424	-11.922033
128.209136	0.247685	16.204836
128.197818	-12.385448	0.409026
128.186501	2.962629	3.148200
128.175183	-12.813092	-6.121984
128.163865	2.198179	-3.214687
128.152547	-2.848773	6.659764
128.141229	-4.940228	7.406410
128.129911	0.612462	-20.664381
128.118593	-6.279814	8.059077
128.107275	1.977752	1.639406
128.095957	0.430095	1.754459
128.084639	2.943885	-2.435753
128.073322	10.134629	1.474731
128.062004	-6.807236	-4.253303
128.050686	-8.658110	-9.274686
128.039368	-0.558426	-4.300409
128.028050	8.271145	-1.803006
128.016732	3.871436	2.707267
128.005414	3.922107	-13.032702
127.994096	-5.942218	-3.518882
127.982778	-7.107579	-3.920738
127.971461	-5.730744	-13.392367
127.960143	10.548843	0.359648
127.948825	6.639629	-10.240754
127.937507	0.314347	4.604446
127.926189	-3.218892	-9.726144
127.914871	0.468068	-7.470509
127.903553	-8.534112	6.010665
127.892235	-1.393289	-6.109427
127.880917	7.104347	0.615376
127.869599	-0.067328	3.777558
127.858282	2.984116	5.282112
127.846964	3.969311	1.805427
127.835646	-12.680008	7.951862
127.824328	7.364765	6.689312
127.813010	2.121520	-1.734858
127.801692	9.094070	6.594891
127.790374	7.489565	-4.680613
127.779056	-6.888461	-8.282660
127.767738	-1.814947	-5.025213
127.756420	-3.899358	-6.830577
127.745103	-0.709852	6.505128
127.733785	3.320490	1.889097
127.722467	0.200793	-8.072978
127.711149	-3.331643	6.615395
127.699831	-3.016337	0.431998
127.688513	-4.957220	1.804664
127.677195	6.328627	5.164340
127.665877	6.132758	-9.511685
127.654559	-7.351776	4.708066
127.643242	-8.904043	-0.821042
127.631924	-1.464191	-2.397235
127.620606	10.907516	-2.740221
127.609288	0.273626	4.667986
127.597970	-8.191118	-4.323245
127.586652	10.151177	6.832088
127.575334	-7.116865	-3.904603
127.564016	-2.333305	-19.988808
127.552698	1.838820	-2.778845
127.541380	2.094675	-6.655566
127.530063	3.322849	8.137351
127.518745	10.368174	-7.347500
127.507427	8.840883	1.747100
127.496109	1.111813	7.736139
127.484791	-9.926650	-4.776536
127.473473	-7.385603	-4.660791
127.462155	12.396511	-14.337192
127.450837	5.216933	-1.536688
127.439519	-0.776099	13.143559
127.428201	-3.512466	-3.146892
127.416884	0.913391	-4.504370
127.405566	-0.404899	-8.194823
127.394248	1.952542	-0.217647
127.382930	-7.254853	9.801162
127.371612	-13.811694	-5.262695
127.360294	-4.335571	1.041326
127.348976	6.042843	-5.364863
127.337658	5.695543	5.315772
127.326340	-4.042726	-2.105009
127.315022	2.352144	0.873615
127.303705	6.567870	-1.012657
127.292387	0.295241	5.366990
127.281069	5.463227	-5.102851
127.269751	-2.982742	-1.494233
127.258433	3.815651	5.213548
127.247115	-4.424031	0.346311
127.235797	10.951566	0.139115
127.224479	9.282835	1.288194
127.213161	9.666467	1.290022
127.201844	-3.844034	7.273576
127.190526	-14.685520	-4.644156
127.179208	2.708967	-13.668264
127.167890	6.185120	2.120588
127.156572	-10.451619	3.137098
127.145254	-3.128811	-4.413485
127.133936	-1.823944	-1.265758
127.122618	4.726333	2.200800
127.111300	-6.170005	7.880565
127.099982	-4.439427	0.802594
127.088665	1.951505	5.359815
127.077347	-1.941557	-1.490469
127.066029	1.131168	-0.862492
127.054711	10.739245	-1.325530
127.043393	9.166930	-11.722165
127.032075	-13.948533	20.539577
127.020757	-3.722150	0.362252
127.009439	-5.993555	-3.829608
126.998121	6.465398	-3.310512
126.986803	3.043839	7.718426
126.975486	-4.411433	1.276597
126.964168	-4.812400	-17.607779
126.952850	3.653485	-12.924803
126.941532	5.905216	-6.536935
126.930214	4.617063	-4.719081
126.918896	-0.754769	-2.828717
126.907578	-2.441052	-12.689884
126.896260	-1.512385	7.127037
126.884942	-3.376860	-1.019852
126.873625	9.354601	9.868908
126.862307	-1.995822	5.560846
126.850989	2.033694	-4.170829
126.839671	-12.781846	-1.934835
126.828353	-2.458119	-1.373403
126.817035	0.636929	1.512331
126.805717	-1.536792	8.760031
126.794399	-8.058720	-5.864359
126.783081	4.007770	-9.491137
126.771763	9.859675	11.044501
126.760446	-0.219971	12.692766
126.749128	-3.837594	8.021059
126.737810	-11.179602	0.886037
126.726492	3.029070	-3.252859
126.715174	-4.796730	4.825659
126.703856	3.302200	-1.891880
126.692538	-8.214255	6.614617
126.681220	5.895573	-0.427908
126.669902	-2.634274	-9.349417
126.658584	2.138643	-0.665730
126.647267	-9.214322	-13.039371
126.635949	4.631624	1.874044
126.624631	-7.937133	-2.167274
126.613313	-5.764943	-6.640495
126.601995	-11.784606	-1.175655
126.590677	-3.016832	1.697019
126.579359	0.607653	16.047949
126.568041	-2.226830	-2.934027
126.556723	10.824859	3.963155
126.545406	4.608107	-1.038755
126.534088	-0.493966	-3.314565
126.522770	-4.544086	3.263813
126.511452	-12.286442	2.588726
126.500134	-1.610912	-8.312051
126.488816	0.702810	12.622835
126.477498	5.114479	3.040998
126.466180	5.948071	3.794761
126.454862	-0.272171	7.740157
126.443544	-0.517779	12.839716
126.432227	-9.984436	2.204468
126.420909	3.180722	6.322820
126.409591	-11.924917	-0.301108
126.398273	0.526097	-3.852196
126.386955	-5.201103	-12.500257
126.375637	6.351036	4.734371
126.364319	5.074389	3.186009
126.353001	-11.985903	4.162411
126.341683	0.431331	5.849808
126.330365	2.246404	-4.859153
126.319048	-1.503170	-3.130291
126.307730	1.899544	-4.625162
126.296412	4.437499	6.069201
126.285094	-2.514535	4.653100
126.273776	-11.408565	-4.646649
126.262458	5.847110	-5.245412
126.251140	-3.562801	9.304437
126.239822	-3.769636	-1.983782
126.228504	3.727614	3.647988
126.217186	-3.858839	11.656222
126.205869	-4.103675	6.340001
126.194551	1.652450	6.515294
126.183233	-6.176590	-2.654707
126.171915	-3.578745	5.314034
126.160597	0.472365	-9.697133
126.149279	-8.777188	10.960218
126.137961	-2.173515	-5.993024
126.126643	-0.920238	-2.405277
126.115325	4.649798	8.284381
126.104008	-7.900575	0.279784
126.092690	7.936534	-10.533216
126.081372	-5.893016	3.017906
126.070054	-8.350403	9.800369
126.058736	2.768117	4.381455
126.047418	-6.487203	-1.135980
126.036100	-9.104870	-1.825135
126.024782	9.199888	4.046042
126.013464	-0.349662	1.715875
126.002146	0.586255	3.927799
125.990829	-10.811575	7.949472
125.979511	3.547632	3.238431
125.968193	2.722850	4.502500
125.956875	7.167648	-9.896114
125.945557	12.057708	-6.177117
125.934239	0.815562	4.634519
125.922921	-7.436374	-8.526695
125.911603	-2.300262	0.751736
125.900285	3.647647	-4.345554
125.888967	-8.504810	6.799100
125.877650	-4.300875	2.573098
125.866332	-0.429830	-6.729342
125.855014	9.223879	2.709596
125.843696	3.575692	3.007001
125.832378	6.331282	-5.450295
125.821060	-3.134071	4.272167
125.809742	-1.101536	5.847534
125.798424	1.629011	0.777481
125.787106	-1.880445	13.410296
125.775789	-1.808624	3.477217
125.764471	-7.646892	-3.219966
125.753153	2.997212	-18.251562
125.741835	14.305400	0.458536
125.730517	-0.982419	1.688286
125.719199	-2.993123	1.143475
125.707881	-0.194205	6.783439
125.696563	3.437855	-3.680886
125.685245	6.851174	6.793839
125.673927	5.229714	1.130992
125.662610	-7.842672	-1.777878
125.651292	1.919596	1.792745
125.639974	11.660548	-2.353106
125.628656	-3.101300	9.486526
125.617338	1.289617	-11.880793
125.606020	8.158923	-1.533242
125.594702	-0.158272	15.247694
125.583384	-7.726789	-7.239439
125.572066	11.648618	-1.791077
125.560748	6.348760	0.826483
125.549431	8.237271	3.197636
125.538113	4.799494	0.620032
125.526795	-6.794793	1.623262
125.515477	8.148900	-4.404692
125.504159	13.364738	0.484250
125.492841	3.657736	-9.732382
125.481523	-13.555101	-5.114879
125.470205	1.298090	10.538488
125.458887	0.173358	-3.558644
125.447570	-5.020844	4.031599
125.436252	2.458672	-9.796392
125.424934	-12.894875	12.385768
125.413616	-4.986238	-16.398989
125.402298	6.675810	-4.501181
125.390980	1.124125	10.504289
125.379662	-11.796770	-0.051451
125.368344	3.702237	-6.017523
125.357026	3.477334	-0.374867
125.345708	-2.323439	1.923503
125.334391	-8.783522	6.634641
125.323073	-8.851521	0.128969
125.311755	-11.321759	-1.258176
125.300437	4.368515	-2.560345
125.289119	5.784245	-9.232360
125.277801	11.684558	-1.680692
125.266483	0.025889	0.658129
125.255165	-0.278160	-1.967318
125.243847	-4.562784	-2.417506
125.232529	-14.070709	-13.889725
125.221212	-5.888955	-7.843530
125.209894	1.656007	-3.496542
125.198576	9.747566	0.344762
125.187258	-4.384047	-7.365869
125.175940	-6.548610	-6.112442
125.164622	5.082467	3.762347
125.153304	-9.833526	2.223741
125.141986	-4.083896	-2.850336
125.130668	-6.259002	-1.652444
125.119350	-2.073700	2.113667
125.108033	-5.643162	8.202074
125.096715	3.860100	0.191865
125.085397	-4.610304	0.645893
125.074079	-12.467837	-2.356551
125.062761	0.254948	2.144057
125.051443	12.158144	-11.604050
125.040125	-0.782054	1.578493
125.028807	4.241854	1.817194
125.017489	-0.488947	-8.659667
125.006172	-10.597018	8.711611
124.994854	-8.145179	-15.712666
124.983536	10.196331	-2.326847
124.972218	6.421554	-3.257955
124.960900	-6.614473	-2.106149
124.949582	-1.416900	8.306252
124.938264	-1.075399	-8.184226
124.926946	6.101802	-4.981067
124.915628	5.076910	-1.134341
124.904310	-2.651865	1.615633
124.892993	-1.896146	-10.045762
124.881675	6.235156	-0.309451
124.870357	10.481049	6.491877
124.859039	-6.949755	10.637975
124.847721	-3.504410	9.045732
124.836403	3.419943	11.154786
124.825085	7.032791	-0.379155
124.813767	11.296808	-1.454320
124.802449	-5.195907	13.235023
124.791131	-9.918740	-7.793735
124.779814	4.161207	-11.341879
124.768496	2.020641	0.181155
124.757178	7.858418	2.342176
124.745860	1.156382	1.995949
124.734542	-11.718349	-11.221929
124.723224	-1.847698	-3.140146
124.711906	1.555059	3.550337
124.700588	5.111697	0.991701
124.689270	-2.969052	7.034864
124.677953	3.788105	2.436428
124.666635	-3.650542	3.825410
124.655317	-11.347928	-3.364795
124.643999	0.882343	-9.226378
124.632681	-1.478699	-4.466601
124.621363	-7.723605	1.248116
124.610045	-5.039413	11.408854
124.598727	5.941795	1.252841
124.587409	15.745718	-3.707361
124.576091	5.171134	-1.227311
124.564774	-4.151358	4.520033
124.553456	-3.407752	-1.901544
124.542138	2.705800	1.182643
124.530820	-1.906240	3.971535
124.519502	3.416191	-0.858641
124.508184	1.325366	7.203575
124.496866	-4.082996	5.521573
124.485548	-5.683975	-8.521840
124.474230	4.092302	4.763256
124.462912	5.402646	7.823785
124.451595	1.959366	-6.505129
124.440277	-5.325320	7.162489
124.428959	5.856755	-5.759968
124.417641	-4.638333	-11.559065
124.406323	-3.191793	1.630655
124.395005	2.893991	1.438181
124.383687	-12.768239	6.346713
124.372369	8.807890	7.977078
124.361051	8.637024	-1.965742
124.349734	8.036019	-4.810762
124.338416	6.480112	-15.276203
124.327098	3.407584	2.413005
124.315780	-8.004258	-16.997520
124.304462	1.984474	3.749581
124.293144	-1.556892	8.536073
124.281826	-11.558210	-2.152060
124.270508	-6.684157	-1.800638
124.259190	2.708767	-16.211365
124.247872	-2.871583	12.509317
124.236555	6.816176	3.142063
124.225237	-2.466393	6.930214
124.213919	-3.759691	13.484691
124.202601	9.930785	-9.419824
124.191283	1.783363	-3.023382
124.179965	-3.047643	3.984988
124.168647	4.443123	-1.836287
124.157329	1.093207	-0.274252
124.146011	-5.095024	-14.931063
124.134693	5.669005	-6.134123
124.123376	-4.140934	-7.605008
124.112058	12.522313	7.584782
124.100740	2.943498	4.678155
124.089422	0.121404	-16.559040
124.078104	-4.619815	13.706050
124.066786	3.221890	-13.221819
124.055468	10.833815	3.066877
124.044150	-5.882907	8.327440
124.032832	2.155850	-5.328652
124.021514	16.773235	5.244743
124.010197	-1.865325	7.138648
123.998879	-3.873434	5.224245
123.987561	0.264021	-1.655032
123.976243	-4.087934	-2.859165
123.964925	2.160334	-2.577787
123.953607	-6.137561	-1.919712
123.942289	12.297077	13.240355
123.930971	-5.299016	10.474972
123.919653	-2.140340	-1.731390
123.908336	1.690904	-4.125313
123.897018	-0.856940	1.148404
123.885700	-4.332216	23.218466
123.874382	-9.343144	-10.307070
123.863064	16.140438	-9.954402
123.851746	-0.017964	3.358262
123.840428	2.104715	6.979609
123.829110	-6.675457	-7.740248
123.817792	1.409207	1.958479
123.806474	2.594728	1.654358
123.795157	-3.037529	2.576304
123.783839	-5.864276	-10.632259
123.772521	5.941085	-0.993267
123.761203	-10.214162	4.463849
123.749885	3.123878	2.355669
123.738567	3.260849	-6.104399
123.727249	2.026379	-0.959932
123.715931	2.510992	1.878225
123.704613	-0.151698	4.274161
123.693295	-6.506660	-6.070911
123.681978	-3.779315	-4.270909
123.670660	0.953388	-0.706265
123.659342	9.579541	9.414975
123.648024	5.327556	-5.046773
123.636706	-5.458461	10.365646
123.625388	-1.176572	-4.136138
123.614070	13.735087	-6.633265
123.602752	8.686460	11.294082
123.591434	-13.246138	1.023892
123.580117	11.643485	-8.204453
123.568799	1.380300	-1.997825
123.557481	-5.362652	-0.430076
123.546163	-8.246206	-2.180421
123.534845	0.623340	6.248533
123.523527	-3.948995	-0.683748
123.512209	-9.846627	-4.142453
123.500891	-3.215265	3.096532
123.489573	-3.073072	-0.163597
123.478255	4.752338	-7.472453
123.466938	4.047257	-2.584120
123.455620	-6.810305	-3.396387
123.444302	6.293198	-13.724629
123.432984	6.601534	-8.897426
123.421666	4.798290	-0.009997
123.410348	8.603792	7.900447
123.399030	-1.799270	-4.432604
123.387712	-1.551191	-9.147107
123.376394	3.865849	9.592775
123.365076	-7.565627	9.391348
123.353759	-4.899835	-1.525664
123.342441	-3.691592	5.544299
123.331123	-3.352187	4.885046
123.319805	-1.989800	-2.514984
123.308487	0.343707	-1.614489
123.297169	-7.794227	-2.112630
123.285851	-3.757170	0.061467
123.274533	-3.781364	-12.326213
123.263215	1.661705	-5.014764
123.251897	0.565030	1.838817
123.240580	0.444507	-11.453945
123.229262	-3.736668	-2.842854
123.217944	11.476926	-7.073488
123.206626	6.935984	4.743043
123.195308	-1.750776	4.775257
123.183990	11.429595	4.089040
123.172672	-4.422742	-5.752918
123.161354	-0.905172	-5.709064
123.150036	3.338996	6.808484
123.138719	1.122788	2.702656
123.127401	-2.749713	2.442869
123.116083	-0.505999	2.828806
123.104765	5.498088	-8.049620
123.093447	9.656384	-0.037794
123.082129	-11.704089	-10.671422
123.070811	0.942088	1.858858
123.059493	2.803749	0.732382
123.048175	-4.511743	-12.386157
123.036857	12.581948	-7.950139
123.025540	-0.154626	-6.739097
123.014222	-2.866600	4.574558
123.002904	-10.309876	0.346118
122.991586	1.914797	-8.391892
122.980268	5.009121	4.813056
122.968950	5.067343	15.024224
122.957632	-3.676875	-16.420200
122.946314	10.906698	-3.115366
122.934996	9.015494	-3.541615
122.923678	3.091249	-1.876893
122.912361	-7.220082	11.085730
122.901043	-4.606047	-2.519327
122.889725	0.264621	-5.975486
122.878407	6.720180	5.178901
122.867089	0.389318	-2.617964
122.855771	4.858179	-5.646220
122.844453	3.318374	7.042522
122.833135	0.427820	5.000402
122.821817	8.894265	-9.437858
122.810500	9.489293	3.892021
122.799182	-0.442591	13.090243
122.787864	3.514458	5.278804
122.776546	-8.900217	7.338575
122.765228	-2.640374	-8.300997
122.753910	-0.722484	1.935864
122.742592	5.715652	10.046728
122.731274	-0.575174	-9.840938
122.719956	6.807290	2.883635
122.708638	-4.199502	-6.196992
122.697321	9.669762	-9.987189
122.686003	3.843003	2.132711
122.674685	-13.378455	2.137394
122.663367	2.007380	3.972414
122.652049	9.786426	-12.160165
122.640731	13.278736	-6.507336
122.629413	5.590771	-4.612456
122.618095	2.976299	14.806596
122.606777	-1.403991	-5.391603
122.595459	-2.823838	-9.757078
122.584142	3.979819	13.024240
122.572824	-2.356012	8.072018
122.561506	-11.113037	-6.815504
122.550188	-4.555754	0.556327
122.538870	0.662133	-8.080666
122.527552	6.630304	-9.318903
122.516234	4.322871	9.773370
122.504916	5.338750	-8.726125
122.493598	10.504837	7.818116
122.482281	-2.500665	-4.732106
122.470963	1.354171	-4.646076
122.459645	-13.529383	-1.300415
122.448327	-0.549982	-2.204051
122.437009	-0.446984	-11.922757
122.425691	-4.682866	-5.819017
122.414373	6.914435	-0.256616
122.403055	4.028612	-2.474824
122.391737	5.183136	-4.623590
122.380419	-0.008017	2.173527
122.369102	-2.052212	-5.807515
122.357784	4.883252	9.568460
122.346466	4.416132	1.152158
122.335148	3.699241	0.728169
122.323830	0.290401	9.027491
122.312512	-5.314076	-6.427575
122.301194	4.613818	-3.630682
122.289876	-8.864737	15.148445
122.278558	-1.328350	-3.670816
122.267240	-1.109226	-5.637287
122.255923	1.591567	2.119364
122.244605	4.927421	-2.685127
122.233287	-0.930526	12.033237
122.221969	9.359533	-4.403513
122.210651	-0.906362	-9.794931
122.199333	-8.831350	0.095964
122.188015	11.067085	8.653913
122.176697	-9.015438	-5.975121
122.165379	5.701027	-20.576204
122.154061	6.304271	11.185119
122.142744	-13.959985	-4.776539
122.131426	-0.559222	2.218979
122.120108	-8.791925	0.280507
122.108790	8.104636	4.876785
122.097472	-0.072107	3.657802
122.086154	-7.188121	-8.488133
122.074836	-0.435222	-10.457782
122.063518	-3.545339	-4.493177
122.052200	9.361947	-6.408238
122.040883	-6.124548	-9.369266
122.029565	-4.008082	-5.274076
122.018247	9.340826	1.759511
122.006929	6.054087	1.092998
121.995611	2.693170	3.624914
121.984293	-8.942077	-2.152395
121.972975	-6.961201	4.341700
121.961657	8.639627	-3.323419
121.950339	2.627638	-4.581508
121.939021	-7.348372	-9.516907
121.927704	-10.477322	7.133556
121.916386	-0.718471	1.520931
121.905068	1.009727	4.010398
121.893750	8.176257	-1.132958
121.882432	2.028756	7.470210
121.871114	-3.992383	-0.054962
121.859796	-10.299478	-8.088174
121.848478	0.033366	-4.644813
121.837160	-0.332835	-6.083130
121.825842	-3.668777	-1.922282
121.814525	-3.148661	-1.396495
121.803207	6.476322	0.477857
121.791889	-2.055646	-9.286510
121.780571	1.455854	-9.483232
121.769253	3.137221	-3.363053
121.757935	-4.094151	-3.971313
121.746617	5.427781	-6.715540
121.735299	-3.127530	-5.098539
121.723981	0.706893	3.785378
121.712664	0.354014	4.239739
121.701346	6.803584	-3.691083
121.690028	-9.541720	-12.489884
121.678710	-0.464733	-2.545484
121.667392	-2.028354	-7.197898
121.656074	-6.471991	-5.778985
121.644756	0.957338	-3.406089
121.633438	-3.614839	-6.508160
121.622120	-7.026750	0.217929
121.610802	-4.964345	-8.063870
121.599485	7.875043	7.376604
121.588167	8.264483	11.311064
121.576849	-4.361418	-5.847426
121.565531	-1.050601	-2.553791
121.554213	-0.899148	-3.849740
121.542895	-4.205554	3.999167
121.531577	-2.070588	1.106844
121.520259	-0.383802	-2.508319
121.508941	-9.487951	-4.453365
121.497623	-4.943375	-3.872471
121.486306	-4.898085	5.580297
121.474988	-4.181788	2.947409
121.463670	8.602355	-2.912100
121.452352	1.529349	0.223179
121.441034	-6.047693	-2.469600
121.429716	1.854191	7.553107
121.418398	-1.007338	2.438999
121.407080	2.280978	0.986747
121.395762	-2.220651	10.364814
121.384445	-0.232072	-1.615022
121.373127	2.281485	-1.608998
121.361809	-2.466567	-7.033206
121.350491	-0.157485	-9.060974
121.339173	-4.648230	4.644795
121.327855	7.575838	4.075670
121.316537	-0.106744	1.951942
121.305219	-0.204577	-5.572761
121.293901	-1.661974	-3.082047
121.282583	-5.760711	-4.371776
121.271266	1.985874	9.468999
121.259948	-2.530257	1.619815
121.248630	-4.549712	2.696256
121.237312	3.360110	0.439966
121.225994	0.232608	0.591004
121.214676	-7.436087	4.838877
121.203358	-2.876667	-0.814492
121.192040	-2.370390	-3.176719
121.180722	-10.902742	2.361813
121.169404	-10.243584	1.211276
121.158087	4.085155	-2.536814
121.146769	12.113526	15.103432
121.135451	5.192001	0.196727
121.124133	-6.162566	2.011602
121.112815	2.365588	1.249423
121.101497	-5.215371	-1.900705
121.090179	-7.814519	0.458570
121.078861	-6.129383	3.890216
121.067543	2.241681	-5.071610
121.056225	4.189209	0.304614
121.044908	4.936731	-9.600839
121.033590	2.480928	-0.354315
121.022272	5.447823	-7.158390
121.010954	5.504083	9.687039
120.999636	1.099428	-2.914365
120.988318	-2.569287	3.439413
120.977000	-1.053462	-4.378338
120.965682	-3.728523	-9.251012
120.954364	-4.071365	-4.444811
120.943047	1.714616	14.050738
120.931729	-9.426733	-8.089729
120.920411	2.065412	0.362959
120.909093	-2.164437	-8.588510
120.897775	7.420931	-6.608345
120.886457	0.215431	0.286589
120.875139	-17.733139	-1.802526
120.863821	2.620772	0.522860
120.852503	1.134340	-1.205703
120.841185	-0.401068	4.055715
120.829868	-5.661950	-1.191575
120.818550	8.216792	-8.953027
120.807232	-9.855343	1.011673
120.795914	-3.457177	2.443535
120.784596	-4.822583	15.261299
120.773278	-10.976091	-10.616867
120.761960	4.678006	-4.991762
120.750642	5.097414	4.419521
120.739324	-1.585326	4.523061
120.728006	-4.659597	7.662367
120.716689	7.076600	6.966977
120.705371	0.155627	-7.184311
120.694053	6.347482	-3.644511
120.682735	4.593771	6.122579
120.671417	2.640182	8.337839
120.660099	-5.977573	-9.213592
120.648781	2.221232	1.264205
120.637463	3.172645	0.198193
120.626145	-2.730745	-5.403505
120.614828	1.355073	-1.776106
120.603510	7.086135	-2.924638
120.592192	9.408793	8.237099
120.580874	-3.981849	-2.410036
120.569556	-9.434057	1.525906
120.558238	-5.453053	3.755116
120.546920	3.410530	-8.510082
120.535602	-0.282051	-0.604503
120.524284	14.640239	-2.677871
120.512966	-0.927836	9.738890
120.501649	-1.093420	9.575573
120.490331	-5.267523	2.423136
120.479013	6.580549	0.353915
120.467695	6.177947	-0.179955
120.456377	10.941208	7.307667
120.445059	3.166747	2.967520
120.433741	1.465715	-6.487587
120.422423	0.590051	-4.835896
120.411105	2.006633	6.146099
120.399787	9.952244	-1.237238
120.388470	-0.704354	2.119083
120.377152	-2.895953	5.014828
120.365834	-7.047212	2.686420
120.354516	1.153479	-3.673972
120.343198	4.159344	3.939647
120.331880	-3.152588	7.194611
120.320562	-10.654313	3.905884
120.309244	3.092674	-7.780470
120.297926	-0.297099	-0.544817
120.286609	-1.278188	3.775069
120.275291	0.423570	0.368379
120.263973	0.123508	6.186797
120.252655	-3.585512	-6.529167
120.241337	-4.220666	6.048321
120.230019	1.404883	-2.139720
120.218701	5.468127	9.303499
120.207383	1.380303	-1.799140
120.196065	3.477531	-10.183715
120.184747	-5.262484	-5.462237
120.173430	-4.192036	-6.929974
120.162112	-1.462645	-0.885853
120.150794	-7.033812	-1.995720
120.139476	-3.875261	0.957946
120.128158	-8.908282	-5.805820
120.116840	5.165886	-11.872616
120.105522	-7.163534	1.836613
120.094204	1.658158	-0.096299
120.082886	1.043158	-7.134251
120.071568	-0.908498	7.695508
120.060251	-5.152450	5.077672
120.048933	-0.611395	0.646230
120.037615	-0.465355	10.866801
120.026297	-1.732951	-8.421703
120.014979	-5.696900	6.499305
120.003661	-3.016431	-5.787569
119.992343	-4.450710	2.324212
119.981025	-9.530154	0.237746
119.969707	-1.590522	-1.756310
119.958389	-4.861631	-1.789730
119.947072	5.204330	-3.637447
119.935754	1.211380	9.112836
119.924436	6.831482	4.050809
119.913118	-9.583029	-4.066772
119.901800	-10.177511	-11.483183
119.890482	-0.582124	2.060301
119.879164	-8.187393	4.837510
119.867846	-8.601807	-4.234214
119.856528	-1.911221	0.479672
119.845211	6.497523	-7.700844
119.833893	-7.016436	3.294073
119.822575	3.152001	0.481414
119.811257	-0.264216	10.201297
119.799939	-2.883440	3.667953
119.788621	-5.511742	-3.907675
119.777303	1.775682	13.428072
119.765985	6.064951	7.470305
119.754667	-4.629843	-1.734487
119.743349	0.331928	4.847531
119.732032	-6.508737	-2.050573
119.720714	-5.557384	1.037601
119.709396	-3.290266	5.246932
119.698078	3.082980	-3.652611
119.686760	-2.594964	-4.289922
119.675442	5.931842	7.723079
119.664124	5.304627	-8.436520
119.652806	-4.299639	2.483425
119.641488	-12.075548	4.286257
119.630170	-4.764531	-2.629738
119.618853	-0.169551	-0.067251
119.607535	9.043107	-2.655456
119.596217	-5.105215	2.462728
119.584899	-2.825860	1.810112
119.573581	-5.005153	-4.960841
119.562263	1.818141	-4.079867
119.550945	10.627085	10.302814
119.539627	-1.368734	0.199558
119.528309	-2.488165	-7.329928
119.516992	9.428675	3.351472
119.505674	-3.585606	-0.273316
119.494356	5.476115	-2.201856
119.483038	7.471146	2.619848
119.471720	-3.448059	11.930924
119.460402	11.183465	-0.696611
119.449084	-8.189406	-9.033625
119.437766	2.036566	-8.252280
119.426448	11.185878	2.220826
119.415130	-4.141119	3.229443
119.403813	-3.826883	5.459875
119.392495	1.067580	1.554785
119.381177	1.408548	-11.414657
119.369859	10.123336	-4.309200
119.358541	-12.333676	0.130309
119.347223	0.257547	6.578885
119.335905	-9.665118	-1.641401
119.324587	3.553988	-9.324516
119.313269	4.959960	-0.936522
119.301951	0.234383	2.926699
119.290634	11.106621	3.513327
119.279316	7.545617	7.068474
119.267998	3.217850	-10.281418
119.256680	0.588423	5.555670
119.245362	-5.353548	-0.897091
119.234044	-9.213603	2.027592
119.222726	-0.428722	1.336048
119.211408	-2.802179	-1.231055
119.200090	-9.104099	3.160975
119.188773	-3.732841	1.710196
119.177455	-1.577534	-7.818475
119.166137	-5.909698	-4.067854
119.154819	-5.475369	-3.495528
119.143501	-1.107700	-5.692415
119.132183	-4.851145	3.471741
119.120865	-6.255266	-0.865761
119.109547	-6.360387	11.143319
119.098229	-1.643832	-10.125639
119.086911	0.268294	3.626613
119.075594	-2.655888	-1.528019
119.064276	-11.146239	0.059695
119.052958	-10.250728	-1.340874
119.041640	4.289779	2.355764
119.030322	6.427090	2.170907
119.019004	3.099549	2.906592
119.007686	-11.258205	5.973998
118.996368	6.252155	1.955598
118.985050	11.621452	-11.930853
118.973732	0.428742	-6.286029
118.962415	-1.417272	-4.227148
118.951097	-5.998425	-4.939984
118.939779	-11.980496	-5.339542
118.928461	10.552507	-4.722594
118.917143	4.745879	-1.068862
118.905825	-6.707075	1.165955
118.894507	-4.144523	0.345778
118.883189	0.484382	-5.841478
118.871871	0.839775	-7.454485
118.860553	-2.372987	-8.495114
118.849236	-0.539231	9.233636
118.837918	4.275474	10.500273
118.826600	-1.338318	-3.186943
118.815282	6.374193	-0.911840
118.803964	-7.581194	5.032192
118.792646	-4.584969	1.797234
118.781328	-4.442874	-4.263849
118.770010	2.538648	8.702766
118.758692	3.364444	-2.029637
118.747375	-1.785838	-7.355691
118.736057	3.484139	-1.291720
118.724739	1.065494	-0.586503
118.713421	-13.912764	-1.085704
118.702103	2.056577	-2.374960
118.690785	2.828631	0.122236
118.679467	-2.994880	6.483685
118.668149	-2.625938	-1.911852
118.656831	4.170832	-4.299001
118.645513	-8.710359	2.049516
118.634196	-5.218045	-3.886931
118.622878	-5.781368	-6.351527
118.611560	-9.603261	2.502178
118.600242	-7.860356	-8.200734
118.588924	-5.253039	0.934245
118.577606	-1.434935	6.932813
118.566288	-8.595395	-4.894993
118.554970	3.403767	-2.921207
118.543652	5.210498	7.511655
118.532334	1.705694	-3.937993
118.521017	-2.284852	-4.864453
118.509699	5.534879	2.065881
118.498381	-0.174068	3.682234
118.487063	-10.586471	10.650286
118.475745	0.096681	-4.637373
118.464427	-15.532302	4.978189
118.453109	-3.645678	-8.460510
118.441791	-1.388428	5.327168
118.430473	-6.351953	4.705107
118.419156	-1.047275	-13.439444
118.407838	-3.131867	2.471622
118.396520	0.552813	-11.537740
118.385202	0.227513	6.305181
118.373884	-4.996737	-4.469043
118.362566	9.643183	-2.434223
118.351248	0.414932	-6.419466
118.339930	2.966845	3.143832
118.328612	5.229307	3.362407
118.317294	-4.615875	9.748576
118.305977	0.126994	1.784491
118.294659	4.010768	1.063530
118.283341	0.486805	-1.292256
118.272023	5.398556	2.085925
118.260705	-3.665767	-5.138026
118.249387	-3.459802	4.724555
118.238069	3.492771	3.379005
118.226751	-5.726293	-12.539548
118.215433	-4.732251	6.788828
118.204115	-9.291703	0.778236
118.192798	-5.744213	-0.038576
118.181480	2.509820	-2.460024
118.170162	4.058295	0.310510
118.158844	-9.232886	-2.048558
118.147526	2.288216	6.478273
118.136208	-15.869549	-0.560368
118.124890	3.020771	-2.600191
118.113572	11.123213	1.074592
118.102254	-4.700741	0.475300
118.090937	2.885890	1.151592
118.079619	-2.914623	-2.147910
118.068301	-2.835957	3.332394
118.056983	-8.108946	-3.132651
118.045665	-2.898500	6.456923
118.034347	2.039965	-4.403633
118.023029	-0.730377	1.900936
118.011711	-4.006281	-4.986781
118.000393	-4.524674	-12.492393
117.989075	2.033771	5.466316
117.977758	-11.209910	-4.981943
117.966440	-4.314285	-5.961418
117.955122	4.871983	-6.557452
117.943804	5.508439	5.053681
117.932486	-3.849959	-8.233106
117.921168	2.341282	-5.680722
117.909850	2.349229	-0.254646
117.898532	1.322020	3.742236
117.887214	-1.266389	-0.680340
117.875896	5.618277	8.826610
117.864579	1.733829	-9.037471
117.853261	-2.574904	-0.376555
117.841943	2.787489	-4.445489
117.830625	-3.537939	-12.017908
117.819307	-4.529152	2.429299
117.807989	-1.704282	-0.701767
117.796671	0.269813	-2.166955
117.785353	-2.947591	-7.791031
117.774035	15.583233	-9.037519
117.762717	9.010026	-5.769691
117.751400	2.021962	-8.022342
117.740082	7.817458	8.736122
117.728764	0.473200	-3.985011
117.717446	-0.288432	-1.908418
117.706128	1.391143	0.707751
117.694810	4.384362	-7.054219
117.683492	-5.028687	7.544302
117.672174	-8.231455	2.173930
117.660856	-5.021329	-7.053075
117.649539	1.146518	-9.580963
117.638221	4.342524	-1.340143
117.626903	-1.613992	-3.638527
117.615585	-0.888507	-6.379533
117.604267	4.251070	-5.954335
117.592949	5.823123	1.367003
117.581631	0.652773	-1.638204
117.570313	-4.599706	7.613795
117.558995	0.456065	10.816960
117.547677	7.863665	2.871409
117.536360	-1.808551	-2.084574
117.525042	-5.654626	-3.220140
117.513724	7.453356	0.417235
117.502406	-0.953858	-7.386310
117.491088	2.101747	0.441470
117.479770	1.574681	3.075225
117.468452	-6.605304	4.776956
117.457134	-4.913748	2.282338
117.445816	-2.994454	-3.559441
117.434498	-1.977538	-0.163562
117.423181	-3.422372	-4.527414
117.411863	9.647177	0.538377
117.400545	-12.977079	-6.172572
117.389227	7.044517	-2.540071
117.377909	1.986785	-10.228799
117.366591	12.998397	-0.243912
117.355273	-2.660228	1.286324
117.343955	-0.575756	5.894714
117.332637	4.693954	-7.340171
117.321320	0.890792	2.338131
117.310002	-0.095113	-5.389393
117.298684	-1.250740	3.635975
117.287366	-0.501796	2.422338
117.276048	-5.052655	-0.034849
117.264730	6.741194	-1.875343
117.253412	3.442793	2.596657
117.242094	2.858277	2.606084
117.230776	-4.179014	-2.592269
117.219458	-3.442255	-8.259949
117.208141	5.018239	-8.929752
117.196823	-1.534177	-1.185100
117.185505	-3.495238	-2.305895
117.174187	-4.819794	3.373690
117.162869	-2.943845	5.402404
117.151551	0.558202	0.103124
117.140233	1.214091	-2.103466
117.128915	-0.962412	5.341590
117.117597	5.165218	-2.462577
117.106279	-3.455222	1.216931
117.094962	-5.220883	7.529531
117.083644	-8.299945	4.088168
117.072326	8.406985	-9.472461
117.061008	-0.227883	4.723583
117.049690	-3.637600	3.824830
117.038372	4.858528	-2.763598
117.027054	1.095730	9.400284
117.015736	1.143284	-4.557853
117.004418	0.679802	1.773176
116.993100	3.993786	3.492082
116.981783	3.107630	-2.904857
116.970465	-4.280167	7.360162
116.959147	3.168565	-6.229692
116.947829	4.985749	-4.181629
116.936511	-5.499737	4.131448
116.925193	-3.641000	-7.578692
116.913875	4.338857	-1.135698
116.902557	4.277683	-2.880319
116.891239	7.457941	3.658978
116.879922	-3.067459	0.621615
116.868604	-5.421557	-5.838938
116.857286	-3.886616	5.009877
116.845968	8.469619	1.381453
116.834650	-7.882024	3.322311
116.823332	3.954711	-10.273031
116.812014	-6.185049	-3.699987
116.800696	-7.115523	5.810983
116.789378	11.479158	-2.350495
116.778060	-11.013915	-2.109144
116.766743	-2.360678	1.815195
116.755425	-12.111212	-7.482630
116.744107	-5.772867	6.246734
116.732789	-0.596122	-6.066788
116.721471	3.658117	12.020948
116.710153	-1.625172	-3.670678
116.698835	-3.363776	5.869399
116.687517	7.019925	3.341323
116.676199	-7.040749	-0.802793
116.664881	-2.150077	0.061191
116.653564	3.733911	6.373992
116.642246	7.612040	-13.908635
116.630928	-2.415212	-2.226127
116.619610	5.762991	-3.433826
116.608292	0.727844	6.410693
116.596974	-8.202575	-4.623658
116.585656	6.107070	-10.461067
116.574338	2.059239	1.698702
116.563020	-2.742955	-4.310210
116.551703	0.187526	2.431619
116.540385	-0.138044	7.924842
116.529067	1.174065	-14.452099
116.517749	-2.553320	6.465121
116.506431	3.951166	-1.505868
116.495113	-6.241097	0.942028
116.483795	3.196866	-1.004445
116.472477	-0.722233	2.729159
116.461159	5.881425	1.595590
116.449841	-2.895433	-8.762270
116.438524	5.466321	7.240094
116.427206	-4.547251	-1.091817
116.415888	-5.100706	-0.141578
116.404570	-3.517835	7.034306
116.393252	4.020421	-1.043775
116.381934	-7.169797	0.958176
116.370616	-6.360195	5.190557
116.359298	-6.473650	-1.600215
116.347980	-4.725471	1.534039
116.336662	4.138151	-1.350980
116.325345	6.081017	5.009414
116.314027	-7.942153	2.488339
116.302709	-3.299219	-1.754188
116.291391	2.158750	-7.374209
116.280073	-8.207010	-1.859678
116.268755	8.806411	11.162395
116.257437	-1.761727	-2.482094
116.246119	-8.265440	0.331477
116.234801	2.511411	0.296077
116.223484	-0.570063	0.665771
116.212166	0.256434	5.154842
116.200848	1.060636	4.847191
116.189530	1.460162	-4.325834
116.178212	1.555502	-0.170254
116.166894	-4.205932	-7.758606
116.155576	3.282925	2.478944
116.144258	-8.378865	-6.843355
116.132940	4.503456	-9.852584
116.121622	4.783177	-10.441607
116.110305	11.343279	-6.236272
116.098987	2.632761	4.313789
116.087669	-6.172663	3.575612
116.076351	-0.569201	-5.185347
116.065033	-1.712950	2.734850
116.053715	3.069902	1.139155
116.042397	7.014319	14.405501
116.031079	-2.142127	-3.542707
116.019761	-1.549448	1.235124
116.008443	-4.423668	-0.231949
115.997126	6.390186	2.233102
115.985808	-2.940224	-6.815476
115.974490	7.304488	-2.022985
115.963172	4.278058	6.974919
115.951854	-9.420648	-9.780046
115.940536	0.690032	1.099934
115.929218	3.592963	-10.711779
115.917900	-3.199660	-1.066481
115.906582	-3.361103	-1.031818
115.895264	-9.147180	13.758540
115.883947	9.743440	0.090897
115.872629	2.684258	4.159452
115.861311	4.591072	5.788340
115.849993	-5.669720	10.603011
115.838675	2.437095	5.717461
115.827357	-4.318179	-5.425216
115.816039	-1.290790	1.982827
115.804721	-1.342203	-2.588856
115.793403	1.657404	3.102842
115.782086	-5.311687	1.546190
115.770768	9.216964	-1.397765
115.759450	-5.710241	12.014085
115.748132	-5.525787	4.181188
115.736814	-6.803570	-2.816167
115.725496	-5.028722	-1.698261
115.714178	1.410564	1.517850
115.702860	-4.567487	4.616742
115.691542	2.323688	-7.790734
115.680224	-5.190004	-6.135999
115.668907	-4.053915	-11.765449
115.657589	-1.533073	2.779903
115.646271	3.596364	3.011709
115.634953	-6.726766	2.075287
115.623635	2.229518	9.283892
115.612317	-15.783181	7.242819
115.600999	-6.921896	-1.390999
115.589681	-8.073143	0.734320
115.578363	-2.278475	-0.065541
115.567045	-4.609550	6.069946
115.555728	-6.729342	6.162422
115.544410	4.937258	2.033842
115.533092	6.209519	-4.381065
115.521774	10.193209	-4.472803
115.510456	-2.694822	-7.091144
115.499138	-9.879755	-3.498606
115.487820	-2.831624	2.540847
115.476502	7.297819	2.438707
115.465184	-6.976204	2.695421
115.453867	-8.292242	9.314229
115.442549	-8.725297	-8.066479
115.431231	-0.963996	1.488415
115.419913	4.331192	1.384876
115.408595	0.421776	6.274257
115.397277	-4.436470	-0.689000
115.385959	2.608584	-6.533523
115.374641	3.986173	2.975775
115.363323	4.486889	-6.096657
115.352005	-5.335147	5.469069
115.340688	1.959256	-0.075853
115.329370	-2.223526	1.241185
115.318052	-0.278390	1.968497
115.306734	6.112174	-4.201496
115.295416	-2.922669	-7.073493
115.284098	-7.273365	4.317348
115.272780	-6.963843	10.116696
115.261462	-0.158555	-2.308328
115.250144	-7.794327	0.717891
115.238826	-4.853770	0.696093
115.227509	1.377658	5.773298
115.216191	-13.689561	-2.857357
115.204873	10.242167	0.173904
115.193555	-1.910604	-4.018055
115.182237	3.177829	-1.188244
115.170919	-4.093049	-3.986025
115.159601	-6.002960	5.386930
115.148283	-7.441539	-10.694291
115.136965	4.962524	-2.125525
115.125648	-2.135957	4.960661
115.114330	-0.900994	2.085504
115.103012	-5.441427	-6.837737
115.091694	7.471945	-8.734641
115.080376	4.877573	-3.100182
115.069058	4.715780	4.411983
115.057740	-6.251143	13.454656
115.046422	-0.645109	-7.913069
115.035104	3.655316	-0.258990
115.023786	-7.481994	-5.353077
115.012469	-3.942761	-2.058781
115.001151	2.561516	-2.398488
114.989833	-1.803132	2.062562
114.978515	0.816585	-1.484102
114.967197	4.051890	-0.706068
114.955879	5.425504	4.275350
114.944561	4.752067	-7.258262
114.933243	-4.282544	-8.027061
114.921925	2.870912	-10.703352
114.910607	-4.164637	-6.905090
114.899290	4.046275	-3.803370
114.887972	3.151713	1.757247
114.876654	-4.754687	10.382861
114.865336	-9.072173	0.424296
114.854018	-10.968950	3.449421
114.842700	-1.372480	-1.160705
114.831382	1.992182	10.332104
114.820064	-0.726241	-0.631854
114.808746	0.692070	-6.027632
114.797428	0.368384	-1.061870
114.786111	3.283151	-10.406592
114.774793	5.826678	-5.762203
114.763475	2.723592	2.527296
114.752157	7.406973	2.442825
114.740839	-3.571738	-5.685335
114.729521	-7.072628	0.386101
114.718203	-4.887163	0.528722
114.706885	-9.477602	-2.117161
114.695567	1.902671	-7.718726
114.684250	-4.474436	2.256504
114.672932	8.743170	1.986309
114.661614	-2.136452	0.061423
114.650296	-11.505064	5.283030
114.638978	-3.345005	-1.947790
114.627660	-5.039365	4.429574
114.616342	-3.367370	-4.944888
114.605024	0.913642	-0.344289
114.593706	-1.768541	6.399488
114.582388	4.494690	-2.824121
114.571071	5.587014	-9.518696
114.559753	2.311808	-5.305448
114.548435	-2.842008	11.730327
114.537117	2.842862	3.450316
114.525799	-5.812949	5.015299
114.514481	4.033664	0.942373
114.503163	7.646970	-5.077809
114.491845	-2.647310	6.044132
114.480527	-5.332279	-6.172992
114.469209	-1.622030	-1.788814
114.457892	1.624830	-6.917156
114.446574	-7.971689	-6.306540
114.435256	-8.012192	9.878652
114.423938	7.646503	1.337893
114.412620	4.457183	-10.282242
114.401302	-9.469517	2.424174
114.389984	13.215287	1.139631
114.378666	2.296470	4.567989
114.367348	6.833516	-3.673332
114.356031	-4.373628	10.682391
114.344713	2.176919	-7.850079
114.333395	2.571205	-1.318644
114.322077	1.991586	-2.442925
114.310759	-4.719722	-8.296746
114.299441	1.362029	-1.379524
114.288123	2.345605	-7.232315
114.276805	-4.017943	10.561754
114.265487	3.014222	13.230717
114.254169	2.944350	-14.419069
114.242852	-6.841233	1.578328
114.231534	-9.568939	9.000840
114.220216	-6.501509	0.129931
114.208898	1.082079	0.345771
114.197580	-10.323473	1.048399
114.186262	-0.417578	-6.094401
114.174944	-4.510403	-8.391814
114.163626	-8.606859	1.939817
114.152308	9.680332	-7.487331
114.140990	3.416786	-2.347729
114.129673	-0.074404	11.237684
114.118355	0.500906	-3.458343
114.107037	0.965457	4.319422
114.095719	-7.924973	9.477361
114.084401	-5.175638	-7.233462
114.073083	0.396896	-4.503011
114.061765	-14.986745	-4.297264
114.050447	0.686580	-0.282738
114.039129	-3.153281	-2.371384
114.027812	5.806938	7.887049
114.016494	-3.208568	-7.153143
114.005176	-11.073357	-10.373890
113.993858	2.780046	-5.055478
113.982540	9.022882	-6.258142
113.971222	4.769540	-3.685107
113.959904	1.439172	0.625017
113.948586	0.339732	-8.485245
113.937268	0.753151	0.784177
113.925950	-6.099416	0.490141
113.914633	-5.851524	-9.124923
113.903315	5.126832	-2.079054
113.891997	7.230945	-3.148918
113.880679	-2.214143	-3.918612
113.869361	-8.351059	2.622718
113.858043	1.019528	-6.904961
113.846725	1.546337	-2.870205
113.835407	-10.938725	2.385642
113.824089	-2.729836	10.467080
113.812771	-2.058483	7.058256
113.801454	0.907777	-1.876423
113.790136	-8.076923	8.596535
113.778818	-7.567593	-2.996269
113.767500	0.677891	4.026859
113.756182	3.873410	5.023394
113.744864	-0.322787	4.672721
113.733546	4.206414	-0.281093
113.722228	-14.301802	-12.482128
113.710910	2.659791	-9.221528
113.699592	5.230480	1.591327
113.688275	-0.949827	8.396062
113.676957	-5.805139	1.216165
113.665639	1.813987	3.234221
113.654321	5.799459	0.922798
113.643003	-2.569336	5.137160
113.631685	2.554139	-10.326025
113.620367	-1.881672	-0.705344
113.609049	-8.779963	1.147009
113.597731	-1.248018	3.426953
113.586414	-16.844721	-4.053490
113.575096	1.196504	8.265627
113.563778	-3.990333	8.922129
113.552460	3.331898	6.169945
113.541142	11.185910	-7.991224
113.529824	-1.396452	-6.936994
113.518506	10.963901	-7.541006
113.507188	-7.786864	11.277295
113.495870	-3.194164	-0.424674
113.484552	-1.135697	-8.126457
113.473235	-4.293019	3.359220
113.461917	7.148607	-6.701833
113.450599	-1.821744	0.705767
113.439281	-6.352551	-3.033851
113.427963	7.050150	2.735462
113.416645	5.884931	5.825943
113.405327	3.537276	5.592066
113.394009	-3.956086	-2.447939
113.382691	-3.573553	-8.798596
113.371373	-6.915479	-4.689323
113.360056	-3.657136	-4.105121
113.348738	-3.905680	1.251687
113.337420	-5.142918	-4.786000
113.326102	-0.048933	0.640033
113.314784	6.888844	-3.113041
113.303466	2.780952	9.415619
113.292148	7.271080	-0.705865
113.280830	-3.783372	3.151331
113.269512	3.728565	-6.982258
113.258195	2.487996	2.711801
113.246877	-8.283919	-5.855162
113.235559	-0.169596	-4.491674
113.224241	3.186064	6.820896
113.212923	7.458812	-1.613778
113.201605	1.387234	-4.804051
113.190287	-1.903261	-8.003275
113.178969	3.475674	-7.082006
113.167651	2.578065	-7.945904
113.156333	-4.265886	-0.484222
113.145016	6.323716	3.392529
113.133698	-3.581909	-0.214436
113.122380	-4.166472	-6.171898
113.111062	3.270638	6.145909
113.099744	-4.936097	-5.924453
113.088426	1.526400	0.732477
113.077108	-15.225704	-3.247880
113.065790	8.565212	-0.559602
113.054472	-0.027576	3.079366
113.043154	0.032267	-0.706025
113.031837	6.723114	3.854265
113.020519	2.167265	-7.601295
113.009201	3.023021	-7.757551
112.997883	2.240899	-1.577217
112.986565	-9.468940	-5.281651
112.975247	1.869740	2.165117
112.963929	1.780026	-1.163074
112.952611	4.781926	3.062903
112.941293	6.084483	5.805841
112.929976	0.531298	-3.431237
112.918658	1.822255	2.122869
112.907340	0.797319	-0.865653
112.896022	1.254779	-2.528799
112.884704	-1.208097	12.410387
112.873386	1.774914	2.126890
112.862068	1.727924	-1.731416
112.850750	-6.552145	-0.892669
112.839432	2.290994	-2.214431
112.828114	-2.728160	-3.121618
112.816797	-3.196303	-1.692201
112.805479	1.072218	3.067527
112.794161	-0.729105	-4.566321
112.782843	-1.391002	-2.478354
112.771525	-9.803047	1.652571
112.760207	-7.200124	8.164632
112.748889	-2.897252	-11.795692
112.737571	-2.101552	7.789942
112.726253	-2.814487	-1.706020
112.714935	1.594365	-4.782788
112.703618	2.806004	-6.756337
112.692300	-3.638349	-12.065748
112.680982	9.136232	7.227411
112.669664	-0.377511	-2.717004
112.658346	-0.680511	2.673251
112.647028	-1.144394	-8.915226
112.635710	1.151074	1.359106
112.624392	-5.897291	2.686526
112.613074	-0.696097	-7.049310
112.601756	-9.098208	-4.541780
112.590439	-3.783618	-0.984123
112.579121	-5.304169	14.824930
112.567803	0.996258	-2.043194
112.556485	1.097328	9.963121
112.545167	-5.078144	2.324069
112.533849	-9.122327	-4.316034
112.522531	2.020381	6.574472
112.511213	-0.866753	-18.453289
112.499895	5.881948	4.627826
112.488578	-0.351108	-6.668052
112.477260	-0.916325	-0.043427
112.465942	3.366050	5.023621
112.454624	-12.585383	-3.139509
112.443306	4.593800	4.992075
112.431988	1.718405	0.941704
112.420670	-7.613384	6.860156
112.409352	-5.307859	4.687166
112.398034	-5.842165	-2.516873
112.386716	-1.211755	10.714368
112.375399	-1.078919	-2.362693
112.364081	1.202308	-7.126151
112.352763	4.641377	-0.225297
112.341445	0.384847	1.048860
112.330127	-8.226678	0.428789
112.318809	7.770050	-6.310698
112.307491	-1.377271	-6.801130
112.296173	-6.277998	-8.886422
112.284855	2.152932	-9.739286
112.273537	-1.768292	5.295515
112.262220	-1.186408	1.178962
112.250902	1.532878	-6.381065
112.239584	0.213059	3.669796
112.228266	0.677440	3.565972
112.216948	3.942777	-4.539618
112.205630	11.908765	8.763757
112.194312	1.800818	1.052101
112.182994	-6.154397	2.209456
112.171676	-10.226277	-3.373330
112.160359	-0.738711	-8.959770
112.149041	10.408808	12.278458
112.137723	-8.718364	-2.611828
112.126405	1.546904	-2.920935
112.115087	-0.283871	-2.128668
112.103769	0.861131	5.872320
112.092451	3.177563	5.107719
112.081133	1.415160	3.286109
112.069815	-2.560855	-1.572316
112.058497	-2.661928	-8.184785
112.047180	-0.899821	-7.326333
112.035862	-4.014474	3.185379
112.024544	-1.606006	1.568236
112.013226	4.469693	-4.280508
112.001908	-1.998927	-8.318183
111.990590	10.210928	-2.357275
111.979272	-8.755243	-0.045473
111.967954	5.129863	-2.144039
111.956636	2.851272	-3.236603
111.945318	0.422330	-2.212973
111.934001	8.306685	-1.238160
111.922683	0.166690	7.046633
111.911365	2.325140	-4.482369
111.900047	-5.656165	0.284577
111.888729	1.937810	4.481510
111.877411	9.939290	-2.286704
111.866093	-7.174251	-3.297392
111.854775	-5.725466	-1.538349
111.843457	5.112442	0.975828
111.832140	-8.569324	-1.245401
111.820822	-3.301370	-5.379107
111.809504	-11.479076	-3.045087
111.798186	0.093782	-5.940756
111.786868	-3.620313	-2.253252
111.775550	-6.728897	-1.139893
111.764232	-2.424549	-5.334896
111.752914	0.256419	4.102452
111.741596	4.676342	-4.757887
111.730278	-9.428123	1.335312
111.718961	0.880519	-2.690317
111.707643	8.949072	0.908000
111.696325	6.283971	3.495976
111.685007	8.995066	0.136832
111.673689	2.831500	7.405728
111.662371	-6.512384	-6.494200
111.651053	-1.537531	4.628624
111.639735	-8.455482	0.748684
111.628417	0.079366	-1.298236
111.617099	6.206781	1.160111
111.605782	-9.214136	-4.647546
111.594464	14.587830	0.470449
111.583146	-1.134775	-2.737844
111.571828	-7.000606	1.145352
111.560510	2.577360	-0.016394
111.549192	7.639905	1.152127
111.537874	-7.198161	-1.433932
111.526556	-1.024256	-9.448042
111.515238	1.372741	5.508945
111.503920	0.904472	11.962626
111.492603	-7.568682	-0.064548
111.481285	-0.115949	2.750823
111.469967	7.996971	-12.306385
111.458649	2.495201	1.451361
111.447331	1.379055	5.781712
111.436013	-2.518639	-9.918801
111.424695	-8.577100	-0.624036
111.413377	0.303851	0.175045
111.402059	1.250640	-1.128935
111.390742	-0.291323	-3.833551
111.379424	-4.942280	1.676132
111.368106	-4.827156	-1.353819
111.356788	2.144135	-5.995113
111.345470	5.328973	-5.881742
111.334152	-2.623563	0.058190
111.322834	-15.335351	-1.795686
111.311516	-1.551036	-0.434520
111.300198	-13.281841	-3.868434
111.288880	3.587112	2.055839
111.277563	-0.696237	-0.618959
111.266245	-0.023355	-5.243081
111.254927	0.022478	-9.292603
111.243609	-3.413103	-8.039169
111.232291	-5.001641	2.337818
111.220973	-7.145685	-1.974300
111.209655	-8.214077	0.539811
111.198337	7.239874	-9.222889
111.187019	-10.642971	-2.528171
111.175701	-0.260444	-3.231674
111.164384	1.124348	3.928135
111.153066	-2.257031	-2.023866
111.141748	-3.521798	3.058844
111.130430	4.965010	3.553668
111.119112	-5.695473	-9.584967
111.107794	-2.711447	-3.571283
111.096476	-6.172939	-2.415715
111.085158	-1.821236	3.749771
111.073840	-3.364233	-1.466142
111.062523	4.688554	-11.163664
111.051205	-2.383853	-4.480506
111.039887	11.474090	-0.357658
111.028569	-2.120531	-3.822721
111.017251	-13.528955	-6.124754
111.005933	-3.656868	-0.711632
110.994615	2.093749	9.810149
110.983297	-6.358383	-12.315732
110.971979	-1.126539	-1.548671
110.960661	-4.843878	0.227533
110.949344	-0.820204	-5.006880
110.938026	-2.343816	0.029767
110.926708	-5.337062	4.005235
110.915390	-4.438412	4.614386
110.904072	-4.058753	-3.851047
110.892754	4.079800	2.906636
110.881436	6.884301	-3.757250
110.870118	8.197501	-2.090658
110.858800	-1.008154	-1.764941
110.847482	2.909191	-6.944170
110.836165	4.463233	8.937891
110.824847	0.425054	-2.282666
110.813529	-1.793749	-1.713277
110.802211	-1.740884	-1.303332
110.790893	-4.748264	1.528727
110.779575	-2.602060	1.501595
110.768257	-9.906489	7.970301
110.756939	-0.344678	-2.655853
110.745621	-2.492801	-5.214773
110.734304	-7.956868	-1.511364
110.722986	4.705530	-3.690506
110.711668	-7.064390	12.027158
110.700350	2.157221	0.717720
110.689032	2.081115	6.308611
110.677714	-0.332456	-1.206739
110.666396	4.090215	0.115474
110.655078	-2.736082	4.602252
110.643760	0.731712	8.172030
110.632442	0.926333	11.687861
110.621125	1.004505	-5.497374
110.609807	3.662726	3.912084
110.598489	2.734109	2.774004
110.587171	-1.611851	7.179295
110.575853	-1.917973	-8.073920
110.564535	14.542791	-8.398943
110.553217	2.650404	-1.744563
110.541899	-1.735222	3.417278
110.530581	0.291585	3.512009
110.519263	-1.256910	1.255080
110.507946	-3.456250	-12.097831
110.496628	1.601339	-4.600188
110.485310	8.223883	-4.216913
110.473992	-1.620249	-1.618338
110.462674	-8.195503	-8.690503
110.451356	3.739056	-2.900509
110.440038	-2.180186	-3.953236
110.428720	-0.743878	-5.042900
110.417402	2.852633	7.506246
110.406084	-2.269490	7.734188
110.394767	-0.102413	-13.454763
110.383449	4.548810	-3.137267
110.372131	11.109357	-2.129510
110.360813	-13.190522	4.367455
110.349495	-1.468643	5.449166
110.338177	-10.502330	-0.122397
110.326859	5.923664	0.819911
110.315541	-0.969663	-2.801644
110.304223	7.315588	-4.365226
110.292906	-1.214551	3.016034
110.281588	-0.570901	2.728144
110.270270	3.641920	0.589241
110.258952	-4.731582	-2.733624
110.247634	9.147985	-0.020373
110.236316	-3.224671	-1.251508
110.224998	-6.155401	4.012985
110.213680	-5.548158	-5.704199
110.202362	-4.045294	-1.978063
110.191044	1.941884	-7.736441
110.179727	-6.131982	-4.903058
110.168409	3.830121	4.730562
110.157091	-4.704103	-4.761984
110.145773	-2.748470	-1.878519
110.134455	-5.893681	-0.377876
110.123137	2.809803	1.908516
110.111819	-7.029414	0.602476
110.100501	1.737847	9.484286
110.089183	-7.288552	8.294332
110.077865	-8.737918	-0.227402
110.066548	-3.653653	6.212056
110.055230	-0.423086	6.267020
110.043912	-0.503607	3.644932
110.032594	10.730948	-0.909512
110.021276	-1.420458	2.115749
110.009958	-8.981978	-2.622176
109.998640	4.830229	-2.872458
109.987322	-8.351662	6.274010
109.976004	7.119206	8.643516
109.964687	-2.463607	0.650844
109.953369	4.312396	1.451955
109.942051	7.220560	-1.651451
109.930733	-1.018744	1.694898
109.919415	-4.940633	1.930778
109.908097	4.670127	-0.657226
109.896779	0.621304	-11.696198
109.885461	4.563928	2.466383
109.874143	2.483030	-12.197892
109.862825	11.763109	3.046418
109.851508	1.112249	0.527887
109.840190	-6.533563	2.817657
109.828872	-1.603608	2.438791
109.817554	-2.759822	-0.226861
109.806236	-8.800208	-4.646429
109.794918	2.194812	-11.162666
109.783600	3.194127	-5.691681
109.772282	-0.238771	-5.743880
109.760964	-6.771169	8.030787
109.749646	10.225192	-3.233289
109.738329	1.655270	6.709858
109.727011	-0.707974	-5.823462
109.715693	3.103764	-3.555021
109.704375	-0.359444	3.419531
109.693057	2.988997	2.680682
109.681739	-2.730390	2.685529
109.670421	0.334323	-2.830281
109.659103	-7.255873	-4.824856
109.647785	-7.141964	-7.083103
109.636467	-2.679552	3.365191
109.625150	-1.722442	1.367162
109.613832	5.173449	-3.777687
109.602514	-8.239581	-10.156069
109.591196	4.976203	-5.638563
109.579878	0.730475	-1.236856
109.568560	7.911724	5.889138
109.557242	-6.619335	3.209368
109.545924	-8.562459	-2.596662
109.534606	-1.950598	0.263242
109.523289	-0.948195	0.704756
109.511971	1.702691	-1.605232
109.500653	2.282475	1.407163
109.489335	3.962723	4.267779
109.478017	8.409909	2.154922
109.466699	-0.432466	-4.189697
109.455381	2.599275	9.964371
109.444063	4.117353	5.448143
109.432745	-2.201646	-3.433658
109.421427	-1.191955	3.413060
109.410110	1.298782	-0.340569
109.398792	-2.665648	6.932868
109.387474	0.658500	-0.384301
109.376156	-7.150526	-0.889913
109.364838	-1.086373	3.986621
109.353520	10.064417	7.481383
109.342202	-5.653284	1.407676
109.330884	2.887072	6.723702
109.319566	3.536485	-3.137315
109.308248	-4.731601	-5.277707
109.296931	0.536503	-4.198846
109.285613	5.980309	-2.501182
109.274295	5.850473	1.033298
109.262977	-1.439907	4.070580
109.251659	-0.017670	2.779290
109.240341	1.662976	2.697807
109.229023	-0.447612	8.703641
109.217705	-5.974935	-0.565288
109.206387	-10.462801	-3.961035
109.195070	-0.595567	-4.794570
109.183752	-3.318235	3.969998
109.172434	9.247045	-1.912712
109.161116	-13.355701	11.012747
109.149798	7.024542	-8.625509
109.138480	-2.829953	0.571178
109.127162	-5.019209	7.582628
109.115844	-3.908648	-3.766077
109.104526	8.241319	1.316875
109.093208	0.361809	-5.724630
109.081891	-0.422840	-9.284204
109.070573	3.901187	-4.811847
109.059255	4.900071	3.174188
109.047937	-13.231824	-0.863980
109.036619	-8.795201	-12.285802
109.025301	-2.606986	11.416827
109.013983	-2.522158	-5.623782
109.002665	3.717830	4.923805
108.991347	-4.998534	-3.697202
108.980029	12.352210	9.383463
108.968712	0.867841	1.474694
108.957394	-13.071711	-0.382825
108.946076	5.960930	0.367003
108.934758	-1.273353	3.917396
108.923440	1.688444	1.310403
108.912122	-12.005054	0.600308
108.900804	-2.127041	-10.588154
108.889486	4.667748	-5.031175
108.878168	-5.508542	9.141589
108.866851	-1.942103	4.379833
108.855533	-10.974327	-8.162845
108.844215	3.097056	-5.298380
108.832897	1.647333	-3.936288
108.821579	-5.115305	-11.430645
108.810261	5.280161	10.578793
108.798943	4.990503	-8.812083
108.787625	-2.945947	-2.739230
108.776307	3.825384	-0.897552
108.764989	2.262218	-2.644150
108.753672	1.573112	-4.040218
108.742354	-9.276133	0.157509
108.731036	-5.740454	-1.671167
108.719718	2.810739	4.529555
108.708400	-8.474708	7.599593
108.697082	-2.396128	-1.425924
108.685764	-1.387688	6.570870
108.674446	-1.831903	-10.730865
108.663128	-7.608048	1.589068
108.651810	-4.072089	-6.717167
108.640493	3.604660	0.831597
108.629175	-5.885874	8.835270
108.617857	3.291573	-1.737862
108.606539	-2.843199	0.331027
108.595221	3.218029	-3.332337
108.583903	-1.225942	0.240109
108.572585	-1.094512	4.841449
108.561267	-7.274972	-6.110941
108.549949	-1.533104	-4.218667
108.538631	4.429778	-3.663085
108.527314	-2.220033	-2.237857
108.515996	-1.360602	3.276801
108.504678	-2.613365	-1.269123
108.493360	2.081806	-10.160803
108.482042	9.522536	-5.304214
108.470724	-4.771252	4.858602
108.459406	-2.417226	-1.716073
108.448088	2.582193	1.259055
108.436770	9.477370	-1.727127
108.425453	4.191446	5.797727
108.414135	-8.295007	4.281792
108.402817	0.445942	0.410514
108.391499	-2.137789	-7.979574
108.380181	-4.668682	3.559391
108.368863	-3.599539	-2.224342
108.357545	3.952688	3.181995
108.346227	0.357840	-0.672506
108.334909	-7.357295	-5.500782
108.323591	2.558848	-3.622394
108.312274	-1.880541	0.740317
108.300956	2.166898	6.607172
108.289638	-7.388089	-1.307925
108.278320	-11.837724	0.253624
108.267002	-5.279753	-7.161906
108.255684	7.995073	11.207889
108.244366	2.699568	-0.411741
108.233048	-2.903142	-2.159542
108.221730	-5.627363	12.568271
108.210412	-1.855454	-3.847225
108.199095	-2.285257	-1.781721
108.187777	-6.177341	0.129288
108.176459	-5.764383	5.602353
108.165141	6.125168	1.332425
108.153823	-0.797740	4.414718
108.142505	2.394331	1.340732
108.131187	-1.019930	-0.547670
108.119869	3.022920	3.415542
108.108551	-7.471963	0.196204
108.097234	6.729125	-2.772620
108.085916	-4.687164	0.849626
108.074598	2.419967	-2.683911
108.063280	-7.286851	-6.201153
108.051962	2.290577	-6.290102
108.040644	7.017510	3.107506
108.029326	4.723639	-2.996289
108.018008	4.607294	5.230044
108.006690	-3.897543	-1.671703
107.995372	-6.738281	-2.151878
107.984055	-0.556939	-0.666651
107.972737	-1.258368	4.649724
107.961419	-4.449373	-0.178178
107.950101	3.526178	0.919428
107.938783	0.825793	-2.094676
107.927465	8.733778	2.339905
107.916147	-0.516309	7.006112
107.904829	-3.917710	-2.681268
107.893511	-1.584505	-10.607540
107.882193	-3.481606	-0.559418
107.870876	4.942012	3.874122
107.859558	5.359303	-6.014680
107.848240	-5.879962	6.652995
107.836922	0.396989	2.749432
107.825604	3.142550	-3.236755
107.814286	-1.458581	-9.059132
107.802968	-1.678372	-7.481488
107.791650	0.406807	4.720425
107.780332	-0.222880	3.584801
107.769015	2.128242	-1.771189
107.757697	1.908134	-3.058967
107.746379	-11.533257	3.439654
107.735061	9.695264	-0.222912
107.723743	-1.953171	4.525073
107.712425	-0.837840	2.978508
107.701107	2.508953	-1.482630
107.689789	0.604034	6.225020
107.678471	-1.892136	3.778154
107.667153	-4.693099	-0.006785
107.655836	-1.510371	-11.959820
107.644518	13.352687	0.838165
107.633200	-1.094226	1.546111
107.621882	-4.154449	3.686388
107.610564	2.163053	3.518705
107.599246	0.032039	-9.774341
107.587928	1.648843	-6.072963
107.576610	5.900020	-1.457788
107.565292	-5.666134	4.572003
107.553974	1.810682	-5.132771
107.542657	1.765508	2.171571
107.531339	-1.560365	1.322540
107.520021	3.870715	-1.830452
107.508703	-0.347275	-0.395716
107.497385	-3.971077	-4.138934
107.486067	-4.837713	12.068771
107.474749	-7.693277	-10.318309
107.463431	-10.566399	-7.759700
107.452113	3.500556	4.894386
107.440795	-4.769399	-1.025159
107.429478	-2.079707	0.059023
107.418160	-3.347940	1.653433
107.406842	3.238817	-4.963066
107.395524	1.227495	4.093302
107.384206	1.215669	-3.110178
107.372888	-3.398931	-3.573912
107.361570	-7.499450	2.722766
107.350252	0.964163	-4.089175
107.338934	1.123245	1.564737
107.327617	-5.858706	8.898884
107.316299	0.662809	4.813330
107.304981	-3.981865	-1.369234
107.293663	-3.770823	-5.092106
107.282345	4.517092	-3.524389
107.271027	4.671812	4.535610
107.259709	-5.348250	6.728284
107.248391	-9.293371	1.344145
107.237073	-2.260267	-2.900989
107.225755	2.616913	1.412864
107.214438	-0.767215	-2.593817
107.203120	-1.814213	-19.901712
107.191802	-4.127295	-1.002850
107.180484	-1.636269	1.908598
107.169166	14.247023	1.801455
107.157848	-6.258459	-11.136534
107.146530	4.948655	1.956985
107.135212	-4.936338	-2.290556
107.123894	-8.778616	-12.462824
107.112576	-2.985849	-5.373085
107.101259	-4.306032	-7.020772
107.089941	3.077020	-0.720709
107.078623	-15.206263	3.162150
107.067305	13.490977	-10.375642
107.055987	6.017694	-3.703635
107.044669	-2.032008	2.926219
107.033351	-6.082236	-5.922206
107.022033	-3.048744	-2.374132
107.010715	-1.683413	-10.410788
106.999398	5.932160	-3.814116
106.988080	-5.157680	-1.674792
106.976762	3.657305	0.838389
106.965444	3.881004	-11.487072
106.954126	3.320003	0.884017
106.942808	1.283653	-1.867192
106.931490	0.303428	8.274137
106.920172	-3.376645	2.362776
106.908854	-2.619974	-4.070936
106.897536	-3.803509	2.720192
106.886219	-6.580393	-1.136609
106.874901	5.139687	-0.325934
106.863583	-0.359187	-4.590753
106.852265	-1.010387	5.207824
106.840947	-7.822516	-4.561581
106.829629	9.565102	-7.270187
106.818311	-3.561426	4.920763
106.806993	3.182470	-3.537181
106.795675	-11.165923	-8.220648
106.784357	-12.951376	3.574204
106.773040	8.635260	-10.918877
106.761722	8.959022	-4.002011
106.750404	5.484209	8.139692
106.739086	-10.459704	-0.015724
106.727768	6.559239	-5.302099
106.716450	-0.550735	-3.446581
106.705132	0.952734	1.377338
106.693814	-3.490937	-0.599038
106.682496	1.423106	-0.343527
106.671179	-7.449718	1.775555
106.659861	-2.690793	-2.334140
106.648543	0.403665	-0.503926
106.637225	-1.671192	-6.911959
106.625907	3.214138	8.403962
106.614589	-7.468581	8.134425
106.603271	9.614320	3.905000
106.591953	11.351198	0.346123
106.580635	-3.166911	-3.249092
106.569317	-3.495708	-3.328765
106.558000	-0.025495	-4.268836
106.546682	0.673646	8.049061
106.535364	0.884015	-1.667453
106.524046	4.222570	-5.667179
106.512728	-5.136644	-2.858521
106.501410	3.980392	-6.848369
106.490092	1.348001	-0.493538
106.478774	7.941314	-0.790521
106.467456	6.890744	-7.208982
106.456138	-5.483289	7.619305
106.444821	1.774075	-3.618827
106.433503	-7.117107	-4.512634
106.422185	2.864857	-11.605706
106.410867	3.575955	7.989539
106.399549	-3.524879	9.292414
106.388231	1.069251	-7.563763
106.376913	-1.637788	1.630789
106.365595	4.992876	-6.448779
106.354277	12.738777	-2.773747
106.342959	-1.101820	5.640973
106.331642	-2.945701	-5.060200
106.320324	0.037653	3.960373
106.309006	12.870900	6.669257
106.297688	7.732748	0.954139
106.286370	4.553805	4.298349
106.275052	-3.856113	4.363384
106.263734	5.602256	4.678298
106.252416	3.259431	-3.574941
106.241098	9.881780	6.032227
106.229781	-5.743604	0.999728
106.218463	-4.318673	0.017843
106.207145	-6.028348	-2.688337
106.195827	-2.035344	-3.431100
106.184509	7.259731	-1.682846
106.173191	-5.825131	9.948312
106.161873	3.753763	4.096356
106.150555	-4.989764	-0.573886
106.139237	0.101485	5.886104
106.127919	-0.212526	4.348434
106.116602	1.050411	-1.281185
106.105284	-6.200852	0.297510
106.093966	-5.736249	-0.108061
106.082648	-1.490620	-6.722295
106.071330	-0.556022	0.952202
106.060012	-10.841612	9.724792
106.048694	-4.624208	-11.496471
106.037376	-7.136064	-8.056271
106.026058	-2.434688	-3.157833
106.014740	5.803536	5.618530
106.003423	-3.062416	-4.289333
105.992105	-5.752359	-3.397394
105.980787	-4.470836	3.502181
105.969469	-0.262427	-9.965800
105.958151	5.213073	-0.078585
105.946833	-5.536561	5.782788
105.935515	1.463484	-8.634940
105.924197	-0.854097	-3.701854
105.912879	-0.089619	0.889188
105.901562	4.216516	8.496646
105.890244	-8.267866	10.595160
105.878926	1.294490	-8.167378
105.867608	2.122773	1.966230
105.856290	-4.494491	-8.026515
105.844972	4.823569	-3.963903
105.833654	-2.844545	5.120646
105.822336	2.352149	-6.339761
105.811018	1.230059	9.459882
105.799700	-6.058692	0.297343
105.788383	3.487511	4.220201
105.777065	8.405127	-6.860812
105.765747	-4.219058	3.572861
105.754429	5.783987	-2.764296
105.743111	-2.127667	-6.854673
105.731793	1.906406	-12.489504
105.720475	1.527540	-0.425943
105.709157	-7.561294	-7.248247
105.697839	7.530689	-1.651122
105.686521	3.921059	-8.980997
105.675204	4.754714	8.155825
105.663886	1.264147	-0.230515
105.652568	-2.700226	-4.678741
105.641250	4.775515	-4.533529
105.629932	3.187456	-4.290925
105.618614	-0.466937	7.785464
105.607296	-7.853709	-2.824669
105.595978	-8.269823	-7.336211
105.584660	2.551648	1.002090
105.573343	4.557828	-5.286338
105.562025	2.547310	-5.375142
105.550707	-3.948151	-0.827993
105.539389	-2.135402	1.238308
105.528071	-1.801591	-3.484432
105.516753	4.523434	-0.881035
105.505435	1.783728	5.776503
105.494117	1.282831	5.302677
105.482799	-5.050611	1.378636
105.471481	-7.354259	-6.783002
105.460164	-4.784700	4.581509
105.448846	-8.356997	8.047340
105.437528	-0.072590	-0.771879
105.426210	11.000406	0.844982
105.414892	-11.255773	-0.844786
105.403574	-0.025425	-1.567400
105.392256	3.976118	-0.418120
105.380938	-11.131323	11.687039
105.369620	-0.438751	-5.163773
105.358302	-14.770025	4.038248
105.346985	1.971759	-3.936425
105.335667	4.410617	4.473810
105.324349	-2.460846	3.842458
105.313031	3.791536	-5.216017
105.301713	-2.025517	-5.158154
105.290395	3.261499	-4.845693
105.279077	7.634888	-4.461444
105.267759	7.447267	10.782043
105.256441	5.858624	5.594270
105.245123	0.355514	-4.794233
105.233806	-3.704412	-3.838515
105.222488	-3.020509	0.541321
105.211170	-10.559169	-0.647085
105.199852	6.832897	-5.037378
105.188534	2.324932	-0.919518
105.177216	7.559440	4.683272
105.165898	0.073892	-0.946976
105.154580	-6.786376	7.624917
105.143262	3.843170	-0.766486
105.131945	2.716335	12.152572
105.120627	1.947200	-1.488493
105.109309	1.166548	-4.079589
105.097991	8.508226	-7.342486
105.086673	-6.864748	-20.392700
105.075355	-8.796851	-3.181692
105.064037	3.801950	6.157630
105.052719	-12.709248	-2.225316
105.041401	3.082297	-3.406631
105.030083	-0.027495	7.076377
105.018766	4.559522	0.386658
105.007448	-1.264088	-5.110530
104.996130	-4.609732	3.452299
104.984812	2.365843	4.954041
104.973494	1.311695	6.400242
104.962176	-3.478211	-11.401389
104.950858	4.198162	-3.699963
104.939540	2.354798	6.418553
104.928222	-1.662843	-5.607684
104.916904	-6.661780	2.870517
104.905587	-4.702492	4.156848
104.894269	-4.859038	-8.097363
104.882951	-2.249040	-10.038685
104.871633	8.465157	-7.645254
104.860315	6.779078	4.875700
104.848997	-7.389567	-3.088929
104.837679	-0.638440	10.314336
104.826361	-3.455446	-3.639590
104.815043	-8.338067	-0.492441
104.803726	-7.324013	-1.616221
104.792408	-8.803730	9.768498
104.781090	-1.312881	0.100761
104.769772	7.381735	-1.538142
104.758454	-1.086808	8.627205
104.747136	2.725669	-1.771919
104.735818	-3.362329	-0.295881
104.724500	4.256157	-2.494874
104.713182	-0.428537	-15.170210
104.701864	9.006068	-7.757998
104.690547	5.492890	-1.190582
104.679229	6.033178	1.328546
104.667911	-2.871910	3.011371
104.656593	2.069853	-1.837708
104.645275	-0.238053	3.181643
104.633957	0.546585	9.549452
104.622639	-5.524214	-1.932377
104.611321	-7.445587	4.598322
104.600003	0.123506	3.653411
104.588685	1.774328	2.613664
104.577368	-1.775927	2.788195
104.566050	-6.985800	0.722960
104.554732	-6.413739	-1.593061
104.543414	8.355280	1.786057
104.532096	-0.721075	0.430206
104.520778	3.735077	1.317234
104.509460	3.288957	1.762905
104.498142	-0.517149	-3.935607
104.486824	-0.781128	1.649911
104.475507	1.597063	-16.411556
104.464189	9.425409	-6.220469
104.452871	2.961334	9.028345
104.441553	1.722922	7.818034
104.430235	-10.795881	11.599574
104.418917	-6.008191	-0.679600
104.407599	1.329312	-3.795157
104.396281	-3.158803	2.369919
104.384963	3.895514	-6.078957
104.373645	6.829780	-4.160483
104.362328	-7.822803	1.397053
104.351010	-0.174353	4.660135
104.339692	-3.071023	3.844421
104.328374	0.786381	-8.027100
104.317056	-6.749655	1.823638
104.305738	-3.026396	-3.867093
104.294420	6.239233	-0.656213
104.283102	1.749291	-0.892139
104.271784	-1.427280	-7.566018
104.260466	11.700517	2.144917
104.249149	6.705387	-3.118179
104.237831	3.281575	-3.092687
104.226513	-11.997197	-12.548969
104.215195	-9.942379	4.957170
104.203877	8.366534	3.875016
104.192559	14.141360	8.391405
104.181241	3.940077	1.242290
104.169923	0.662891	7.046477
104.158605	0.109272	-9.062550
104.147287	-1.016173	10.180292
104.135970	2.025204	-3.556205
104.124652	0.451935	3.682684
104.113334	-5.797335	0.286579
104.102016	-1.094947	-6.194481
104.090698	8.007670	-2.761038
104.079380	-2.852274	1.901893
104.068062	-7.364103	8.631661
104.056744	-16.839594	7.684453
104.045426	-1.757162	-3.319946
104.034109	-4.848861	8.137703
104.022791	1.124031	-10.762011
104.011473	-0.600115	-2.651715
104.000155	-3.569784	-2.408216
103.988837	-2.512039	-5.329048
103.977519	-1.211962	-4.192743
103.966201	5.926190	-3.993389
103.954883	1.300947	2.708398
103.943565	-8.565424	-5.607520
103.932247	4.477572	-11.591129
103.920930	-11.527413	-7.552856
103.909612	-1.420230	-17.942419
103.898294	-2.764748	-0.939354
103.886976	-8.724013	0.199625
103.875658	3.254369	-4.027042
103.864340	12.238477	4.305861
103.853022	4.717283	-4.186888
103.841704	-3.780665	-6.453003
103.830386	4.442152	1.457573
103.819068	0.253891	-1.110219
103.807751	-2.760831	-5.040336
103.796433	8.978163	-2.193513
103.785115	8.338285	6.140007
103.773797	0.240926	-0.885573
103.762479	3.483603	-4.146103
103.751161	-7.491210	5.544708
103.739843	5.393698	0.251987
103.728525	-3.507827	-3.227413
103.717207	7.794834	-2.428685
103.705890	-5.957185	-3.537814
103.694572	-13.380149	1.385135
103.683254	0.321355	-2.962605
103.671936	8.440657	11.458882
103.660618	10.623467	1.501569
103.649300	-0.210732	4.952447
103.637982	-4.473004	4.152593
103.626664	0.092894	-6.041460
103.615346	3.280134	4.629536
103.604028	1.796623	0.228999
103.592711	-1.839169	-1.851104
103.581393	-5.634697	-0.531604
103.570075	-4.907162	-4.135772
103.558757	10.137155	2.404918
103.547439	-0.240506	7.329817
103.536121	0.125684	3.066201
103.524803	-4.077995	3.458459
103.513485	-0.498361	0.150887
103.502167	-3.391755	-1.612194
103.490849	-11.950157	4.345729
103.479532	-0.698584	6.954754
103.468214	-7.448138	-0.096093
103.456896	-8.030746	-3.722007
103.445578	-0.941052	4.360300
103.434260	-1.742567	0.264767
103.422942	-4.409371	-5.815825
103.411624	-9.666219	-0.786103
103.400306	3.014446	-6.597747
103.388988	-0.989190	4.025341
103.377671	2.922852	-4.446150
103.366353	-4.877158	-0.770734
103.355035	0.437638	-4.405853
103.343717	-5.602348	4.090468
103.332399	1.024476	4.464338
103.321081	7.699999	-4.608594
103.309763	6.821046	3.110340
103.298445	5.779011	-0.463116
103.287127	0.334748	0.391082
103.275809	7.724729	3.202855
103.264492	-7.845558	5.168704
103.253174	4.480546	4.120395
103.241856	-2.023894	-7.305393
103.230538	-2.633272	-6.638235
103.219220	-4.998688	-0.049004
103.207902	4.193944	-1.200549
103.196584	2.194070	-2.261634
103.185266	0.931245	6.821055
103.173948	-3.376199	3.083981
103.162630	8.362621	-1.120388
103.151313	8.302812	2.376302
103.139995	-0.035857	8.811238
103.128677	3.656879	6.421801
103.117359	4.048659	-0.273057
103.106041	0.959835	3.878672
103.094723	4.385982	-8.274583
103.083405	7.074829	-7.090814
103.072087	0.520359	-1.406295
103.060769	2.000583	-2.342001
103.049451	-3.096018	-1.797986
103.038134	-0.000997	-4.201576
103.026816	4.475881	7.157431
103.015498	-7.514119	0.213152
103.004180	1.517541	-3.526639
102.992862	-6.773340	2.103568
102.981544	6.209315	0.090352
102.970226	3.104177	-3.776688
102.958908	-11.926415	-6.303858
102.947590	-6.322505	-2.558960
102.936273	-2.775892	4.437224
102.924955	1.051549	2.608853
102.913637	11.742244	1.927389
102.902319	-12.020168	-3.951611
102.891001	-1.513666	-7.798141
102.879683	-9.657069	1.255625
102.868365	2.825000	4.276907
102.857047	-1.598667	8.472319
102.845729	-2.783549	-10.273153
102.834411	3.656049	-5.333056
102.823094	-6.896205	1.622140
102.811776	-2.810536	1.063967
102.800458	-0.066051	-11.488355
102.789140	-3.509820	-2.406025
102.777822	-3.029729	-1.601492
102.766504	4.045965	2.406738
102.755186	-5.835214	1.078034
102.743868	-2.934129	-0.176023
102.732550	-1.519423	-11.097553
102.721232	-7.354506	-2.962288
102.709915	6.385673	4.844135
102.698597	-2.001604	0.963959
102.687279	-3.551322	4.158566
102.675961	-4.621630	0.686630
102.664643	-1.134344	-1.465947
102.653325	-0.613670	-1.197131
102.642007	3.076409	-4.250645
102.630689	8.699525	3.124589
102.619371	-1.420870	4.961818
102.608054	-7.714965	-6.039964
102.596736	6.571024	3.066950
102.585418	7.049181	2.502769
102.574100	2.492738	6.950700
102.562782	5.623710	4.042940
102.551464	3.172618	-3.041191
102.540146	-3.598112	3.271789
102.528828	-0.953914	-9.531790
102.517510	-4.703144	-6.298727
102.506192	-0.209314	7.856970
102.494875	3.064409	-9.698378
102.483557	-4.543126	5.950998
102.472239	0.511103	4.045679
102.460921	16.213253	1.635674
102.449603	-11.685171	4.398048
102.438285	-6.726093	-4.269285
102.426967	4.058303	-2.205524
102.415649	0.718185	-4.715995
102.404331	2.121613	2.152178
102.393013	-1.950245	-2.927464
102.381696	4.376441	5.815233
102.370378	0.380420	-3.467272
102.359060	0.280449	-6.983664
102.347742	2.373764	-1.256318
102.336424	-11.618059	3.181488
102.325106	0.423373	8.061275
102.313788	3.677210	-2.301644
102.302470	3.534609	2.694211
102.291152	5.999403	10.201490
102.279834	-0.246392	-1.732749
102.268517	3.341314	2.770181
102.257199	-7.890363	4.830123
102.245881	0.852753	-3.404551
102.234563	7.164020	-5.089104
102.223245	-2.174438	-4.449798
102.211927	-6.560682	-0.716541
102.200609	-4.980438	-7.317110
102.189291	-2.395231	4.845016
102.177973	1.932136	-7.478402
102.166656	-8.821264	3.708507
102.155338	-1.266101	-10.001190
102.144020	-6.696959	-4.278952
102.132702	-0.109988	-5.674479
102.121384	1.293174	-3.467042
102.110066	5.189600	-6.949327
102.098748	2.735830	-4.661811
102.087430	2.025263	-0.658837
102.076112	-15.612431	2.770463
102.064794	13.673829	2.911679
102.053477	-2.634003	5.781483
102.042159	0.828499	-1.331349
102.030841	6.114329	-8.316517
102.019523	-5.635095	7.238301
102.008205	0.317467	1.445737
101.996887	1.446939	11.168272
101.985569	0.097922	9.134611
101.974251	-10.481359	9.046060
101.962933	-3.822877	2.338999
101.951615	1.501766	3.786751
101.940298	1.604095	4.847767
101.928980	-1.546683	3.514685
101.917662	1.317124	-7.897182
101.906344	2.386733	-1.946844
101.895026	-1.877509	-3.567676
101.883708	8.236862	0.728245
101.872390	-2.133451	5.002275
101.861072	-3.622054	-4.056890
101.849754	2.426609	2.320034
101.838437	-3.111279	-2.671879
101.827119	-2.512008	-0.166294
101.815801	5.765672	1.360588
101.804483	-8.506596	-11.514158
101.793165	9.120547	0.739275
101.781847	-3.423524	0.638784
101.770529	-4.824894	9.692930
101.759211	2.130722	3.743073
101.747893	0.276326	-9.677178
101.736575	-4.491661	-1.518831
101.725258	2.532256	-0.330083
101.713940	-1.589030	-6.662674
101.702622	-3.887888	-3.642998
101.691304	4.596815	-0.773863
101.679986	4.741505	1.622045
101.668668	-1.004903	3.569686
101.657350	-5.086055	-7.173081
101.646032	-3.225609	-5.116052
101.634714	7.774801	-6.115262
101.623396	0.985410	-8.368380
101.612079	-7.190487	2.800679
101.600761	-3.907066	4.213664
101.589443	-0.095122	3.284400
101.578125	-6.278604	-2.046828
101.566807	4.065242	0.264559
101.555489	-3.789627	-1.899848
101.544171	1.770529	0.455610
101.532853	-2.558195	2.870506
101.521535	-0.123951	6.253803
101.510218	-5.355503	-7.273144
101.498900	7.472377	-1.088613
101.487582	11.763023	2.229217
101.476264	-5.441070	4.038147
101.464946	-0.705506	-8.404198
101.453628	0.762086	-9.447285
101.442310	8.474345	2.022600
101.430992	3.258047	-14.569450
101.419674	2.064647	-4.578779
101.408356	8.324899	2.312158
101.397039	-11.272992	-1.583407
101.385721	-1.856352	4.163730
101.374403	-11.483563	2.351960
101.363085	6.185714	7.699500
101.351767	-1.347919	-13.852707
101.340449	2.841176	7.078339
101.329131	4.524253	-3.332439
101.317813	0.415370	-3.491899
101.306495	-0.941604	8.799596
101.295177	-7.617633	-0.495254
101.283860	-6.519570	-1.458744
101.272542	0.800171	5.420483
101.261224	-1.974394	-6.282533
101.249906	-3.793993	6.159709
101.238588	-2.823729	-9.172831
101.227270	5.775912	2.287194
101.215952	4.690156	5.582176
101.204634	-7.365505	-8.601793
101.193316	6.542991	-0.690114
101.181998	-8.797274	-3.086197
101.170681	2.642805	-1.458320
101.159363	-2.416301	-1.258148
101.148045	-0.604017	-10.847322
101.136727	-7.357972	4.928813
101.125409	4.020518	0.830411
101.114091	-8.928411	-8.682951
101.102773	1.187100	7.561845
101.091455	-2.867299	4.704545
101.080137	-0.175165	7.001959
101.068820	-4.302678	2.887969
101.057502	13.906055	3.938148
101.046184	-2.810852	-0.557867
101.034866	-2.806296	3.694231
101.023548	-0.737652	5.800808
101.012230	-3.363889	-3.376302
101.000912	-3.232672	4.489764
100.989594	-5.113803	-3.418990
100.978276	-0.755732	0.137653
100.966958	1.521902	-3.665180
100.955641	-10.357126	-2.986749
100.944323	2.310849	-3.230947
100.933005	-2.701063	-6.536465
100.921687	-0.876458	-4.027318
100.910369	-0.037890	-5.169717
100.899051	2.921795	-1.315330
100.887733	-4.105495	-10.170309
100.876415	-4.803297	-6.216678
100.865097	8.328824	-1.146076
100.853779	5.364189	5.050351
100.842462	-0.956700	4.056324
100.831144	1.664734	3.139095
100.819826	5.594761	-11.533179
100.808508	3.755483	-2.858063
100.797190	12.646773	1.886913
100.785872	-9.372677	-7.201092
100.774554	2.214991	0.919120
100.763236	2.985122	-2.402835
100.751918	-0.174843	-6.262766
100.740601	3.251808	-1.886556
100.729283	-0.185459	6.828080
100.717965	-4.241035	3.662859
100.706647	-10.953372	0.362393
100.695329	0.930514	-1.743501
100.684011	-1.806807	6.201756
100.672693	-0.967826	-3.961462
100.661375	-2.081722	5.123522
100.650057	0.340323	3.491688
100.638739	7.774627	2.548159
100.627422	-1.041516	-5.899300
100.616104	-9.350151	-3.760721
100.604786	1.488367	-8.047648
100.593468	-2.190146	0.188848
100.582150	-0.740815	-1.480782
100.570832	5.806498	-2.733520
100.559514	-3.712578	-2.829544
100.548196	-1.314999	-5.948614
100.536878	7.466037	0.561160
100.525560	5.313045	1.324534
100.514243	0.158343	0.577464
100.502925	-2.395766	-3.146125
100.491607	-4.631233	6.152900
100.480289	2.314667	3.282078
100.468971	-4.304315	-1.181508
100.457653	11.954092	-2.623122
100.446335	-4.204229	-10.489687
100.435017	-2.428051	7.353516
100.423699	-9.280502	1.079392
100.412382	14.774407	1.137631
100.401064	2.934384	-7.915460
100.389746	7.187645	-5.252368
100.378428	-1.507058	-5.612519
100.367110	-6.297157	6.605449
100.355792	3.091160	-6.223160
100.344474	4.077302	-1.294104
100.333156	0.154529	3.936019
100.321838	-2.581808	-1.468450
100.310520	-0.015144	-5.524228
100.299203	0.554657	-4.986082
100.287885	-2.858232	-1.456615
100.276567	1.785051	3.184592
100.265249	3.139139	1.590634
100.253931	2.456884	-8.569110
100.242613	-1.828753	-6.830336
100.231295	5.042096	2.781348
100.219977	-9.892337	-1.803593
100.208659	-9.055497	1.220853
100.197341	5.913575	1.092650
100.186024	9.664919	-10.521024
100.174706	-3.162673	1.669093
100.163388	-9.803094	-0.722542
100.152070	-6.148962	-1.816711
100.140752	-4.434196	0.841576
100.129434	-7.716923	-8.065620
100.118116	10.370111	4.966392
100.106798	-2.854887	-1.524423
100.095480	-4.360123	12.345355
100.084162	-3.161338	-2.868824
100.072845	4.451679	-6.879055
100.061527	-3.784957	3.304457
100.050209	8.151908	6.527562
100.038891	2.504667	9.729249
100.027573	-2.049502	-4.254662
100.016255	3.954470	-10.731525
100.004937	1.068268	-7.196966
99.993619	2.819714	-1.554169
99.982301	-6.704755	-2.100486
99.970984	4.568827	-5.581156
99.959666	0.933967	-0.752481
99.948348	-0.023816	2.983103
99.937030	-7.664510	3.937365
99.925712	1.123245	-4.961397
99.914394	-1.923571	-5.657002
99.903076	3.549437	-1.309606
99.891758	-0.100821	6.247208
99.880440	0.519255	2.561728
99.869122	-2.649920	1.426830
99.857805	-9.155962	-3.632725
99.846487	-3.311349	-3.366849
99.835169	0.344231	-3.914408
99.823851	1.744324	0.702371
99.812533	2.939313	-8.255089
99.801215	-2.110849	-1.954654
99.789897	-1.990221	0.552306
99.778579	4.496016	-4.687450
99.767261	1.654801	-5.687787
99.755943	-1.462174	-2.563292
99.744626	-0.035428	-1.333679
99.733308	3.533484	-1.932129
99.721990	5.049569	-1.787943
99.710672	1.331349	5.448064
99.699354	4.122135	7.513091
99.688036	-8.488182	4.125209
99.676718	2.141919	-5.478219
99.665400	1.077255	5.805957
99.654082	-2.334868	-4.900937
99.642765	-2.578688	2.074158
99.631447	-7.866851	-8.227962
99.620129	-6.039761	3.868661
99.608811	-5.183578	-1.147069
99.597493	-1.057230	4.912605
99.586175	4.134223	3.325922
99.574857	-4.183076	6.441326
99.563539	14.475069	-2.574715
99.552221	6.377822	-4.918354
99.540903	7.392703	-6.646128
99.529586	-9.238244	3.563729
99.518268	-10.242693	3.056395
99.506950	-3.926231	-3.204163
99.495632	3.331326	-7.884480
99.484314	4.681023	-1.905251
99.472996	-4.576347	-2.885876
99.461678	3.176703	-2.521688
99.450360	1.450523	-5.407555
99.439042	2.957027	-5.535795
99.427724	13.535447	2.323610
99.416407	4.817098	0.803132
99.405089	-0.443827	-11.125860
99.393771	5.127458	-9.133858
99.382453	-1.789309	3.216202
99.371135	2.611469	0.600909
99.359817	3.477394	3.296705
99.348499	-4.013723	5.647990
99.337181	1.858921	-3.918729
99.325863	-6.012262	11.061164
99.314546	3.058825	-10.733830
99.303228	-2.624889	9.033133
99.291910	1.133478	-2.811626
99.280592	1.480235	-1.396885
99.269274	1.753110	-3.037691
99.257956	-2.559322	3.348957
99.246638	0.303187	0.064938
99.235320	-6.660499	-2.885405
99.224002	1.607210	-9.102663
99.212684	3.763195	-1.202479
99.201367	-6.265990	-4.128581
99.190049	-2.193191	7.608731
99.178731	-7.708427	-0.380790
99.167413	-4.298464	0.464480
99.156095	-3.546458	-9.849181
99.144777	-1.253790	2.815327
99.133459	-3.197560	1.867563
99.122141	-1.031785	-13.851460
99.110823	-2.717088	2.015548
99.099505	-6.648808	5.369143
99.088188	8.938400	0.509070
99.076870	4.358984	-11.282415
99.065552	1.423507	11.530216
99.054234	-0.014896	-7.634976
99.042916	-3.775632	1.172258
99.031598	0.396497	-5.093596
99.020280	1.674899	-1.397130
99.008962	0.236428	-1.033978
98.997644	-4.879016	2.532543
98.986326	-0.059339	-1.746833
98.975009	-1.560381	-0.972715
98.963691	-8.813240	8.864250
98.952373	-1.156582	-6.981136
98.941055	1.424387	-2.627065
98.929737	4.582030	-4.186936
98.918419	3.817405	-0.508147
98.907101	-4.033417	1.296403
98.895783	-6.624436	0.534696
98.884465	8.734571	-3.530951
98.873148	-7.857728	-0.367435
98.861830	-1.025365	-0.542302
98.850512	3.812087	5.336364
98.839194	-0.449493	-12.787588
98.827876	1.619125	-9.306872
98.816558	-1.822817	4.027786
98.805240	3.850764	5.575970
98.793922	2.374737	0.003655
98.782604	1.275575	-8.368556
98.771286	13.689940	-6.657064
98.759969	-8.902380	-2.509751
98.748651	-1.969968	-0.015393
98.737333	6.683620	-7.082363
98.726015	-1.592065	-5.016764
98.714697	-4.044276	-4.368409
98.703379	-0.932319	-9.137511
98.692061	2.790379	-1.122278
98.680743	7.453712	0.772796
98.669425	0.516618	4.910867
98.658107	2.775547	1.816620
98.646790	-4.390300	-1.590311
98.635472	6.753694	-3.184588
98.624154	-4.667290	4.223178
98.612836	5.042188	2.634384
98.601518	7.885872	3.578011
98.590200	-4.116219	-7.769608
98.578882	7.886838	3.991186
98.567564	4.327019	-4.872025
98.556246	2.129787	3.270158
98.544929	-2.181429	-0.026732
98.533611	-0.091444	4.239019
98.522293	-7.125349	-8.688042
98.510975	-9.291701	0.470763
98.499657	-0.226631	-7.700988
98.488339	-11.054927	-3.886610
98.477021	-1.203039	-2.316707
98.465703	7.648607	5.412301
98.454385	2.111142	-0.702813
98.443067	-0.656708	-11.070886
98.431750	2.651334	-4.693670
98.420432	0.655320	-3.735046
98.409114	2.933389	-7.371703
98.397796	-1.827518	-7.045392
98.386478	-4.549476	8.799010
98.375160	-4.589071	-1.546360
98.363842	-5.690516	-7.715295
98.352524	-2.359692	-10.088536
98.341206	-6.955997	4.115558
98.329888	-1.349656	-3.542531
98.318571	6.433384	-5.649141
98.307253	-0.711086	0.960420
98.295935	-1.278101	3.900800
98.284617	4.529353	4.679876
98.273299	-5.555325	-0.736169
98.261981	-0.120682	-2.701368
98.250663	-5.633368	0.487450
98.239345	-17.295645	-7.107824
98.228027	5.873117	-8.169992
98.216710	0.037447	-5.001163
98.205392	0.847476	5.875860
98.194074	1.442847	-3.091573
98.182756	-1.656779	-5.688264
98.171438	-14.369330	8.489955
98.160120	1.115341	8.515542
98.148802	-0.808931	-1.238749
98.137484	-2.583634	-3.895090
98.126166	-2.601865	-5.037236
98.114848	0.086571	-7.692410
98.103531	3.753964	6.278754
98.092213	13.058552	3.571183
98.080895	3.890546	-5.718816
98.069577	3.105829	8.461845
98.058259	-1.013808	1.643972
98.046941	7.681209	0.483370
98.035623	2.156120	2.058207
98.024305	-10.712314	0.879721
98.012987	2.137791	-1.544386
98.001669	-5.407153	3.541144
97.990352	-7.331476	-4.778641
97.979034	3.702660	-2.654771
97.967716	5.276547	-9.825760
97.956398	-0.474176	7.455153
97.945080	4.743011	-4.293134
97.933762	3.758423	3.750374
97.922444	4.279629	4.475901
97.911126	5.830157	-7.235004
97.899808	3.580648	-1.841543
97.888490	5.559730	5.977644
97.877173	-3.387421	6.153197
97.865855	-4.517252	6.545314
97.854537	-2.517898	-5.587977
97.843219	3.313504	-4.659863
97.831901	4.701324	10.386421
97.820583	8.263263	-7.682240
97.809265	-8.208787	0.309530
97.797947	-0.918136	6.257101
97.786629	7.624814	-3.134818
97.775312	6.830926	7.681926
97.763994	10.597841	-4.973496
97.752676	6.255997	6.878610
97.741358	7.395111	2.095982
97.730040	-0.932973	1.198108
97.718722	-0.998289	-4.252616
97.707404	2.998081	-1.698698
97.696086	-0.863838	3.672630
97.684768	4.689033	2.557155
97.673450	8.561967	2.385145
97.662133	-1.776647	-4.636799
97.650815	7.949935	-3.479908
97.639497	3.463061	5.609869
97.628179	-9.740948	2.736782
97.616861	-1.351999	6.755113
97.605543	4.681220	-4.789022
97.594225	-4.057281	-2.115250
97.582907	-0.420419	8.403125
97.571589	-0.115660	-3.696760
97.560271	1.138527	-13.578824
97.548954	-2.929069	4.353985
97.537636	-1.341230	3.072766
97.526318	6.481504	-3.460238
97.515000	-4.899456	-5.419066
97.503682	1.438767	-10.806571
97.492364	-3.261701	4.078629
97.481046	2.083774	3.733668
97.469728	-8.137615	-2.265385
97.458410	1.421390	0.504749
97.447093	6.201551	-7.180593
97.435775	-0.668409	-4.501643
97.424457	1.085925	8.603157
97.413139	0.762009	5.113074
97.401821	0.358729	-3.009179
97.390503	0.351703	6.864748
97.379185	-1.934010	-3.586505
97.367867	3.843110	-8.787616
97.356549	1.464052	-4.543622
97.345231	-7.560016	-1.195269
97.333914	-5.929810	-2.735162
97.322596	-3.581587	-10.326111
97.311278	-2.379800	-3.786900
97.299960	-3.399315	4.968227
97.288642	-2.135893	6.829041
97.277324	-3.783184	4.778164
97.266006	-4.744195	-4.792018
97.254688	2.011133	3.988037
97.243370	-4.437802	-0.625727
97.232052	-4.162170	11.699800
97.220735	9.745357	1.835989
97.209417	-6.846909	-0.604840
97.198099	7.068140	5.267763
97.186781	1.259406	5.107596
97.175463	1.450715	-1.586994
97.164145	5.955387	0.466537
97.152827	-0.996772	0.696319
97.141509	4.216308	-0.293303
97.130191	-1.421805	0.157925
97.118874	-3.754534	3.797174
97.107556	1.539146	-1.162470
97.096238	0.801498	-9.493564
97.084920	-7.775896	7.667066
97.073602	2.922918	11.046752
97.062284	-1.192010	1.375109
97.050966	4.384205	-0.384558
97.039648	-1.921679	-1.776817
97.028330	-6.813922	-3.926683
97.017012	-3.045741	5.046717
97.005695	-3.328984	-5.716665
96.994377	-2.467539	0.515661
96.983059	-4.321743	-5.217142
96.971741	3.528084	6.569056
96.960423	-1.369258	-3.078789
96.949105	-1.343296	-1.012473
96.937787	-2.171460	-8.539683
96.926469	-4.699378	-5.143918
96.915151	-0.376344	9.297814
96.903833	-7.260557	-6.550433
96.892516	-2.968369	-1.211749
96.881198	-2.446912	7.327477
96.869880	-4.423684	-1.367413
96.858562	2.292002	-0.837973
96.847244	0.907102	-2.461380
96.835926	0.047517	6.932893
96.824608	-9.601481	-2.112574
96.813290	1.037443	1.169480
96.801972	-2.752787	-1.393597
96.790654	-15.011410	1.027885
96.779337	-3.003393	0.987675
96.768019	0.256115	4.766869
96.756701	-5.366316	6.139493
96.745383	-0.946224	-6.230280
96.734065	-1.139301	4.988722
96.722747	-2.123653	-0.317817
96.711429	-4.502115	1.367234
96.700111	-0.920469	-2.895679
96.688793	1.716088	9.519126
96.677476	1.593823	7.401609
96.666158	0.495464	-3.228147
96.654840	5.361018	0.280508
96.643522	0.736337	-6.875635
96.632204	1.137272	-9.407180
96.620886	-1.645441	4.451454
96.609568	-2.790760	1.378002
96.598250	-0.311981	4.995929
96.586932	-8.239554	0.346776
96.575614	0.955960	-11.464674
96.564297	-2.225161	-1.618592
96.552979	-7.729399	1.738585
96.541661	-3.225461	-1.816519
96.530343	-18.111673	-6.527530
96.519025	-2.610137	-5.005636
96.507707	-8.305223	14.572034
96.496389	2.924462	-2.404368
96.485071	4.292869	-0.800367
96.473753	-6.448342	-7.530398
96.462435	-0.091910	-0.596368
96.451118	3.763105	-4.180140
96.439800	3.861071	-5.178638
96.428482	-0.918976	1.893227
96.417164	-12.582994	3.592287
96.405846	3.396144	7.612866
96.394528	12.738662	-9.098860
96.383210	-5.665233	-1.375540
96.371892	-3.755752	5.892747
96.360574	-0.786433	-1.388593
96.349257	3.826454	-2.163113
96.337939	-9.496229	-2.806141
96.326621	-5.498452	2.019057
96.315303	5.615884	-0.794382
96.303985	-5.308710	-1.327458
96.292667	-1.339225	-6.283164
96.281349	-0.879342	1.226522
96.270031	-0.408937	1.380349
96.258713	2.581717	9.043533
96.247395	2.169536	-6.482703
96.236078	12.550673	-5.901329
96.224760	-10.023358	7.512702
96.213442	5.272038	-4.183638
96.202124	-1.309680	2.296844
96.190806	3.702967	2.970488
96.179488	8.072244	-5.189890
96.168170	-7.292350	6.856434
96.156852	0.769534	-1.576625
96.145534	-1.443804	-1.591608
96.134216	-4.169408	-2.316084
96.122899	-8.237045	1.442764
96.111581	-5.612988	-5.473620
96.100263	3.395704	-7.005460
96.088945	-0.152332	5.510272
96.077627	-0.032603	-3.620380
96.066309	-0.746602	2.946225
96.054991	5.738352	5.541302
96.043673	4.957765	2.090873
96.032355	2.915723	-4.606354
96.021038	-8.259832	1.899426
96.009720	-6.367904	-2.414108
95.998402	-0.743156	-1.073794
95.987084	2.018048	-1.067776
95.975766	4.029470	6.373585
95.964448	-3.001928	-2.686467
95.953130	-0.449647	-0.615448
95.941812	-4.813274	1.889362
95.930494	0.005855	-2.425313
95.919176	-4.201997	0.362397
95.907859	-1.566685	-1.986470
95.896541	-4.659395	7.207540
95.885223	3.255698	3.582276
95.873905	-5.295616	-1.596712
95.862587	-9.238875	1.653849
95.851269	0.013468	1.904245
95.839951	-1.162216	-1.307622
95.828633	3.865503	1.453887
95.817315	7.938160	-3.222240
95.805997	-2.596415	-0.775061
95.794680	-2.840492	-0.525288
95.783362	10.441034	-11.261311
95.772044	-12.978536	-6.240584
95.760726	1.208439	12.634319
95.749408	1.836327	0.371855
95.738090	-1.286563	-2.461662
95.726772	-3.360175	-2.506461
95.715454	5.682514	0.772610
95.704136	2.459243	-1.024266
95.692818	-1.658175	7.272350
95.681501	-1.629999	-10.130383
95.670183	3.429144	-3.972000
95.658865	-1.945071	11.783486
95.647547	9.328198	-5.176976
95.636229	-4.068761	1.625299
95.624911	-2.018623	-4.872625
95.613593	-8.099518	-15.328654
95.602275	-2.979279	-5.696420
95.590957	0.732978	-1.097147
95.579640	-0.799439	-0.950089
95.568322	5.345344	-4.739257
95.557004	-3.789572	-11.826147
95.545686	2.910874	1.301352
95.534368	7.465321	-7.220111
95.523050	12.790221	-1.762792
95.511732	0.145198	4.290314
95.500414	-3.303058	6.612752
95.489096	-3.106904	-5.080069
95.477778	-2.775690	8.669497
95.466461	0.638699	5.968703
95.455143	2.249735	0.924207
95.443825	1.123501	1.953785
95.432507	-1.310319	-4.477324
95.421189	4.760963	-4.719262
95.409871	6.702660	-0.001439
95.398553	-4.898458	-11.574766
95.387235	-1.171919	-9.803363
95.375917	1.885387	-8.239059
95.364599	5.695455	0.940901
95.353282	-0.922392	-0.500388
95.341964	-2.440233	-4.835452
95.330646	2.905553	4.383486
95.319328	0.122676	-7.146058
95.308010	1.009759	-6.371850
95.296692	-6.274567	4.043186
95.285374	-1.347679	-5.733439
95.274056	11.296929	-0.783868
95.262738	1.192222	-1.041153
95.251421	-1.048093	0.593973
95.240103	-0.531941	-0.416744
95.228785	11.690370	-8.192016
95.217467	-3.146518	-2.169683
95.206149	-5.570601	-6.934447
95.194831	-4.210876	-2.850502
95.183513	0.803130	9.081936
95.172195	1.349861	-1.951767
95.160877	-7.265056	-5.064239
95.149559	6.096626	-5.059245
95.138242	11.285059	-2.663846
95.126924	-4.314751	5.282886
95.115606	-0.017391	-5.173875
95.104288	0.553079	1.808817
95.092970	3.540891	-8.075728
95.081652	6.297743	2.158819
95.070334	-6.979044	1.499332
95.059016	-9.475212	-0.031269
95.047698	-5.775468	0.840454
95.036380	-14.688617	-3.743854
95.025063	5.039515	1.138008
95.013745	-2.648608	-2.269350
95.002427	-6.887507	-6.416664
94.991109	-6.326568	8.165485
94.979791	-0.374519	-3.070308
94.968473	-6.776298	5.435322
94.957155	-6.472457	0.551625
94.945837	2.336333	0.438058
94.934519	-5.775775	1.262012
94.923201	-6.451802	1.090303
94.911884	-0.174932	-7.975027
94.900566	0.425063	8.479718
94.889248	-0.348595	-3.689930
94.877930	2.198825	2.579770
94.866612	4.118949	7.091258
94.855294	-7.796534	-3.309038
94.843976	-6.642439	8.317705
94.832658	-6.983820	-12.570149
94.821340	-0.011189	-0.804975
94.810023	-4.228803	-3.780334
94.798705	5.869664	-9.321934
94.787387	-5.506533	3.636387
94.776069	-8.325465	6.566445
94.764751	5.867844	3.056411
94.753433	-5.652113	-7.232503
94.742115	1.887436	4.346318
94.730797	-3.000749	7.014703
94.719479	1.660601	-5.275908
94.708161	-1.040475	0.684469
94.696844	-4.839727	-17.620213
94.685526	1.123074	-4.631601
94.674208	-6.322400	-2.315767
94.662890	0.108129	5.672052
94.651572	-2.077707	-4.293802
94.640254	1.301125	-3.579090
94.628936	-1.464668	5.134967
94.617618	7.646183	4.797147
94.606300	-7.210299	-4.121669
94.594982	-4.230818	4.472127
94.583665	-13.222953	1.407350
94.572347	14.177600	-2.889950
94.561029	4.331054	5.809765
94.549711	-6.452075	5.924703
94.538393	-6.322805	0.150496
94.527075	-5.261570	4.174415
94.515757	-2.296244	-3.868524
94.504439	-2.370518	9.739668
94.493121	0.553857	4.776066
94.481804	7.212555	-0.271540
94.470486	-2.064361	-2.188094
94.459168	-3.170103	-2.241361
94.447850	-2.671139	-3.531368
94.436532	-4.422858	-4.576385
94.425214	-2.094243	3.097392
94.413896	-10.581209	0.319375
94.402578	9.848078	-1.066108
94.391260	3.120133	-0.901059
94.379942	0.918111	-4.742505
94.368625	3.928209	-4.521370
94.357307	3.145566	5.251555
94.345989	2.994207	-5.189404
94.334671	-7.834292	-15.386214
94.323353	-7.919280	-7.621951
94.312035	-7.220504	-1.594905
94.300717	1.832711	-8.786615
94.289399	-2.424951	-1.942765
94.278081	-4.433186	8.134578
94.266763	-10.502381	-0.896402
94.255446	5.223057	2.571395
94.244128	1.217757	-10.369000
94.232810	2.871041	3.261653
94.221492	-0.566504	-1.824016
94.210174	-2.299072	-15.870341
94.198856	-5.659964	-1.501709
94.187538	2.086424	-2.862912
94.176220	3.601962	-2.656697
94.164902	-5.853111	7.293262
94.153585	-5.522473	0.642148
94.142267	-3.030046	9.336315
94.130949	-3.229674	-3.903962
94.119631	7.141917	-0.930909
94.108313	2.905153	-1.428412
94.096995	-1.917918	0.929186
94.085677	-5.388288	0.369717
94.074359	-4.203370	-0.779717
94.063041	1.738107	2.979012
94.051723	4.120255	-3.986561
94.040406	8.217237	0.349572
94.029088	-1.553879	0.900731
94.017770	1.189059	5.293195
94.006452	-0.134730	6.612976
93.995134	8.316439	-6.707013
93.983816	3.993490	4.589173
93.972498	-1.489304	5.046300
93.961180	-4.455265	-9.143751
93.949862	4.001714	1.353585
93.938544	-4.676816	-2.785719
93.927227	9.331548	-7.083290
93.915909	2.129029	3.563492
93.904591	-7.352432	-9.335450
93.893273	-2.119778	2.091979
93.881955	-7.663756	2.242123
93.870637	8.711259	-6.937942
93.859319	1.075510	0.147609
93.848001	-9.900995	-3.778860
93.836683	9.142406	-9.876320
93.825365	6.952858	-2.738468
93.814048	-1.429861	-0.706971
93.802730	0.390429	-0.449325
93.791412	-1.469385	4.829483
93.780094	8.199454	-3.779246
93.768776	-1.482997	-1.012241
93.757458	2.737850	-5.544830
93.746140	4.793437	3.174999
93.734822	-4.528595	-6.130966
93.723504	-0.590263	7.912543
93.712187	-4.768523	2.495611
93.700869	2.387294	0.384154
93.689551	-4.093894	2.588539
93.678233	-5.521833	-9.385401
93.666915	-6.967531	-3.625599
93.655597	-0.782876	-0.475134
93.644279	6.347620	1.470134
93.632961	1.075988	-2.752760
93.621643	3.040253	-5.024309
93.610325	8.108130	-11.854897
93.599008	5.320840	1.352401
93.587690	-1.526635	9.051632
93.576372	-10.928585	-0.878933
93.565054	-0.285938	-6.489040
93.553736	-2.156195	7.690546
93.542418	9.500691	5.972541
93.531100	1.402765	1.666397
93.519782	-3.123606	1.614788
93.508464	-6.135672	0.532958
93.497146	-2.208599	3.110030
93.485829	-1.451031	-2.342687
93.474511	4.965374	-0.018908
93.463193	2.005239	1.830184
93.451875	-9.420722	-2.462044
93.440557	2.720716	-2.310291
93.429239	-7.113472	-7.519201
93.417921	5.826792	-8.119031
93.406603	1.584850	-7.305350
93.395285	-2.160112	1.543500
93.383968	-1.564838	-4.347460
93.372650	0.019686	-9.070127
93.361332	1.311301	-3.177045
93.350014	-1.531546	-2.151385
93.338696	7.033323	3.771528
93.327378	-7.379628	3.965241
93.316060	-2.309313	-3.270974
93.304742	5.755771	-4.645416
93.293424	0.917614	0.636657
93.282106	1.250863	-5.151925
93.270789	1.479791	-0.990087
93.259471	1.264534	-5.859022
93.248153	-3.151806	0.221995
93.236835	-5.924071	5.800114
93.225517	-1.991188	-3.292108
93.214199	2.798696	8.639135
93.202881	-3.472925	-4.194199
93.191563	1.211331	0.606551
93.180245	-1.336614	-3.016174
93.168927	-0.860801	4.451681
93.157610	6.601595	2.201535
93.146292	-7.412342	-3.675468
93.134974	3.441573	1.730369
93.123656	-0.820273	-3.357652
93.112338	-4.947511	-5.404017
93.101020	-0.219450	0.232512
93.089702	0.644655	-2.664629
93.078384	1.735001	-3.878227
93.067066	-4.187841	-4.184204
93.055749	1.007962	-4.375031
93.044431	0.863608	-3.665519
93.033113	-0.905662	2.078377
93.021795	-0.909981	4.606037
93.010477	-3.287102	-3.169911
92.999159	-6.239125	10.998688
92.987841	-8.549884	-6.859897
92.976523	-4.544074	-11.683968
92.965205	-1.614893	3.348808
92.953887	-2.318743	-2.505956
92.942570	2.501762	2.863636
92.931252	1.491888	0.500384
92.919934	-5.333700	-3.293633
92.908616	4.719190	8.157917
92.897298	-2.599277	-0.126765
92.885980	-1.147617	-4.348013
92.874662	-2.640912	3.380078
92.863344	-5.109517	3.198199
92.852026	-2.240538	-2.520622
92.840708	-6.807101	-0.767018
92.829391	5.251387	6.074815
92.818073	1.143991	5.014881
92.806755	1.903232	-4.219747
92.795437	1.512017	-2.892552
92.784119	9.184741	-0.179302
92.772801	1.253118	-5.594754
92.761483	3.549066	-1.210159
92.750165	-6.690079	0.245474
92.738847	5.166718	-3.455568
92.727529	-10.434123	-2.040013
92.716212	3.986846	7.239090
92.704894	-8.898523	2.374436
92.693576	-4.102115	4.149837
92.682258	-6.127120	5.336261
92.670940	-3.317911	-1.598740
92.659622	1.872760	-6.850152
92.648304	4.657668	5.694503
92.636986	-0.485087	-6.696792
92.625668	7.573386	-7.159558
92.614351	0.500310	6.426474
92.603033	-1.928056	-2.464169
92.591715	-8.266034	-0.771529
92.580397	-3.611828	-0.211386
92.569079	-0.100244	0.892071
92.557761	1.790059	1.020179
92.546443	-0.021446	-3.860634
92.535125	-0.233366	8.284543
92.523807	-8.825911	0.517439
92.512489	8.037670	-6.148211
92.501172	10.714517	-6.038053
92.489854	5.922016	-4.899050
92.478536	-3.733428	-0.404193
92.467218	-6.745247	-4.589910
92.455900	4.818498	-2.614278
92.444582	-2.829566	-6.377869
92.433264	4.800254	-5.006716
92.421946	-0.503272	-3.748115
92.410628	-2.514556	6.377329
92.399310	-0.759827	8.013293
92.387993	-7.846866	0.475223
92.376675	4.320059	-2.182257
92.365357	-6.703207	9.605242
92.354039	-0.508614	-4.950243
92.342721	-2.153852	4.630397
92.331403	-8.646002	-4.688726
92.320085	5.642512	-3.332077
92.308767	-1.954609	-3.439853
92.297449	-2.858702	2.711516
92.286132	-4.120229	2.281740
92.274814	6.018122	-5.495540
92.263496	6.457250	-3.658262
92.252178	-5.763703	0.904939
92.240860	-5.766768	-1.158539
92.229542	2.498511	1.534847
92.218224	0.292729	1.955709
92.206906	4.111245	2.488414
92.195588	6.579390	2.899014
92.184270	3.733741	-3.427875
92.172953	-10.767356	9.099255
92.161635	-1.617929	-0.092115
92.150317	-0.201673	5.326664
92.138999	-0.407901	4.341352
92.127681	-7.028192	1.456581
92.116363	-3.477525	2.075294
92.105045	-9.699251	-1.322508
92.093727	1.861840	-1.322652
92.082409	-2.827546	0.268819
92.071091	-5.203504	-8.420889
92.059774	2.369365	-0.165760
92.048456	-0.443436	5.206609
92.037138	-8.118946	0.326018
92.025820	9.349173	2.301812
92.014502	-1.338750	-8.605698
92.003184	2.774524	-2.269430
91.991866	-8.567657	1.131278
91.980548	5.695784	2.225634
91.969230	-12.522659	-2.400711
91.957913	4.633263	-3.298956
91.946595	-1.897193	10.002196
91.935277	-0.707757	-3.440412
91.923959	9.796995	-10.361053
91.912641	-6.203713	2.477968
91.901323	-8.018519	-4.982941
91.890005	2.063421	-2.969829
91.878687	-5.570328	1.121144
91.867369	6.455521	6.525009
91.856051	-6.995385	11.710083
91.844734	-2.127426	2.710596
91.833416	-1.423050	5.170974
91.822098	3.082756	-0.641823
91.810780	5.047853	3.080781
91.799462	-2.755797	7.754752
91.788144	-6.039471	-3.933829
91.776826	4.734286	2.952610
91.765508	-1.191549	-0.989489
91.754190	-4.473015	0.094472
91.742872	2.750047	-2.042147
91.731555	8.199962	-0.050162
91.720237	2.983818	5.345311
91.708919	-0.912702	-4.117686
91.697601	6.542591	-4.117599
91.686283	-5.593161	4.061269
91.674965	-2.711689	0.690826
91.663647	-1.761845	8.967631
91.652329	-0.088420	-5.555085
91.641011	8.822755	-9.245489
91.629693	-2.820977	2.520945
91.618376	7.583983	-2.475860
91.607058	-6.334204	-4.878999
91.595740	-0.486603	-1.173484
91.584422	4.807707	2.995085
91.573104	-1.618358	-3.806281
91.561786	-1.480819	0.634614
91.550468	-6.124348	-5.067871
91.539150	-4.626472	-2.345606
91.527832	8.459355	0.746522
91.516515	-3.113353	4.104527
91.505197	-8.603021	-2.073329
91.493879	-4.971833	-2.199624
91.482561	-6.166874	5.010176
91.471243	-1.794208	3.193877
91.459925	-6.490245	-1.454654
91.448607	-2.476147	1.537578
91.437289	-7.289499	8.565813
91.425971	-2.083546	1.861203
91.414653	0.367204	1.979766
91.403336	-8.206719	12.229830
91.392018	5.278350	-0.309616
91.380700	0.712309	0.692710
91.369382	-2.393939	4.395289
91.358064	4.871693	2.882400
91.346746	-1.832768	5.334008
91.335428	-0.123821	0.458517
91.324110	-1.309096	-6.322278
91.312792	-8.942145	0.624461
91.301474	-1.468951	6.460180
91.290157	3.441200	9.079074
91.278839	-4.240072	5.672246
91.267521	1.858189	-5.001277
91.256203	-2.503705	2.089696
91.244885	-4.835454	4.391898
91.233567	0.290325	3.377270
91.222249	-2.884637	1.432469
91.210931	-8.990320	-8.508850
91.199613	2.480212	2.461595
91.188296	4.757294	5.284653
91.176978	1.674496	0.799733
91.165660	3.650687	-2.087242
91.154342	-0.495852	6.136300
91.143024	1.636111	-0.988208
91.131706	-2.049369	10.031075
91.120388	0.603678	-1.594797
91.109070	-3.414050	2.640133
91.097752	1.122019	-0.455672
91.086434	8.956969	-1.626406
91.075117	-10.630928	-2.497036
91.063799	2.555521	6.678237
91.052481	7.014673	-4.060137
91.041163	-6.961596	-1.439995
91.029845	-3.224611	4.961447
91.018527	6.018183	6.135211
91.007209	-5.643324	0.132511
90.995891	0.580186	-3.960352
90.984573	-5.676821	6.497978
90.973255	5.832692	-2.522148
90.961938	8.258087	0.777822
90.950620	3.716210	-7.665287
90.939302	3.072923	-9.749297
90.927984	5.350096	1.454582
90.916666	-6.168067	-7.465503
90.905348	2.185743	2.197682
90.894030	-4.248485	-5.396567
90.882712	-4.243985	-1.505381
90.871394	-6.804801	-8.012069
90.860077	-10.806734	-3.596792
90.848759	7.807854	5.475140
90.837441	-12.394423	1.434911
90.826123	-1.064185	-7.602696
90.814805	-12.115803	1.403408
90.803487	5.804720	-4.665400
90.792169	5.580362	7.557350
90.780851	-7.829934	0.939333
90.769533	0.093389	-4.844895
90.758215	-3.086474	4.309596
90.746898	-2.901075	1.853182
90.735580	8.558179	4.400215
90.724262	8.217178	1.950615
90.712944	-1.866735	5.092025
90.701626	4.858501	1.911534
90.690308	-2.482227	-3.997025
90.678990	0.266602	-2.301815
90.667672	-4.385636	1.025273
90.656354	6.136208	0.321924
90.645036	-0.455856	4.827706
90.633719	-3.156598	3.619972
90.622401	-1.907472	1.135481
90.611083	-0.712715	-0.746661
90.599765	-1.317433	1.610697
90.588447	-5.732424	13.195052
90.577129	1.394251	14.552268
90.565811	1.044399	-0.472978
90.554493	1.258129	2.517152
90.543175	0.947572	1.216739
90.531857	-0.508242	4.796755
90.520540	4.628471	-1.471105
90.509222	0.332870	4.820786
90.497904	8.028982	2.284867
90.486586	8.523640	-5.404765
90.475268	-6.440409	-2.940708
90.463950	-8.828226	8.317662
90.452632	-5.283979	-1.267253
90.441314	-7.530088	10.324252
90.429996	-1.635561	-2.945088
90.418679	-1.826421	3.472710
90.407361	-0.676361	-5.256772
90.396043	-0.117748	-10.409754
90.384725	-8.484976	3.182271
90.373407	-0.410291	0.431341
90.362089	-10.786802	0.623529
90.350771	-10.877779	-9.842239
90.339453	-0.115563	3.916452
90.328135	3.629459	-0.181295
90.316817	5.857516	3.490849
90.305500	-5.123250	1.377887
90.294182	1.931300	7.369442
90.282864	-3.704975	-5.036317
90.271546	4.451398	-3.215352
90.260228	4.879194	0.847400
90.248910	-3.492434	-1.569858
90.237592	-0.801920	-5.068683
90.226274	-2.228714	-9.046103
90.214956	0.327890	1.387359
90.203638	1.453204	-6.761608
90.192321	0.142891	10.652065
90.181003	-0.724609	8.667343
90.169685	-4.757276	3.547546
90.158367	2.266676	0.087419
90.147049	4.237189	1.783887
90.135731	-2.776130	3.475384
90.124413	2.063558	-0.176597
90.113095	4.680986	6.176458
90.101777	5.308775	4.319646
90.090460	9.080683	1.607504
90.079142	-3.344531	-2.950871
90.067824	-2.218297	1.037611
90.056506	3.376732	-1.261314
90.045188	3.469153	-6.959092
90.033870	9.156512	3.886047
90.022552	0.535162	-1.782708
90.011234	-0.100811	0.896111
89.999916	-5.848145	-1.786856
89.988598	0.402721	-0.840584
89.977281	3.016337	0.785554
89.965963	-1.495777	-1.149458
89.954645	5.940557	-5.428580
89.943327	1.156831	4.190443
89.932009	7.066257	-3.365530
89.920691	-0.861965	0.574838
89.909373	-7.981658	5.148214
89.898055	-11.319317	-6.607214
89.886737	5.983775	8.799816
89.875419	-1.618785	0.487281
89.864102	4.717699	-0.868048
89.852784	-0.530999	5.523560
89.841466	-1.454110	-0.476845
89.830148	-13.300111	5.277800
89.818830	-2.195586	-4.633168
89.807512	-0.501522	-1.081429
89.796194	-4.143441	0.689462
89.784876	-2.528773	-11.003001
89.773558	-0.331001	3.988297
89.762241	-5.357266	-7.746572
89.750923	-9.026408	-5.396010
89.739605	-0.917445	8.696327
89.728287	-4.975343	-3.723394
89.716969	13.045160	6.915669
89.705651	6.517109	-1.909870
89.694333	8.770594	2.804030
89.683015	4.427709	1.109381
89.671697	6.871246	-0.159885
89.660379	5.068966	8.174006
89.649062	-0.966369	4.015740
89.637744	7.582172	4.738134
89.626426	5.352883	-7.608680
89.615108	-3.159892	8.035081
89.603790	-3.544024	-1.072041
89.592472	2.327422	-8.403800
89.581154	-8.034701	-11.271851
89.569836	-2.987444	-1.518907
89.558518	3.971514	-7.395355
89.547200	-2.652666	0.840651
89.535883	-4.537569	-1.474068
89.524565	0.824086	-1.166496
89.513247	-3.277599	1.766404
89.501929	-7.077881	-1.753430
89.490611	-2.887379	7.293265
89.479293	-0.644308	-4.497804
89.467975	2.645993	4.573817
89.456657	-3.474478	6.652610
89.445339	0.088813	1.945790
89.434021	9.313972	4.630694
89.422704	-1.807803	-3.722579
89.411386	2.595016	-9.205541
89.400068	-8.236988	2.806796
89.388750	2.347236	-5.427269
89.377432	-4.038796	-2.806573
89.366114	-3.725952	-2.935905
89.354796	1.818888	-1.333585
89.343478	-6.476332	5.053065
89.332160	-0.674278	4.673072
89.320843	4.592066	5.746559
89.309525	-6.615712	3.068829
89.298207	2.728456	1.430156
89.286889	-4.783280	-9.408409
89.275571	4.434812	-7.297095
89.264253	-1.219958	1.814658
89.252935	-8.209242	-3.068985
89.241617	1.648064	1.966038
89.230299	-5.585118	6.516499
89.218981	2.447404	-9.104685
89.207664	-6.907125	5.605858
89.196346	5.004047	-4.352460
89.185028	9.485660	-3.917270
89.173710	2.462784	3.344236
89.162392	6.333776	-5.219306
89.151074	-3.629790	-4.750536
89.139756	-2.275584	-2.228161
89.128438	-0.850210	-3.293234
89.117120	-4.233336	-0.733429
89.105802	-0.521502	10.950390
89.094485	-15.226997	-0.158688
89.083167	6.468252	-13.477933
89.071849	-1.303557	0.249227
89.060531	-5.879302	-10.687518
89.049213	13.286366	-5.328818
89.037895	-2.015678	2.668162
89.026577	2.949311	10.200947
89.015259	-3.120861	2.408995
89.003941	0.050513	3.970459
88.992624	3.773339	-11.548610
88.981306	-6.704983	1.320223
88.969988	4.809557	-4.177820
88.958670	-1.217352	4.504704
88.947352	-3.171853	0.623268
88.936034	1.170575	-2.554641
88.924716	1.945708	3.153998
88.913398	1.090273	-4.356358
88.902080	3.778663	-4.943532
88.890762	1.588734	-4.256422
88.879445	10.642328	-2.116660
88.868127	-11.861638	1.038814
88.856809	3.978984	4.926920
88.845491	0.529910	0.530305
88.834173	-0.222449	0.561891
88.822855	-0.074604	-0.330893
88.811537	-2.435882	-3.713774
88.800219	-2.825773	-12.215575
88.788901	-0.845138	-8.437959
88.777583	3.130096	-8.404675
88.766266	3.418171	-2.587121
88.754948	0.906270	-2.585436
88.743630	-5.073257	-8.536071
88.732312	1.326264	1.349455
88.720994	4.096807	-3.597297
88.709676	-1.859418	-2.294576
88.698358	-4.788482	-0.399495
88.687040	6.322796	6.681079
88.675722	-5.597185	1.420606
88.664404	-1.061943	-2.403704
88.653087	-8.789664	-4.486954
88.641769	-6.687705	5.245599
88.630451	0.695548	5.438561
88.619133	7.023454	5.219273
88.607815	-2.138299	3.222701
88.596497	1.581546	-0.197374
88.585179	-2.540761	3.220044
88.573861	-3.657691	-8.094312
88.562543	1.984862	2.710302
88.551226	-1.137458	-3.713408
88.539908	-10.047233	-7.236449
88.528590	2.113047	3.364497
88.517272	3.282215	-2.191237
88.505954	0.424612	-4.160618
88.494636	1.765403	-0.321810
88.483318	2.513383	5.821237
88.472000	-0.722440	2.557000
88.460682	6.308095	-0.401855
88.449364	1.138593	0.977486
88.438047	-8.410272	-10.018865
88.426729	-5.081478	0.364688
88.415411	3.620695	10.186152
88.404093	-13.159565	-1.130673
88.392775	-1.903445	-5.212472
88.381457	7.957945	2.986863
88.370139	2.391084	-8.211239
88.358821	-3.501238	-8.640332
88.347503	1.127101	-8.699885
88.336185	5.474897	-0.421308
88.324868	1.223963	-4.160869
88.313550	2.327637	14.921779
88.302232	0.154024	-1.459511
88.290914	-2.525630	-2.171058
88.279596	-4.112640	-4.337019
88.268278	-6.976863	-8.866158
88.256960	2.139999	1.956783
88.245642	5.329116	2.148888
88.234324	-6.370941	-4.046205
88.223007	0.037147	-0.434290
88.211689	-7.871262	3.092338
88.200371	5.058939	-1.606501
88.189053	2.988834	7.640227
88.177735	-0.111926	-6.554931
88.166417	-6.976182	0.168389
88.155099	-3.462102	-12.088660
88.143781	4.585508	-1.702111
88.132463	-8.187118	0.714413
88.121145	-4.481954	1.965891
88.109828	-7.514100	11.896681
88.098510	3.623887	-6.618276
88.087192	-1.165217	-5.736596
88.075874	-2.622267	-0.173698
88.064556	-0.510253	-5.797246
88.053238	-0.944772	-2.682072
88.041920	-0.082686	-2.954703
88.030602	-1.389835	-8.005795
88.019284	-4.502254	-2.635890
88.007966	-6.369801	6.443697
87.996649	-1.473433	-3.005269
87.985331	1.468293	-6.930870
87.974013	-2.549406	2.528308
87.962695	1.733337	-3.442032
87.951377	1.894645	-9.981256
87.940059	-11.689077	-5.489668
87.928741	-6.057058	-6.444623
87.917423	0.232710	2.368531
87.906105	-1.728442	0.040988
87.894788	3.078154	10.018810
87.883470	3.153150	-1.297861
87.872152	-1.042920	-7.545467
87.860834	5.010101	-7.806547
87.849516	-2.317454	1.162028
87.838198	1.475310	1.169140
87.826880	-9.883881	0.410658
87.815562	-0.662324	-3.561891
87.804244	1.691400	2.540354
87.792926	4.354430	2.078310
87.781609	-1.043113	-6.234617
87.770291	-0.471441	-5.049353
87.758973	-4.341840	-11.980182
87.747655	2.154235	6.596645
87.736337	4.995798	-0.810884
87.725019	1.625684	5.098101
87.713701	-8.297372	4.860181
87.702383	-5.233673	-17.278923
87.691065	-3.404077	-0.186871
87.679747	-7.882367	-4.195890
87.668430	0.768272	2.214993
87.657112	2.616881	4.728437
87.645794	-4.364398	-4.915740
87.634476	4.559248	4.033218
87.623158	-0.661327	5.243710
87.611840	1.465667	-3.902648
87.600522	-9.097789	-3.405258
87.589204	-0.475181	-6.450896
87.577886	1.897385	4.650702
87.566568	-0.551627	-3.678279
87.555251	-0.289461	-3.154548
87.543933	-6.545322	3.423986
87.532615	6.672789	-0.281260
87.521297	6.035256	-2.696462
87.509979	4.526196	-0.032530
87.498661	0.889838	-8.610348
87.487343	-3.487972	8.233439
87.476025	1.914761	0.708720
87.464707	0.973326	-6.249525
87.453390	-1.120142	-5.077126
87.442072	5.910745	-6.438342
87.430754	-4.985538	7.126662
87.419436	-0.844214	-0.862877
87.408118	8.523820	1.686755
87.396800	-2.981681	-7.125393
87.385482	-4.505644	2.189837
87.374164	-7.367190	-0.031608
87.362846	-0.917187	-5.358778
87.351528	-1.119650	-0.588533
87.340211	-10.504104	-12.591680
87.328893	2.847902	4.610382
87.317575	-2.893355	-6.026686
87.306257	-8.296594	-2.001069
87.294939	17.277142	5.447430
87.283621	0.865190	6.926097
87.272303	-1.062609	0.888950
87.260985	-6.950109	10.966556
87.249667	-10.966477	-7.608125
87.238349	1.597267	-0.357857
87.227032	-5.698592	-10.203130
87.215714	3.739373	0.800397
87.204396	-11.743589	1.617216
87.193078	-0.817973	-5.958918
87.181760	-3.289584	2.798609
87.170442	-2.147876	-5.296800
87.159124	-5.859547	0.015137
87.147806	-0.145865	0.817442
87.136488	-12.209781	7.829900
87.125171	3.911712	2.844470
87.113853	-2.199505	-0.888636
87.102535	3.851143	-2.992316
87.091217	-3.400768	-6.623838
87.079899	-4.595511	-9.154016
87.068581	-5.990788	-0.339559
87.057263	-7.830039	-13.279373
87.045945	3.017456	2.409679
87.034627	-3.585032	2.231587
87.023309	0.468019	-0.838713
87.011992	2.872189	-4.020267
87.000674	-7.107447	-0.424141
86.989356	4.053457	8.766194
86.978038	-1.399103	6.794837
86.966720	1.197506	-0.633725
86.955402	0.945307	-2.852622
86.944084	-4.385737	-1.390609
86.932766	-8.352750	2.493678
86.921448	0.348628	6.376548
86.910130	-2.511838	-0.199802
86.898813	0.062114	5.049674
86.887495	-1.928761	-0.695578
86.876177	4.364487	-4.259142
86.864859	2.680749	0.721640
86.853541	9.483662	3.850668
86.842223	-2.548409	3.259087
86.830905	-1.243217	-3.314792
86.819587	6.881372	3.546651
86.808269	3.801197	5.047419
86.796952	4.328103	-5.608765
86.785634	3.115556	2.082806
86.774316	2.513146	-1.984211
86.762998	-5.844426	6.703138
86.751680	-3.632070	2.356278
86.740362	-5.836077	4.373660
86.729044	-0.522049	0.743239
86.717726	-11.184791	2.064877
86.706408	9.238574	-2.839495
86.695090	-4.467590	4.063301
86.683773	1.342799	-9.598129
86.672455	-3.440739	7.506402
86.661137	6.582977	0.612212
86.649819	-6.616178	-0.346962
86.638501	5.485310	6.975642
86.627183	6.674891	-3.618319
86.615865	4.102975	3.610058
86.604547	0.382236	4.150504
86.593229	-3.578874	1.750867
86.581911	10.170726	1.299317
86.570594	-1.674120	-1.741575
86.559276	-1.248355	-2.010724
86.547958	5.068637	-3.921494
86.536640	9.209123	10.786005
86.525322	-5.555068	-4.035345
86.514004	2.992606	-1.627561
86.502686	4.400768	-3.168023
86.491368	-2.855942	-3.429568
86.480050	7.366567	-1.771810
86.468732	-2.483690	-0.154906
86.457415	4.972309	-1.974215
86.446097	-8.480190	-4.508546
86.434779	3.220327	0.021473
86.423461	-3.118915	-0.349752
86.412143	1.420527	13.392267
86.400825	0.410331	8.082836
86.389507	7.699140	0.699810
86.378189	-1.887225	-4.781356
86.366871	3.685306	7.993884
86.355554	-8.260342	5.633748
86.344236	1.596531	-1.788234
86.332918	-8.549547	0.845734
86.321600	2.430310	-2.950100
86.310282	1.020505	-5.398794
86.298964	-2.718267	3.742995
86.287646	0.307973	-6.296856
86.276328	3.666112	6.451788
86.265010	-1.817109	-2.902205
86.253692	2.968394	2.965613
86.242375	0.651125	-0.720429
86.231057	-3.487639	0.496440
86.219739	-6.441874	-7.723295
86.208421	2.776645	-10.012940
86.197103	-1.197087	2.316609
86.185785	8.887945	2.168059
86.174467	3.927363	-2.109262
86.163149	5.321208	-1.628746
86.151831	-3.991332	-7.326986
86.140513	-0.480324	2.728863
86.129196	-6.707095	-6.417279
86.117878	-2.472741	-2.074219
86.106560	0.214845	2.575898
86.095242	1.546729	-9.318835
86.083924	3.744397	-7.183002
86.072606	-5.121503	-0.848444
86.061288	-1.607363	-3.003710
86.049970	2.618508	4.947057
86.038652	4.268341	-4.558033
86.027335	0.815004	-2.443262
86.016017	8.908909	6.065134
86.004699	4.897006	-0.752229
85.993381	1.330524	7.222958
85.982063	6.502141	-9.610462
85.970745	-1.083416	-0.622264
85.959427	-0.861040	2.648838
85.948109	-1.466707	6.066001
85.936791	-7.872285	-3.053591
85.925473	-14.245464	-9.170524
85.914156	-1.001170	6.281566
85.902838	-2.725387	1.865051
85.891520	5.148833	6.020165
85.880202	-1.187218	-5.662923
85.868884	-2.892367	-5.454018
85.857566	-3.362019	-2.732945
85.846248	-7.336041	-7.478458
85.834930	-6.527160	3.179120
85.823612	-4.803058	-2.006155
85.812294	0.322638	-0.646984
85.800977	-4.267283	1.416991
85.789659	-6.575530	0.177068
85.778341	0.952820	0.726106
85.767023	-10.753816	2.325997
85.755705	3.507329	0.966658
85.744387	-8.939276	-3.236408
85.733069	3.462736	4.107438
85.721751	5.503444	7.759323
85.710433	-1.290952	10.480244
85.699116	2.954767	5.964253
85.687798	-3.804905	6.882624
85.676480	-8.683423	1.961434
85.665162	3.290218	-6.896698
85.653844	6.608795	0.580101
85.642526	6.364567	6.959071
85.631208	-5.236530	-8.141926
85.619890	-1.300180	-3.347904
85.608572	-2.447332	2.041860
85.597254	-0.322071	-8.890858
85.585937	-2.826001	-9.112037
85.574619	0.731980	-6.709797
85.563301	1.939311	0.103259
85.551983	12.359637	3.560117
85.540665	2.230510	-7.334691
85.529347	-7.610512	-6.157450
85.518029	2.020036	6.336235
85.506711	0.211294	-0.848401
85.495393	-2.245121	9.393087
85.484075	-2.960502	-5.227540
85.472758	1.620738	-1.236138
85.461440	-7.942235	-1.477713
85.450122	-4.504575	-4.692185
85.438804	-8.371403	7.809114
85.427486	-10.066112	0.091489
85.416168	-0.131062	3.861851
85.404850	-4.054241	10.879616
85.393532	2.674915	-3.953766
85.382214	9.106581	-0.619853
85.370896	7.016021	1.394596
85.359579	0.840883	-1.577797
85.348261	0.729684	0.056869
85.336943	1.721473	-3.719011
85.325625	1.611701	3.834612
85.314307	5.185951	10.619692
85.302989	-0.258705	-4.818140
85.291671	-1.060255	0.451781
85.280353	1.751789	4.389159
85.269035	-1.609185	0.020225
85.257718	-2.991633	-2.020549
85.246400	6.077718	-0.862149
85.235082	-9.760515	-8.048413
85.223764	0.848404	-0.032350
85.212446	0.988568	2.864141
85.201128	-5.425578	-4.787623
85.189810	-3.165540	6.196118
85.178492	5.136968	-1.496645
85.167174	4.746379	-9.074966
85.155856	-5.603438	4.716161
85.144539	2.032722	-0.174694
85.133221	3.392093	-0.104749
85.121903	-3.573706	-8.031307
85.110585	-5.207004	-2.405328
85.099267	3.763043	-5.714862
85.087949	-5.104620	2.187243
85.076631	-4.902255	5.339756
85.065313	0.374188	4.343654
85.053995	-8.546244	-1.113216
85.042677	0.445050	-2.639425
85.031360	-7.870687	-2.263522
85.020042	0.067603	-1.187062
85.008724	-0.641562	1.981808
84.997406	7.655030	-13.948330
84.986088	-13.256819	3.778017
84.974770	-7.873310	-5.232071
84.963452	-9.833865	-0.264065
84.952134	-5.222393	5.861204
84.940816	-9.603234	0.165875
84.929499	0.334944	-5.458333
84.918181	-12.881004	-3.844747
84.906863	1.759108	-5.638159
84.895545	-0.330448	12.300500
84.884227	-1.698737	-6.546548
84.872909	0.097927	0.304341
84.861591	6.100962	-4.517547
84.850273	5.976046	1.704093
84.838955	-2.723022	-9.532347
84.827637	-3.488585	-1.628428
84.816320	4.265926	4.001108
84.805002	-2.567408	8.364979
84.793684	6.779582	-2.839666
84.782366	-8.987180	2.430181
84.771048	-3.764237	-1.932095
84.759730	1.938568	1.394524
84.748412	-1.146034	-5.830546
84.737094	4.143785	-1.577182
84.725776	-2.562792	5.784215
84.714458	-5.831764	-1.857857
84.703141	0.667698	-0.969206
84.691823	0.980554	0.903860
84.680505	-7.156987	2.654799
84.669187	-12.809588	4.891731
84.657869	1.865235	-6.980702
84.646551	-4.303546	6.962046
84.635233	-3.097190	-2.051993
84.623915	-2.914009	2.411258
84.612597	-0.931192	-10.981186
84.601280	-5.424967	-6.108450
84.589962	-1.574299	8.489498
84.578644	-6.902962	-1.417430
84.567326	-13.179058	10.435360
84.556008	2.995956	1.560207
84.544690	4.285607	-3.932606
84.533372	-0.529775	9.106987
84.522054	-3.976572	3.606913
84.510736	3.169173	5.653698
84.499418	-1.662933	5.310823
84.488101	1.100841	-9.278319
84.476783	0.276763	-6.816150
84.465465	-6.900739	-7.849066
84.454147	-1.008465	4.068099
84.442829	-4.533590	1.683433
84.431511	-0.854144	-3.690679
84.420193	0.676645	-4.700704
84.408875	-5.891101	6.615065
84.397557	-3.746718	6.470248
84.386239	2.082791	-3.427537
84.374922	1.300879	-4.501791
84.363604	-5.238724	3.675444
84.352286	4.466597	3.467129
84.340968	-3.973840	-0.429660
84.329650	-7.790196	5.175900
84.318332	-0.102387	-9.224924
84.307014	9.430987	-0.531928
84.295696	-2.463080	-3.445998
84.284378	-12.523612	-11.680338
84.273060	-0.499337	-3.764308
84.261743	2.836910	-2.758295
84.250425	-8.578336	-0.369949
84.239107	3.116971	1.158870
84.227789	-3.677090	4.437888
84.216471	0.495324	6.141884
84.205153	-6.324411	-1.224734
84.193835	-3.369452	5.074749
84.182517	8.083131	0.654618
84.171199	-7.647140	4.193842
84.159882	-10.499112	-1.754669
84.148564	-12.383011	-1.895487
84.137246	5.572602	4.305114
84.125928	-5.220502	-0.184271
84.114610	-2.657927	12.164226
84.103292	3.735502	8.986397
84.091974	-3.738533	-11.799280
84.080656	-1.335188	8.154348
84.069338	1.727757	1.764335
84.058020	-2.651795	-2.076772
84.046703	-0.095738	-5.326517
84.035385	8.802085	-3.344825
84.024067	-8.182519	12.064468
84.012749	-0.703536	0.103371
84.001431	-4.226034	6.955868
83.990113	-3.471370	-6.964746
83.978795	-2.551231	-5.187881
83.967477	4.817727	-12.796978
83.956159	-2.103949	-5.018744
83.944841	-2.182693	8.530853
83.933524	-3.833111	2.369081
83.922206	-0.906270	-1.791463
83.910888	5.712550	-3.303349
83.899570	-1.526428	0.646711
83.888252	-1.644454	-4.034120
83.876934	-9.646192	2.302559
83.865616	2.524278	-8.255734
83.854298	5.451473	2.438272
83.842980	6.776314	7.083956
83.831663	0.718388	-0.345291
83.820345	-0.161290	10.979953
83.809027	1.015763	14.081335
83.797709	-7.541743	-9.495335
83.786391	0.522527	2.839756
83.775073	1.029557	2.267255
83.763755	-4.774772	-5.716815
83.752437	2.604103	-11.255242
83.741119	-5.730635	2.943601
83.729801	4.870387	1.345272
83.718484	-10.084498	0.194208
83.707166	1.520740	-9.246267
83.695848	1.583665	-0.735770
83.684530	8.067920	-7.561795
83.673212	5.310534	-1.929040
83.661894	-0.275026	5.086811
83.650576	-0.665800	-4.468417
83.639258	-9.354382	-1.901356
83.627940	-0.667693	-5.176844
83.616622	-0.586192	-2.105453
83.605305	-1.514532	-7.999069
83.593987	-6.062502	0.346464
83.582669	-7.056075	-1.292560
83.571351	-1.608768	-8.806504
83.560033	-1.027228	-5.940913
83.548715	6.109304	-2.126957
83.537397	-1.327151	5.936870
83.526079	13.851124	5.876797
83.514761	2.831611	1.728512
83.503444	10.109168	-0.077974
83.492126	-4.830013	1.164666
83.480808	0.669133	1.411065
83.469490	0.982961	-3.560572
83.458172	4.305665	-5.291268
83.446854	-1.215110	-1.067909
83.435536	9.295614	-0.406012
83.424218	1.898395	-4.913389
83.412900	4.033935	1.733466
83.401582	-3.075426	3.973034
83.390265	-15.231718	-4.584566
83.378947	-4.012237	6.645088
83.367629	-3.662086	-4.695730
83.356311	-6.209357	-5.196995
83.344993	-0.699608	6.060627
83.333675	-5.079513	-10.621428
83.322357	-4.682429	10.420948
83.311039	-2.554168	-0.379779
83.299721	-6.526124	-6.725664
83.288403	1.929069	-2.093094
83.277086	-4.757495	-3.122176
83.265768	-4.524276	-7.659740
83.254450	-10.258491	6.147471
83.243132	0.697917	-4.703810
83.231814	0.154329	-0.585435
83.220496	-0.709093	2.838220
83.209178	-6.929411	0.160964
83.197860	-2.734610	-4.860328
83.186542	1.490296	3.817174
83.175224	-1.565917	6.816599
83.163907	0.448220	8.030329
83.152589	1.492701	-2.160390
83.141271	-0.750928	-2.184515
83.129953	-1.465591	-0.055163
83.118635	-3.560557	-5.731133
83.107317	8.484706	-9.842962
83.095999	0.153026	7.816677
83.084681	-0.803954	-4.536718
83.073363	-6.425570	4.262770
83.062046	0.112191	-1.530633
83.050728	1.394099	-2.641313
83.039410	-7.418722	-4.775898
83.028092	-8.300125	-0.869891
83.016774	-0.673270	-0.460386
83.005456	-4.373756	-5.309278
82.994138	-1.880996	-7.254495
82.982820	3.888508	5.535910
82.971502	-3.653745	0.675637
82.960184	-1.173460	-0.899192
82.948867	-4.018556	-4.079040
82.937549	-0.357259	-0.490451
82.926231	2.501431	0.688913
82.914913	-11.452041	2.776552
82.903595	7.264347	-7.572293
82.892277	-2.179927	-7.999011
82.880959	-9.871795	0.331700
82.869641	4.504490	12.120751
82.858323	-3.742537	-1.134222
82.847005	8.559508	1.190113
82.835688	-10.458936	1.668474
82.824370	11.610619	0.737889
82.813052	4.819050	9.613482
82.801734	-6.285570	11.982099
82.790416	0.504966	2.143555
82.779098	1.877476	2.647101
82.767780	-0.517411	-4.753140
82.756462	-2.973289	1.981084
82.745144	-0.929661	-6.522596
82.733827	-8.882994	6.721603
82.722509	-5.131261	-2.872561
82.711191	-3.990140	-5.429911
82.699873	3.160272	3.588187
82.688555	-8.560539	3.885900
82.677237	7.405971	-4.909576
82.665919	-1.422628	-2.254415
82.654601	2.526456	4.752472
82.643283	4.260449	8.003768
82.631965	-6.149832	-2.066381
82.620648	1.046086	-2.594084
82.609330	3.004844	1.809152
82.598012	9.834888	-7.394939
82.586694	-7.743041	2.089847
82.575376	-2.381573	5.494286
82.564058	-1.061586	2.262584
82.552740	-15.586803	-3.710969
82.541422	3.750725	1.954192
82.530104	1.462499	-3.336616
82.518786	-8.015312	3.627022
82.507469	-3.830163	-13.723924
82.496151	1.099338	2.048842
82.484833	-0.035182	-1.689677
82.473515	-1.287412	-0.676298
82.462197	0.372433	-4.477228
82.450879	-6.713162	-8.415335
82.439561	-0.867409	1.833455
82.428243	10.906102	-0.233967
82.416925	7.427496	1.154448
82.405608	5.647151	-4.813346
82.394290	10.370609	5.464194
82.382972	-10.945719	4.861841
82.371654	6.621457	-5.044981
82.360336	-2.869109	0.677847
82.349018	2.370475	-0.607348
82.337700	3.393252	-1.896655
82.326382	-3.520433	1.762674
82.315064	6.747248	6.436116
82.303746	2.324960	-0.775985
82.292429	-4.723425	7.203846
82.281111	7.520161	10.866446
82.269793	-3.564983	5.157245
82.258475	-3.341381	6.303165
82.247157	-3.890719	-4.806035
82.235839	-3.369834	-16.594057
82.224521	-3.325796	0.537688
82.213203	-7.896252	3.778385
82.201885	2.589120	-1.526938
82.190567	-3.137701	1.388059
82.179250	0.470947	3.634351
82.167932	-5.551573	-2.923783
82.156614	-2.537979	-7.679031
82.145296	-3.044569	-12.739673
82.133978	-4.194514	-2.554899
82.122660	0.360939	4.403353
82.111342	-2.461596	0.594121
82.100024	-3.703110	0.397874
82.088706	-0.767932	2.525577
82.077388	0.173701	3.836524
82.066071	1.161824	-4.774186
82.054753	7.958617	-1.147686
82.043435	2.384554	-4.068245
82.032117	6.759907	-0.668016
82.020799	-4.337070	2.236430
82.009481	0.144612	-7.513614
81.998163	0.272964	0.800081
81.986845	-1.024055	-8.279350
81.975527	-3.524097	-5.090924
81.964210	-4.053430	3.554964
81.952892	5.963561	3.660514
81.941574	2.257669	0.342078
81.930256	-7.393880	-3.731630
81.918938	2.919598	0.663284
81.907620	-0.666958	-7.111678
81.896302	-0.065669	0.104440
81.884984	11.397425	3.998672
81.873666	-3.127763	10.694480
81.862348	2.533911	-6.494297
81.851031	0.660552	-0.092851
81.839713	4.413713	-4.439193
81.828395	-4.405853	0.590408
81.817077	-5.408194	-8.134639
81.805759	9.533277	4.875237
81.794441	6.165372	-3.297900
81.783123	5.363407	-2.025225
81.771805	3.563405	-1.075917
81.760487	5.921701	4.492599
81.749169	-3.953179	-0.200255
81.737852	-0.252987	11.997322
81.726534	2.615324	-1.610642
81.715216	2.894466	1.618495
81.703898	-7.029551	-6.287180
81.692580	8.540015	-0.086168
81.681262	1.366145	-0.434765
81.669944	3.194241	2.051565
81.658626	-3.820198	0.026429
81.647308	-1.899531	-0.710071
81.635991	-2.094012	-8.825992
81.624673	5.164127	6.549636
81.613355	1.225328	4.159096
81.602037	-6.278855	3.546954
81.590719	-3.182256	-0.224202
81.579401	-2.114755	-0.571412
81.568083	-3.620788	-2.549630
81.556765	4.442555	-5.617833
81.545447	9.376504	6.567895
81.534129	-3.140803	-5.567745
81.522812	-5.918661	-5.876943
81.511494	3.097855	-4.425445
81.500176	5.420903	-2.792764
81.488858	-4.703177	15.567121
81.477540	-10.224907	1.871618
81.466222	11.593162	-1.813845
81.454904	-9.504702	4.762600
81.443586	5.397059	-4.609453
81.432268	6.866237	4.518826
81.420950	-10.703797	-9.235675
81.409633	5.127013	-2.836274
81.398315	-4.649662	1.890681
81.386997	-1.024626	-10.055201
81.375679	-3.539935	-7.104056
81.364361	-14.024391	-5.964858
81.353043	-8.333081	-4.992652
81.341725	-0.096904	2.738368
81.330407	7.646101	-1.362621
81.319089	-7.437742	-4.011679
81.307771	-4.377401	-5.498703
81.296454	-7.755282	2.072656
81.285136	-2.864559	-1.538653
81.273818	6.679948	-2.067039
81.262500	4.905013	2.660671
81.251182	-2.230452	3.984763
81.239864	1.862569	-9.040157
81.228546	2.460307	2.183647
81.217228	-0.932780	7.087554
81.205910	4.886619	-3.539613
81.194593	-4.809763	4.132018
81.183275	3.536507	0.597606
81.171957	1.577386	-4.378834
81.160639	0.842702	-3.259485
81.149321	-3.902050	-0.776438
81.138003	-6.529945	-3.104871
81.126685	-5.155355	-4.789502
81.115367	0.428849	-3.563462
81.104049	1.086347	-1.814461
81.092731	-15.382105	-9.596303
81.081414	-4.002393	-1.397119
81.070096	-0.152588	2.510611
81.058778	0.881616	2.854659
81.047460	-2.033194	-0.834026
81.036142	-0.504975	1.657712
81.024824	-2.697936	-5.726913
81.013506	-3.224064	1.389373
81.002188	-6.041550	-1.702131
80.990870	-7.183959	-2.872651
80.979552	0.410465	-3.783897
80.968235	3.683066	-7.080925
80.956917	5.847534	1.643979
80.945599	9.483386	-4.374953
80.934281	-1.567970	-1.421315
80.922963	-3.079449	3.667567
80.911645	-4.092522	2.035195
80.900327	-3.889878	5.085805
80.889009	-11.019841	-1.378998
80.877691	4.598196	-0.171406
80.866374	3.019788	7.527993
80.855056	6.625123	-0.509749
80.843738	-8.831539	-1.126861
80.832420	0.321763	-5.282596
80.821102	-5.056482	-1.211935
80.809784	-2.304128	-3.955735
80.798466	0.580156	2.165459
80.787148	11.493990	-4.754064
80.775830	5.185985	4.309900
80.764512	-4.298366	-10.677337
80.753195	8.592627	2.325505
80.741877	-10.197174	-2.056266
80.730559	6.805708	6.011073
80.719241	5.417281	-2.478114
80.707923	9.996526	-7.916856
80.696605	-2.278811	-0.736590
80.685287	-0.825685	3.523497
80.673969	-4.018067	-2.349553
80.662651	-5.738770	2.390093
80.651333	-0.869839	-3.664683
80.640016	8.454832	4.936502
80.628698	1.005960	0.712845
80.617380	4.528318	-2.856260
80.606062	-12.643548	3.765414
80.594744	-2.655261	-4.954022
80.583426	6.928812	-0.280811
80.572108	-6.113141	5.813495
80.560790	-0.676423	0.189768
80.549472	1.945941	-0.442963
80.538155	0.539594	-7.117678
80.526837	-6.274419	-13.103869
80.515519	-0.602749	-8.310072
80.504201	-4.082671	-0.490334
80.492883	-4.174488	-8.514812
80.481565	-1.900269	-5.445353
80.470247	2.014412	-3.069878
80.458929	-7.556660	-2.932597
80.447611	-8.381885	0.346712
80.436293	-4.532254	-3.559484
80.424976	5.459524	0.696610
80.413658	-8.309832	-4.303619
80.402340	-3.382767	-9.714272
80.391022	1.306361	1.279446
80.379704	-8.096783	10.665345
80.368386	-6.026687	-12.655844
80.357068	-0.743467	0.985077
80.345750	7.884377	0.713790
80.334432	-3.388944	4.087497
80.323114	-2.747560	-1.870962
80.311797	5.762447	2.063685
80.300479	0.055281	-3.871077
80.289161	-2.974126	-4.638458
80.277843	0.568267	-0.456090
80.266525	1.069493	5.120857
80.255207	8.450981	4.368574
80.243889	0.924112	10.137761
80.232571	-0.560418	-5.871507
80.221253	-1.047461	1.380345
80.209935	-3.811623	-7.164796
80.198618	1.253838	-6.277495
80.187300	-7.440627	3.020070
80.175982	0.638658	-5.302496
80.164664	-4.449881	16.110699
80.153346	-6.682988	-5.224083
80.142028	1.665306	4.550188
80.130710	-13.418520	-5.236364
80.119392	-0.963115	2.428468
80.108074	-6.721072	4.882379
80.096757	-4.214920	5.739721
80.085439	6.756676	2.635320
80.074121	-6.293055	-7.129919
80.062803	1.636568	-7.972762
80.051485	-14.100283	1.501213
80.040167	-0.117977	1.124851
80.028849	6.128532	-1.430874
80.017531	1.284068	1.436989
80.006213	0.216425	-7.133099
79.994895	-0.836476	-3.119782
79.983578	-8.239900	-5.575589
79.972260	-5.663758	2.559007
79.960942	-4.683060	-7.406561
79.949624	2.832041	1.226932
79.938306	-1.704049	3.741558
79.926988	-2.140373	-7.318899
79.915670	1.300302	-2.240463
79.904352	-6.896348	-7.591779
79.893034	2.888317	1.537396
79.881716	-1.707321	0.976016
79.870399	-2.939613	-1.804665
79.859081	8.914034	-3.321959
79.847763	-10.372057	4.645684
79.836445	-3.159182	0.458920
79.825127	-2.986870	4.508234
79.813809	-8.780165	-9.529797
79.802491	3.916075	2.362390
79.791173	0.418365	2.076324
79.779855	-0.771852	2.824713
79.768538	-1.574393	2.582950
79.757220	-2.197655	4.127074
79.745902	-2.803369	-4.792418
79.734584	4.199043	3.031923
79.723266	-1.827154	-2.498433
79.711948	-2.588381	1.374719
79.700630	-5.544905	-4.198911
79.689312	-1.394369	5.765916
79.677994	-2.518187	-1.988548
79.666676	5.473273	8.511652
79.655359	-0.675717	4.974188
79.644041	4.600709	2.324124
79.632723	-6.649350	6.999148
79.621405	0.959866	-10.175687
79.610087	3.348248	-14.063399
79.598769	5.873395	-0.054740
79.587451	-8.103300	2.763511
79.576133	4.054720	2.298261
79.564815	-1.577859	-9.422432
79.553497	-2.065526	-14.651781
79.542180	1.738030	3.958881
79.530862	1.941334	-6.577168
79.519544	-3.966140	10.829027
79.508226	1.869620	2.121997
79.496908	1.565213	-1.596622
79.485590	2.845330	0.975495
79.474272	6.910925	3.316680
79.462954	-10.002093	-1.898157
79.451636	0.034050	-1.453293
79.440319	-11.444228	3.538639
79.429001	3.263150	-1.264444
79.417683	-6.136965	-5.210090
79.406365	-6.738342	-6.794482
79.395047	-5.797700	-4.041780
79.383729	9.610429	-4.062726
79.372411	-3.107289	11.788872
79.361093	-0.361939	5.908176
79.349775	10.160468	4.391783
79.338457	-7.673265	-0.944061
79.327140	5.384568	-0.817387
79.315822	-1.579211	2.982136
79.304504	1.558591	0.216679
79.293186	-2.904671	4.177173
79.281868	-7.619529	1.408018
79.270550	-0.754039	-8.247451
79.259232	-3.197628	12.168814
79.247914	-1.669301	-0.280272
79.236596	4.741725	4.621052
79.225278	2.968229	4.277450
79.213961	3.849631	2.728751
79.202643	-1.376275	-3.685684
79.191325	-14.817810	-3.722053
79.180007	-5.896811	2.197093
79.168689	6.542342	-4.841752
79.157371	-1.789957	4.360290
79.146053	-0.167562	6.857125
79.134735	-0.974597	1.164061
79.123417	0.357616	2.352643
79.112099	-9.841259	1.008150
79.100782	-2.420114	-12.263391
79.089464	6.774024	3.101836
79.078146	-0.434192	1.428568
79.066828	0.385555	-10.106609
79.055510	1.142345	-11.896190
79.044192	-1.172796	-1.161125
79.032874	11.595570	-2.112404
79.021556	1.585392	3.242514
79.010238	-2.514174	1.054721
78.998921	-7.445924	-2.636286
78.987603	5.800682	-6.349382
78.976285	4.919879	-3.691038
78.964967	5.234585	-5.555666
78.953649	2.271089	-4.363999
78.942331	-3.876812	-1.492784
78.931013	3.868811	-3.151011
78.919695	-0.771522	0.058630
78.908377	-1.787543	1.374031
78.897059	5.166351	-0.790961
78.885742	-9.703710	-1.901798
78.874424	7.350077	-0.279694
78.863106	1.746227	0.783619
78.851788	-5.655219	-10.863161
78.840470	2.426685	6.499238
78.829152	-3.206214	1.661014
78.817834	-3.151179	-5.281389
78.806516	3.642799	4.452981
78.795198	-3.537084	-1.093184
78.783880	6.399401	4.680428
78.772563	-3.819278	4.207439
78.761245	-4.034507	-2.769288
78.749927	-5.197139	-0.189117
78.738609	1.836739	-3.985368
78.727291	4.647560	5.618779
78.715973	-3.995921	4.859334
78.704655	2.528625	-6.798893
78.693337	-0.840775	-2.830842
78.682019	-4.998643	-3.690902
78.670702	-5.759723	-5.210976
78.659384	-3.051308	-8.614148
78.648066	2.010619	5.131871
78.636748	-4.080213	6.226233
78.625430	2.580501	-2.662058
78.614112	5.381608	-1.848772
78.602794	-2.518343	-4.408013
78.591476	2.261871	-4.337795
78.580158	-2.276941	-9.346630
78.568840	3.335757	3.711095
78.557523	0.319807	4.026355
78.546205	-4.697150	0.699307
78.534887	7.348658	6.323837
78.523569	-0.640476	1.166344
78.512251	2.450539	3.870919
78.500933	-2.516322	5.070421
78.489615	-3.652672	-5.207016
78.478297	0.092306	8.215304
78.466979	-2.664402	1.880243
78.455661	-2.903455	-1.467831
78.444344	-6.894600	-1.399937
78.433026	4.795181	-2.919868
78.421708	-0.708425	-8.750641
78.410390	-7.934148	6.333282
78.399072	8.856010	5.991374
78.387754	-6.133471	-5.490435
78.376436	-1.776838	3.878360
78.365118	2.672562	1.061534
78.353800	0.639624	-2.223103
78.342483	-1.154624	-2.537744
78.331165	2.527820	-7.581506
78.319847	-4.985258	0.825668
78.308529	0.478078	0.139544
78.297211	-8.908470	6.782251
78.285893	-5.302940	-0.914952
78.274575	4.064394	12.152855
78.263257	2.960517	-2.179096
78.251939	-8.850435	7.441299
78.240621	-5.384784	-6.671431
78.229304	1.633952	3.649856
78.217986	-5.039827	8.208606
78.206668	-4.707588	4.100667
78.195350	6.352684	5.309978
78.184032	-0.894190	-7.029001
78.172714	0.941131	-3.871241
78.161396	-5.285102	3.945365
78.150078	-2.303903	-3.706345
78.138760	11.233101	0.229631
78.127442	-3.812150	0.401684
78.116125	5.262971	2.220070
78.104807	-1.387315	2.138839
78.093489	-0.159202	-2.554103
78.082171	8.983352	4.262259
78.070853	4.493317	-14.035780
78.059535	-3.205410	3.786830
78.048217	-8.851969	8.286327
78.036899	-3.796598	0.013548
78.025581	8.841107	4.150913
78.014263	-6.759078	0.111318
78.002946	0.666349	-3.007846
77.991628	7.141652	4.830560
77.980310	-11.032132	2.390142
77.968992	0.503950	-6.731285
77.957674	2.948764	4.239839
77.946356	8.464004	3.669497
77.935038	-3.248294	-1.109815
77.923720	-8.833722	-5.905954
77.912402	0.149415	-3.734507
77.901085	0.072378	-0.354688
77.889767	5.312489	8.974406
77.878449	0.549890	7.518220
77.867131	-1.772352	-6.278203
77.855813	4.725487	0.265157
77.844495	-2.581498	2.713751
77.833177	-4.382050	3.361076
77.821859	2.735148	5.153082
77.810541	-5.705660	1.756294
77.799223	2.715597	-0.575615
77.787906	1.289191	4.915813
77.776588	7.957152	-6.343382
77.765270	-4.017397	2.263627
77.753952	-5.138457	-8.693248
77.742634	0.249860	10.826446
77.731316	-10.054193	-3.933311
77.719998	1.716884	1.198442
77.708680	-2.789280	-3.834680
77.697362	10.118868	-7.097308
77.686044	1.928716	-2.124362
77.674727	-4.570881	-5.725402
77.663409	-0.220750	-2.922682
77.652091	1.316657	3.275776
77.640773	-7.643735	0.342509
77.629455	-2.512396	-6.910726
77.618137	3.741221	-4.733989
77.606819	0.533984	-3.401044
77.595501	-9.399832	4.028415
77.584183	-4.112150	6.148430
77.572866	-1.116441	1.348330
77.561548	-4.506764	-5.031510
77.550230	1.544280	-2.860253
77.538912	6.983159	0.016506
77.527594	-0.263253	-0.378859
77.516276	-2.805339	-8.253733
77.504958	-8.974268	-13.483314
77.493640	1.735886	-0.163859
77.482322	0.871025	5.531184
77.471004	1.166305	1.532143
77.459687	-6.638626	-6.351400
77.448369	0.937405	7.099770
77.437051	3.163494	6.604126
77.425733	-4.860950	-0.509488
77.414415	-10.379473	-12.955192
77.403097	4.188446	-1.777471
77.391779	-15.379954	-2.537666
77.380461	3.067899	-1.715765
77.369143	7.796494	0.916747
77.357825	-1.071375	-5.401012
77.346508	-6.802265	1.822226
77.335190	11.486629	-3.120185
77.323872	1.574793	-7.792407
77.312554	-5.356555	5.503139
77.301236	-10.937063	0.641028
77.289918	-8.090796	-5.653012
77.278600	3.057689	-4.853932
77.267282	3.538699	0.469849
77.255964	-1.490454	0.216969
77.244647	2.552433	-7.781044
77.233329	-0.614728	-0.293531
77.222011	-8.050684	1.509008
77.210693	5.851615	-0.481080
77.199375	-0.840863	-1.061251
77.188057	3.221575	-0.248905
77.176739	-0.323625	-1.355603
77.165421	-2.851753	-0.571409
77.154103	12.206986	-1.808970
77.142785	4.788206	-0.436205
77.131468	-1.141221	-0.389205
77.120150	-6.934490	4.529895
77.108832	1.048993	-8.871704
77.097514	2.763620	-8.808330
77.086196	-8.294701	0.336079
77.074878	-1.125498	-7.486912
77.063560	1.159043	-0.376940
77.052242	-0.221511	5.837419
77.040924	-4.637517	-5.943183
77.029606	4.860337	7.857672
77.018289	-8.727803	-4.592149
77.006971	-7.857259	-2.458783
76.995653	-12.873314	-2.187715
76.984335	7.823182	2.307552
76.973017	1.034929	2.518217
76.961699	-3.466741	8.206021
76.950381	9.189142	9.093147
76.939063	5.858296	-1.870547
76.927745	-5.950177	2.339769
76.916427	-6.585121	4.969358
76.905110	3.289334	2.851598
76.893792	3.634148	2.924577
76.882474	-6.608985	-2.245713
76.871156	2.425434	-1.532018
76.859838	0.413490	-7.027203
76.848520	-9.559380	-4.502152
76.837202	-3.901557	5.720078
76.825884	-10.403439	4.536598
76.814566	-1.491445	-1.656695
76.803249	0.016851	5.021620
76.791931	2.226699	-10.657445
76.780613	-8.832736	-7.313856
76.769295	-0.345105	0.752170
76.757977	0.491158	13.772618
76.746659	-2.830483	0.062895
76.735341	-2.020311	-2.225748
76.724023	-2.686043	9.589688
76.712705	-9.816425	-7.682143
76.701387	-3.670147	3.338073
76.690070	6.303026	-5.363460
76.678752	1.877349	8.134021
76.667434	6.615873	-2.999002
76.656116	-10.011357	-1.072052
76.644798	9.897171	-2.977348
76.633480	3.899268	-3.345909
76.622162	-0.472937	4.245072
76.610844	-1.261201	5.941679
76.599526	-8.621876	-4.668919
76.588208	0.078523	3.478004
76.576891	12.977438	-5.365366
76.565573	8.331279	1.156052
76.554255	6.257829	10.706631
76.542937	8.468389	-7.229127
76.531619	5.782202	7.779752
76.520301	3.433701	-4.384331
76.508983	4.363380	6.154173
76.497665	-6.007081	10.592982
76.486347	-10.643867	-1.706139
76.475030	5.494984	-0.915978
76.463712	-1.229144	-1.808107
76.452394	-4.030451	6.136378
76.441076	-3.082020	-2.277158
76.429758	-0.101888	-0.959266
76.418440	-7.812954	-2.578063
76.407122	3.780808	9.902899
76.395804	-0.831788	0.491705
76.384486	-1.878518	2.675984
76.373168	3.819039	-1.409477
76.361851	1.627165	-2.323467
76.350533	1.938669	4.039120
76.339215	0.792634	2.806708
76.327897	-2.681461	5.535780
76.316579	-4.607038	-3.191529
76.305261	-2.027192	-3.918948
76.293943	3.414680	3.323582
76.282625	-6.010264	-4.695091
76.271307	-5.258729	6.415797
76.259989	-0.893787	1.789265
76.248672	-3.579376	1.537107
76.237354	7.508469	-3.095230
76.226036	-0.793143	1.366144
76.214718	2.924142	1.557161
76.203400	-6.815533	-3.904978
76.192082	5.844357	1.240835
76.180764	3.062497	-2.089690
76.169446	0.333418	-3.856436
76.158128	-3.771771	5.314445
76.146811	3.057897	2.289049
76.135493	-4.130733	-3.456369
76.124175	1.577961	-3.041473
76.112857	3.939883	-2.750620
76.101539	-4.585243	4.830972
76.090221	-10.386448	-8.081009
76.078903	-5.038129	-5.287870
76.067585	3.828715	-2.318292
76.056267	2.350249	-1.942588
76.044949	-4.294375	4.619461
76.033632	-1.653737	-1.681652
76.022314	-0.884359	-12.643270
76.010996	1.032428	-9.699518
75.999678	7.792876	-9.661434
75.988360	6.662198	0.196062
75.977042	-6.229087	12.575134
75.965724	-0.580766	-2.650949
75.954406	-7.759261	-5.518587
75.943088	-3.239282	-1.409323
75.931770	-9.868074	-0.898095
75.920453	-3.028187	-8.279194
75.909135	-7.461864	4.826837
75.897817	-10.026252	0.607445
75.886499	3.229546	3.243292
75.875181	3.636614	14.182572
75.863863	0.811018	2.408059
75.852545	-1.530198	-1.654076
75.841227	-5.020526	-8.318727
75.829909	0.193566	-11.669437
75.818591	-4.222100	6.592964
75.807274	-3.742172	-2.039897
75.795956	0.129980	7.201462
75.784638	1.786673	0.516721
75.773320	4.021119	2.276800
75.762002	6.937161	0.523571
75.750684	-2.307713	0.710288
75.739366	0.552032	-5.480261
75.728048	-4.972294	-5.932679
75.716730	0.167224	-2.064526
75.705413	5.772872	-0.699024
75.694095	-4.040800	-0.690240
75.682777	-6.373397	-2.851563
75.671459	0.481156	-7.740223
75.660141	-0.816048	-2.613999
75.648823	6.496133	-1.567310
75.637505	-8.107075	2.529131
75.626187	-9.291504	0.353246
75.614869	0.806555	-2.504683
75.603551	5.301037	3.517532
75.592234	-6.550674	4.476991
75.580916	-1.458989	3.379506
75.569598	-4.880356	0.203895
75.558280	-10.281884	-1.466056
75.546962	9.789123	-6.812263
75.535644	5.305871	4.237082
75.524326	-2.064003	2.370145
75.513008	6.943737	1.256192
75.501690	-1.395875	-5.355361
75.490372	-1.052906	-9.614038
75.479055	-6.675467	-1.279742
75.467737	-14.732300	-5.460163
75.456419	0.671043	-12.004777
75.445101	1.131490	-2.476318
75.433783	0.001683	-2.651851
75.422465	-1.832566	-2.580580
75.411147	-8.058413	-4.620154
75.399829	4.455977	4.150005
75.388511	3.592577	-1.021018
75.377194	4.046231	0.861731
75.365876	-0.458493	-4.247604
75.354558	6.777520	-1.651809
75.343240	-7.981301	-3.376076
75.331922	-2.801159	-2.134452
75.320604	-2.192760	-2.596965
75.309286	-1.182106	10.071564
75.297968	4.696225	2.675586
75.286650	1.668781	2.657461
75.275332	-2.506928	0.063557
75.264015	-0.102442	-1.489676
75.252697	2.209131	4.927541
75.241379	4.538466	-0.300986
75.230061	-0.627787	1.622702
75.218743	-2.096235	4.735864
75.207425	-1.831840	3.069883
75.196107	-5.442076	-1.329633
75.184789	-1.554457	-0.637234
75.173471	-12.819928	-6.039183
75.162153	1.711201	0.250790
75.150836	7.129500	-13.144817
75.139518	5.155107	-2.861245
75.128200	-3.592265	4.058632
75.116882	4.758763	1.435934
75.105564	-0.335899	0.947114
75.094246	4.784320	1.491932
75.082928	-4.949071	10.414813
75.071610	3.809556	-0.349088
75.060292	-3.513497	5.145850
75.048975	-0.907895	1.793940
75.037657	-4.094299	-7.219140
75.026339	3.274562	2.188619
75.015021	-3.387830	-7.116787
75.003703	-8.845689	5.481863
74.992385	-2.835150	-0.645702
74.981067	5.610110	-5.528930
74.969749	2.305522	3.364914
74.958431	17.422245	3.849981
74.947113	-9.244107	1.161730
74.935796	-8.260454	-2.557943
74.924478	8.124995	-6.713824
74.913160	-4.647022	-6.943405
74.901842	-5.181237	-7.207312
74.890524	-4.009074	-1.056749
74.879206	-6.329216	-2.285173
74.867888	-0.643488	-9.175495
74.856570	-4.289614	-0.006852
74.845252	4.961253	0.293784
74.833934	13.189208	5.775072
74.822617	-5.820548	-4.553196
74.811299	-5.442986	1.071620
74.799981	-6.418042	-1.221922
74.788663	2.069436	5.037220
74.777345	8.173785	6.912821
74.766027	-0.477402	-13.006344
74.754709	7.940571	1.586597
74.743391	-2.021251	0.092702
74.732073	10.218808	-3.023288
74.720755	-1.111031	1.884404
74.709438	0.608921	-4.237261
74.698120	1.024898	-4.519748
74.686802	3.261400	1.786283
74.675484	10.630006	-4.485198
74.664166	-5.349891	-3.210771
74.652848	-4.783979	-7.266271
74.641530	-3.384816	-1.635130
74.630212	3.457843	3.937299
74.618894	8.356327	9.556291
74.607577	6.016548	-2.369501
74.596259	-0.677523	-5.871810
74.584941	10.683408	2.517450
74.573623	-1.640876	-0.858643
74.562305	-0.189911	-0.118873
74.550987	7.358534	6.564981
74.539669	-9.216627	-2.093977
74.528351	-1.891555	-3.082407
74.517033	5.470928	-5.001336
74.505715	0.373726	-10.553787
74.494398	2.643424	6.541635
74.483080	-0.978260	-4.929035
74.471762	2.501681	4.262700
74.460444	-3.057320	-4.517062
74.449126	-1.234476	3.588426
74.437808	4.183593	-2.498362
74.426490	-2.377244	-4.603962
74.415172	-1.274608	-7.191171
74.403854	-14.095677	-6.782967
74.392536	14.178295	2.042017
74.381219	-1.811463	-2.698619
74.369901	3.577813	2.167430
74.358583	-0.454026	7.035035
74.347265	-3.656131	0.085389
74.335947	-7.762222	5.809316
74.324629	-2.248245	1.107123
74.313311	-8.595130	-3.412023
74.301993	4.548074	1.411836
74.290675	0.237810	-8.376276
74.279358	0.462277	7.871447
74.268040	1.811612	4.455823
74.256722	3.303099	-6.943871
74.245404	2.891216	-5.236797
74.234086	4.646946	-2.532918
74.222768	9.226221	1.220472
74.211450	-7.133403	-0.027000
74.200132	-8.181788	2.197261
74.188814	0.862820	-10.228611
74.177496	-5.204691	-4.194329
74.166179	0.593555	5.373117
74.154861	-2.994472	8.015491
74.143543	-0.423592	0.182569
74.132225	-6.015414	1.243160
74.120907	-5.999132	-3.378035
74.109589	-3.704827	2.823839
74.098271	9.781745	-2.863671
74.086953	-8.355553	-3.735640
74.075635	-2.409634	8.489964
74.064317	-6.540844	-1.102278
74.053000	-0.379836	1.109190
74.041682	-2.820971	6.398020
74.030364	2.660611	1.170916
74.019046	-4.265154	0.504586
74.007728	3.460064	-4.681850
73.996410	-7.466557	1.458715
73.985092	6.217793	-8.128069
73.973774	1.893304	2.238255
73.962456	1.879002	2.579376
73.951138	-6.430723	-1.001310
73.939821	-0.764932	5.922498
73.928503	-5.499524	5.621375
73.917185	-3.400114	2.245945
73.905867	-2.990593	4.462536
73.894549	-2.352577	10.951205
73.883231	1.069738	-2.762341
73.871913	1.554513	1.535750
73.860595	-0.748819	-4.772472
73.849277	-0.457179	4.850707
73.837960	-10.804023	-6.662564
73.826642	0.170090	2.663826
73.815324	7.672550	-2.514880
73.804006	5.167695	0.629496
73.792688	8.383770	12.025113
73.781370	-2.888401	-8.083625
73.770052	-6.159572	-12.012013
73.758734	-2.413081	0.434623
73.747416	-1.597473	-2.762349
73.736098	0.082802	6.219953
73.724781	-10.435123	-0.836139
73.713463	-2.546305	6.376667
73.702145	3.238523	4.874113
73.690827	2.461644	-4.437027
73.679509	7.176497	3.409097
73.668191	-5.117758	-6.311402
73.656873	6.001127	0.939206
73.645555	4.247927	3.101907
73.634237	3.809122	-7.035758
73.622919	-1.620740	8.807354
73.611602	-8.510647	-1.839607
73.600284	3.102922	0.110330
73.588966	4.986355	5.039969
73.577648	2.279208	2.308371
73.566330	-4.090577	0.677982
73.555012	1.080372	-4.187783
73.543694	-3.180045	-1.128076
73.532376	1.345616	5.438776
73.521058	-2.340854	5.910128
73.509741	-5.603735	-2.054950
73.498423	-9.829323	-3.911520
73.487105	6.898069	-2.727988
73.475787	-8.101855	2.102764
73.464469	-8.649495	0.450010
73.453151	1.466549	2.987179
73.441833	-1.274774	-3.507376
73.430515	-3.231673	2.106803
73.419197	-1.911064	-2.727759
73.407879	-3.669541	9.352510
73.396562	-0.199496	3.058934
73.385244	8.498702	3.559593
73.373926	-1.473710	-0.004617
73.362608	3.349899	0.306375
73.351290	-4.304041	-0.117373
73.339972	-5.552804	1.649894
73.328654	-5.777974	4.426764
73.317336	-4.696544	-3.421886
73.306018	6.438788	4.034608
73.294700	6.414789	-3.115718
73.283383	-4.163457	-4.754566
73.272065	4.219655	-8.995426
73.260747	1.169508	0.978906
73.249429	-8.090573	4.339612
73.238111	-0.407852	-4.381943
73.226793	2.195535	6.017950
73.215475	-0.391104	-7.841035
73.204157	8.587139	-1.451679
73.192839	3.085336	-2.885243
73.181522	3.654620	-3.464735
73.170204	-4.471136	-4.713095
73.158886	-2.700552	-3.359565
73.147568	-2.239334	3.512940
73.136250	-14.676532	1.028537
73.124932	-3.963326	4.234959
73.113614	8.111599	9.341635
73.102296	-1.890276	-9.624265
73.090978	-3.337471	-0.239947
73.079660	-10.614812	-3.677902
73.068343	4.342409	-1.955321
73.057025	-0.996661	7.964033
73.045707	-3.312582	-4.286100
73.034389	7.056644	3.908800
73.023071	-4.570937	-6.258896
73.011753	-2.318437	1.448709
73.000435	-1.993995	2.366198
72.989117	-3.024016	3.842162
72.977799	-0.342505	3.289204
72.966481	-1.561839	2.189510
72.955164	2.481984	7.043419
72.943846	-3.408938	-7.932513
72.932528	-7.976269	-9.626151
72.921210	-6.268322	-12.708539
72.909892	-7.585979	4.189410
72.898574	-1.528068	2.425210
72.887256	-0.361549	6.229620
72.875938	-4.382750	-5.153771
72.864620	-2.624503	1.007175
72.853302	-2.935757	-5.711992
72.841985	-3.051108	5.214447
72.830667	6.945293	9.584355
72.819349	-0.426438	-9.495418
72.808031	-3.671825	12.198116
72.796713	5.352714	-1.878734
72.785395	9.497019	-2.688946
72.774077	1.775764	-3.513408
72.762759	-10.357740	8.621344
72.751441	-0.396980	-7.874988
72.740124	-0.999328	-7.569950
72.728806	14.588953	-2.261979
72.717488	-0.010393	-0.793399
72.706170	0.390428	3.447096
72.694852	1.710486	0.928249
72.683534	-5.388026	-4.909932
72.672216	5.223659	3.145809
72.660898	-5.778530	3.552019
72.649580	-0.817322	-4.424548
72.638262	6.471680	4.429946
72.626945	6.235013	-0.409147
72.615627	1.456830	7.487418
72.604309	1.936143	8.291292
72.592991	-4.810222	-0.803612
72.581673	-5.263939	-2.591955
72.570355	1.169452	-5.523869
72.559037	-2.022995	-3.571817
72.547719	14.547577	0.782370
72.536401	-6.076826	-5.279825
72.525083	-11.346236	1.982274
72.513766	-6.281697	0.637993
72.502448	5.779511	-3.487795
72.491130	-3.782855	-2.203528
72.479812	4.721677	1.628594
72.468494	1.263945	-0.672765
72.457176	-0.128413	-3.071788
72.445858	6.145462	-5.087110
72.434540	-0.524272	8.024608
72.423222	6.999450	-0.755522
72.411905	8.228600	6.139068
72.400587	-6.248871	-6.358256
72.389269	6.087172	6.404193
72.377951	7.862277	4.822818
72.366633	0.690399	-4.235639
72.355315	-4.732816	-0.430154
72.343997	6.028465	-2.254428
72.332679	1.258552	3.877534
72.321361	-0.063511	-0.256935
72.310043	-1.637164	4.449974
72.298726	-10.092533	6.229916
72.287408	-0.746698	2.272116
72.276090	-0.082936	-2.898358
72.264772	1.570572	7.854813
72.253454	0.653262	-6.113850
72.242136	1.706094	1.135689
72.230818	-11.373445	-5.812642
72.219500	10.616041	11.343070
72.208182	-3.027335	3.270742
72.196864	0.829229	-9.977493
72.185547	1.994638	13.153473
72.174229	-0.924079	-1.425096
72.162911	1.631392	-3.035595
72.151593	-11.972550	2.115184
72.140275	4.148570	-5.177251
72.128957	-2.732349	-3.403129
72.117639	-5.111625	-5.317915
72.106321	-2.394755	-4.488297
72.095003	-1.734218	-1.011752
72.083686	7.322598	0.919934
72.072368	-5.941768	-2.017550
72.061050	-1.591722	0.055623
72.049732	4.185207	3.306650
72.038414	0.275379	9.676348
72.027096	-5.161303	-6.939408
72.015778	-9.197579	1.810657
72.004460	0.172069	1.773311
71.993142	0.366587	-0.443970
71.981824	2.341913	5.331796
71.970507	2.752223	2.046890
71.959189	-5.299596	0.253060
71.947871	-0.280718	1.762298
71.936553	-6.545220	1.572505
71.925235	2.473334	4.126253
71.913917	-14.365423	-3.651922
71.902599	-2.369886	-4.533406
71.891281	-2.941669	-5.773917
71.879963	6.529267	1.012609
71.868645	-8.651271	-1.642179
71.857328	0.349188	-1.493298
71.846010	-11.274048	-3.916157
71.834692	3.178808	3.334831
71.823374	-0.884880	-1.570917
71.812056	2.780019	-0.035045
71.800738	6.519925	6.159128
71.789420	-5.761355	8.641350
71.778102	-0.352039	-3.048444
71.766784	6.407454	8.481457
71.755466	-3.987031	2.202569
71.744149	-0.240388	-3.125702
71.732831	3.366497	8.672554
71.721513	-8.912216	0.583983
71.710195	0.105740	-0.878733
71.698877	-11.114343	4.855009
71.687559	7.580167	-0.423852
71.676241	1.335422	-1.704240
71.664923	-2.096416	-3.969718
71.653605	2.468443	0.283623
71.642288	1.483933	4.631355
71.630970	-1.925348	-5.494451
71.619652	-5.705542	0.616275
71.608334	-0.096453	-10.708261
71.597016	-10.372350	6.438410
71.585698	4.374774	0.810710
71.574380	-5.585035	5.478110
71.563062	1.390399	4.030524
71.551744	2.143886	-5.777623
71.540426	3.416542	-5.465357
71.529109	-11.929585	3.405217
71.517791	4.606285	1.990931
71.506473	-0.112716	7.100639
71.495155	-10.561433	-0.937079
71.483837	-5.958789	-0.524201
71.472519	10.595790	-4.382186
71.461201	1.210027	8.930629
71.449883	-6.620338	-1.999050
71.438565	-8.465158	0.399696
71.427247	-0.575392	-12.364738
71.415930	-1.494672	-2.472378
71.404612	1.235832	-4.483056
71.393294	-5.662376	5.135581
71.381976	-4.331983	-8.340825
71.370658	-3.280843	0.270737
71.359340	-7.374578	-6.537781
71.348022	2.549182	-2.668623
71.336704	-11.349955	11.521744
71.325386	5.638381	-5.699724
71.314069	4.509509	-10.009583
71.302751	-0.284012	-0.382314
71.291433	-2.624324	3.407156
71.280115	-2.225787	-1.384019
71.268797	0.754569	-7.560107
71.257479	-8.764256	2.105533
71.246161	2.775437	4.388867
71.234843	7.266701	3.711245
71.223525	2.088326	1.754126
71.212207	-1.177143	-8.662167
71.200890	-5.142848	0.366254
71.189572	-0.955532	-6.760067
71.178254	1.714971	-8.155981
71.166936	-1.772853	11.678123
71.155618	-6.201621	-14.173081
71.144300	0.464823	-4.304349
71.132982	-1.584510	2.381083
71.121664	9.137691	-5.926765
71.110346	-2.381274	-5.940845
71.099028	2.048012	-4.396886
71.087711	0.690511	3.467182
71.076393	-4.127861	4.258149
71.065075	2.105173	2.705473
71.053757	-7.509459	3.456712
71.042439	1.611727	-5.288309
71.031121	-6.486876	-0.633849
71.019803	0.453405	-3.487040
71.008485	-3.422355	-4.137154
70.997167	2.801530	-0.285357
70.985850	1.982945	5.179855
70.974532	1.089842	-1.813352
70.963214	5.579368	-5.827192
70.951896	6.411988	-3.524148
70.940578	1.067160	-3.176471
70.929260	-5.676617	-0.095058
70.917942	10.493051	1.157071
70.906624	0.985683	-2.960587
70.895306	-5.502707	0.694893
70.883988	3.438319	-6.478145
70.872671	-2.645819	-3.194414
70.861353	2.398083	-9.865301
70.850035	1.093908	-0.440062
70.838717	4.839362	-3.296274
70.827399	-9.659625	0.253545
70.816081	0.453499	0.064927
70.804763	-5.144348	2.633053
70.793445	-1.117341	-1.964620
70.782127	2.983449	-7.627706
70.770809	-4.032110	-4.434964
70.759492	5.081176	-2.994796
70.748174	-4.903209	6.500882
70.736856	-13.132982	-4.323879
70.725538	5.510588	4.276006
70.714220	-0.798058	6.039958
70.702902	-0.144087	-6.277522
70.691584	-7.116614	-2.068600
70.680266	-0.289466	-9.403194
70.668948	-2.016290	0.632545
70.657630	-6.017546	2.577500
70.646313	-7.336154	4.443561
70.634995	-3.705965	-2.353390
70.623677	-3.250831	-11.615930
70.612359	3.853409	7.215732
70.601041	-8.607069	-4.414108
70.589723	-1.238373	2.653411
70.578405	-2.952543	-5.617511
70.567087	1.287383	-4.226789
70.555769	-3.978970	1.810007
70.544452	-1.909016	-5.503573
70.533134	-0.622095	3.112543
70.521816	-2.687696	3.940443
70.510498	-5.625834	-5.323278
70.499180	-1.288452	-21.226171
70.487862	-4.305172	3.613807
70.476544	-0.036089	-5.116720
70.465226	-1.666475	-2.068595
70.453908	2.041116	-0.684166
70.442590	8.174177	2.373795
70.431273	-10.009564	0.018328
70.419955	5.576982	-2.228729
70.408637	-5.761152	-1.817991
70.397319	-8.945666	1.807613
70.386001	4.322042	1.267154
70.374683	11.977542	1.854074
70.363365	2.646111	2.076705
70.352047	-0.519837	2.511594
70.340729	-6.348433	-7.887714
70.329411	7.453546	-2.218594
70.318094	-0.196356	5.774843
70.306776	-2.859929	2.981130
70.295458	-4.026416	0.120342
70.284140	-2.300854	-1.506101
70.272822	-4.569888	-2.473070
70.261504	-1.882575	9.043242
70.250186	-5.399253	-1.454383
70.238868	1.207310	-13.980138
70.227550	4.042428	-6.341324
70.216233	-1.646292	-9.567627
70.204915	3.188436	-7.225964
70.193597	12.939542	13.151685
70.182279	2.292727	10.676469
70.170961	2.602563	-3.874111
70.159643	7.433117	0.083359
70.148325	-1.419101	4.288589
70.137007	5.920769	-2.372276
70.125689	-2.055357	-5.310568
70.114371	-4.464463	11.232325
70.103054	-3.728532	0.934835
70.091736	-6.369337	1.940602
70.080418	-1.377025	-0.314111
70.069100	0.874355	-3.450496
70.057782	0.383369	-15.624318
70.046464	9.921074	2.760868
70.035146	-0.935720	-6.730902
70.023828	-1.424507	4.581288
70.012510	8.181392	2.528971
70.001192	-2.951678	1.770409
69.989875	-7.589937	4.046111
69.978557	-4.423081	4.209707
69.967239	-7.588222	3.826093
69.955921	1.945347	-0.972329
69.944603	4.633101	-5.320671
69.933285	5.397736	2.574516
69.921967	-4.849755	1.687929
69.910649	1.426286	1.619371
69.899331	-5.243316	-8.096325
69.888014	-4.570064	-4.724891
69.876696	-14.988421	-1.881393
69.865378	-11.310040	1.646289
69.854060	9.210060	3.307708
69.842742	-1.671498	-2.874124
69.831424	-2.158136	-3.955834
69.820106	-0.662931	3.175332
69.808788	1.370472	-2.660884
69.797470	-0.489391	2.099131
69.786152	-5.386188	5.826224
69.774835	-1.147157	-4.073507
69.763517	1.555707	-1.999685
69.752199	1.205865	-5.663610
69.740881	0.452692	3.451556
69.729563	-2.127432	-7.532933
69.718245	-3.939649	-1.344327
69.706927	-3.196686	-5.829665
69.695609	-0.347770	2.659029
69.684291	8.452067	-1.775363
69.672973	5.487513	8.618584
69.661656	-9.900681	-2.061709
69.650338	1.524853	2.476868
69.639020	-17.492212	-1.575613
69.627702	6.000725	-0.911292
69.616384	-3.564212	1.695529
69.605066	2.845145	-2.008679
69.593748	-0.889948	-0.052237
69.582430	-4.053762	0.919400
69.571112	-1.422518	10.167609
69.559794	-9.651314	3.094345
69.548477	-9.795536	-3.758033
69.537159	-5.915159	0.625199
69.525841	2.869888	-7.146384
69.514523	-2.262222	5.906727
69.503205	-11.321972	0.065094
69.491887	-5.489199	1.059434
69.480569	0.401691	-0.697549
69.469251	3.813490	1.798163
69.457933	3.713870	-10.844044
69.446616	5.896882	5.884719
69.435298	-6.765869	-6.317837
69.423980	-1.933453	2.176689
69.412662	-4.309663	-4.101198
69.401344	3.233760	16.671087
69.390026	-6.276389	-3.978793
69.378708	3.541760	-4.158521
69.367390	-11.780130	1.490648
69.356072	-0.049959	-1.322644
69.344754	9.194242	-5.205721
69.333437	-0.521706	1.999162
69.322119	-1.869744	-3.856972
69.310801	3.652955	-7.652578
69.299483	3.894519	-2.846497
69.288165	8.967007	-1.628475
69.276847	-0.803488	4.864200
69.265529	-4.443439	-1.769697
69.254211	-3.544420	-3.878615
69.242893	5.228758	-6.547692
69.231575	-3.698443	2.726610
69.220258	-0.799312	9.295099
69.208940	-0.426530	2.420552
69.197622	-1.123054	1.918512
69.186304	0.225266	8.668472
69.174986	11.321025	0.828469
69.163668	1.609365	7.378778
69.152350	0.238424	3.699226
69.141032	2.681283	-1.029806
69.129714	-6.270607	1.544801
69.118397	-3.571849	0.650334
69.107079	-9.129911	-9.494774
69.095761	4.578866	-1.632474
69.084443	-9.534142	-0.341260
69.073125	5.689636	-0.680207
69.061807	-0.187679	-9.007723
69.050489	-1.933637	2.351009
69.039171	-2.947345	5.393600
69.027853	0.033512	0.758407
69.016535	-8.322248	-5.441770
69.005218	0.859555	3.236161
68.993900	-2.592766	5.880974
68.982582	-7.413944	-0.642706
68.971264	-0.554318	2.153260
68.959946	-7.462998	-17.101398
68.948628	-0.543096	1.131069
68.937310	-9.346068	-2.873329
68.925992	0.908293	-5.574703
68.914674	0.604510	4.589268
68.903356	-0.040597	-12.867306
68.892039	6.069788	5.572660
68.880721	-3.869329	0.154469
68.869403	-5.995172	-0.420240
68.858085	-5.414059	-3.166647
68.846767	-1.974748	-8.815532
68.835449	-1.741675	5.131702
68.824131	4.045814	-1.933775
68.812813	-0.954732	3.031612
68.801495	6.364815	0.704290
68.790178	2.119478	-0.708968
68.778860	-2.272857	6.081386
68.767542	4.949137	-3.886283
68.756224	-6.010369	2.481484
68.744906	-12.949096	-2.074402
68.733588	3.401901	-0.347368
68.722270	2.696854	-3.151495
68.710952	-2.836559	-2.215103
68.699634	-6.522465	5.062791
68.688316	1.522496	0.431195
68.676999	1.746465	1.164531
68.665681	-1.350820	-1.931443
68.654363	-1.942175	1.086789
68.643045	-0.957758	-2.247581
68.631727	0.115443	-2.773210
68.620409	-1.781964	-0.687936
68.609091	-5.623991	-4.853647
68.597773	-8.338532	2.179870
68.586455	-2.694688	14.009626
68.575137	0.266969	2.677241
68.563820	-5.237880	1.051838
68.552502	1.469962	-0.249756
68.541184	-5.894796	-4.510193
68.529866	-3.869036	4.101971
68.518548	4.996077	3.459579
68.507230	-2.474096	-8.298566
68.495912	5.411191	11.129045
68.484594	-8.240651	3.265068
68.473276	2.039262	-2.748842
68.461958	-7.617243	4.746043
68.450641	0.762196	-4.424218
68.439323	1.758373	-1.811408
68.428005	-2.395671	1.455394
68.416687	6.799628	-2.089242
68.405369	3.555843	-10.751938
68.394051	4.590094	-0.706544
68.382733	1.140406	-5.039558
68.371415	4.740303	10.227818
68.360097	7.581269	3.643806
68.348780	-7.835228	-5.157258
68.337462	3.361731	-0.999802
68.326144	10.041629	-7.545538
68.314826	-7.236121	-0.560665
68.303508	3.076195	3.140354
68.292190	-0.631734	1.037104
68.280872	-3.767094	-0.572773
68.269554	1.134544	-3.539776
68.258236	2.314898	-1.683218
68.246918	-1.189727	1.759907
68.235601	-7.493361	6.243368
68.224283	-4.457031	-4.715447
68.212965	6.263719	-6.324934
68.201647	0.035799	-8.730412
68.190329	0.167220	2.169377
68.179011	-11.931850	7.186814
68.167693	1.078989	-5.560079
68.156375	3.493222	-5.212554
68.145057	-0.366444	-5.160946
68.133739	3.703870	-0.611705
68.122422	-7.359144	5.548275
68.111104	-1.056862	-0.804428
68.099786	-0.617182	3.978870
68.088468	-8.457686	3.725462
68.077150	16.832615	1.926895
68.065832	0.481520	-3.783610
68.054514	-9.848801	-6.885216
68.043196	3.131665	1.611293
68.031878	0.263449	-0.987188
68.020561	5.657406	8.160708
68.009243	2.694589	-5.525574
67.997925	4.848693	-4.669101
67.986607	2.521683	4.970671
67.975289	0.186482	-0.190912
67.963971	5.805240	5.577211
67.952653	0.848997	10.574906
67.941335	-3.951023	-9.882324
67.930017	-4.338829	3.542509
67.918699	1.669904	-3.519269
67.907382	-3.792919	-2.301471
67.896064	-10.623374	8.277498
67.884746	-0.480619	-1.604984
67.873428	-4.387815	7.225528
67.862110	0.037143	-6.668974
67.850792	3.454462	-1.665843
67.839474	2.785188	-2.463654
67.828156	-13.532610	5.527990
67.816838	0.079888	-2.039302
67.805520	-4.399256	1.895846
67.794203	-9.830461	3.085610
67.782885	-3.021280	1.543727
67.771567	-3.537541	-2.917835
67.760249	-3.875541	-0.797733
67.748931	-2.463832	-4.660128
67.737613	4.191944	7.107489
67.726295	9.957243	6.702305
67.714977	-2.467670	-0.043889
67.703659	-8.268251	5.409765
67.692342	1.613640	-9.211664
67.681024	1.467098	6.167633
67.669706	-4.972087	-3.076656
67.658388	-4.931883	-9.239676
67.647070	-5.352907	4.442095
67.635752	12.259909	-4.507334
67.624434	-5.575869	4.835847
67.613116	-10.303040	5.392012
67.601798	2.738037	-8.057120
67.590480	-7.575180	4.038436
67.579163	-11.971373	1.300356
67.567845	-4.457000	-1.614406
67.556527	1.218500	-2.257375
67.545209	9.709105	-1.108410
67.533891	-1.730189	7.749843
67.522573	5.018778	7.107310
67.511255	5.314767	6.386537
67.499937	1.627056	4.671507
67.488619	-4.728870	-6.481072
67.477301	4.074471	-1.319246
67.465984	2.032932	-7.022554
67.454666	4.378177	1.922267
67.443348	-4.912102	-5.042801
67.432030	-1.950840	-0.309073
67.420712	-0.311055	3.885304
67.409394	9.493207	-5.675980
67.398076	-0.529521	15.784101
67.386758	-0.254667	17.899509
67.375440	-5.987243	-6.366663
67.364122	-0.801097	1.363081
67.352805	-5.965907	0.364555
67.341487	-0.052863	8.274776
67.330169	-1.224368	6.635315
67.318851	0.746343	7.532773
67.307533	-8.705159	-0.790583
67.296215	-6.749635	0.152468
67.284897	4.695541	-5.528772
67.273579	-7.871479	8.845099
67.262261	-3.048546	4.772248
67.250944	-3.818388	-4.295404
67.239626	-3.069658	-9.801855
67.228308	4.425297	9.279359
67.216990	-4.207626	6.174284
67.205672	-8.130951	5.448297
67.194354	-5.350554	8.006588
67.183036	2.360498	-6.849016
67.171718	0.660300	11.766320
67.160400	6.417577	-2.505688
67.149082	-0.710903	6.229120
67.137765	-2.723464	6.098025
67.126447	-3.119349	-0.862631
67.115129	-3.873402	-3.022218
67.103811	0.216318	7.819728
67.092493	-10.668439	0.441420
67.081175	-0.943111	5.044715
67.069857	1.602203	-5.544989
67.058539	1.557660	3.610011
67.047221	-5.715217	6.450011
67.035903	3.802552	2.604063
67.024586	-6.181206	12.052444
67.013268	-8.304052	3.458015
67.001950	3.826977	2.231628
66.990632	-9.256171	-1.660077
66.979314	-4.188128	10.301651
66.967996	-10.872045	1.079200
66.956678	-3.263504	-7.425254
66.945360	7.913339	9.480167
66.934042	4.071329	9.924847
66.922725	-2.747412	-3.830095
66.911407	-1.550449	1.601410
66.900089	-1.881627	-7.736043
66.888771	3.683659	1.899022
66.877453	-2.913664	-2.659238
66.866135	-4.105529	-1.857132
66.854817	0.412640	9.107305
66.843499	-5.562684	-0.014766
66.832181	1.915641	3.993051
66.820863	-9.144863	-4.950672
66.809546	-13.967553	6.440578
66.798228	-8.751400	5.422689
66.786910	4.967058	1.470770
66.775592	-1.658771	14.567479
66.764274	-6.465361	-8.190346
66.752956	1.992760	-0.332943
66.741638	-4.113852	-2.491872
66.730320	-1.354942	-1.324747
66.719002	-9.500623	10.400867
66.707684	-11.574779	4.129936
66.696367	3.031671	4.288603
66.685049	0.353864	-6.618977
66.673731	-2.854562	0.274186
66.662413	0.006818	3.864053
66.651095	4.775666	1.419153
66.639777	8.077415	8.924318
66.628459	9.627520	-0.719651
66.617141	2.347906	-4.095934
66.605823	11.014769	-7.085536
66.594505	-0.731547	5.085718
66.583188	0.215022	7.199885
66.571870	-5.809751	5.771781
66.560552	4.487110	10.149687
66.549234	0.077818	6.333196
66.537916	-4.539936	-6.014114
66.526598	-10.747724	4.940515
66.515280	-4.180874	10.628839
66.503962	-0.012751	-7.264681
66.492644	2.230500	8.612875
66.481327	-3.804991	-10.404021
66.470009	-3.031754	-5.878553
66.458691	0.127006	4.309930
66.447373	-5.368752	-1.478268
66.436055	5.194252	1.423581
66.424737	-7.390216	1.514794
66.413419	1.437698	0.759656
66.402101	-1.592364	2.665466
66.390783	-0.465282	1.559418
66.379465	-2.120030	-5.642238
66.368148	-1.379913	-1.203617
66.356830	8.464410	-7.441978
66.345512	-7.720235	-4.277304
66.334194	6.564845	-0.572041
66.322876	-2.659722	6.993040
66.311558	-4.749781	-7.282150
66.300240	-0.983637	-2.747403
66.288922	-8.775197	7.320121
66.277604	-2.528725	4.280947
66.266286	-4.901329	-3.952547
66.254969	2.879992	2.714231
66.243651	7.179316	10.420114
66.232333	-2.082202	8.691582
66.221015	-3.801677	-4.893948
66.209697	1.395385	-1.978307
66.198379	-0.731945	-3.009534
66.187061	-0.213542	1.355380
66.175743	9.448146	3.126088
66.164425	-4.775572	-0.968907
66.153108	3.962778	-1.153388
66.141790	15.922793	-0.087807
66.130472	-4.444912	-0.480027
66.119154	-2.887353	-3.605948
66.107836	3.126242	-0.549631
66.096518	1.504800	2.436312
66.085200	4.231374	-2.345510
66.073882	-3.845369	1.105452
66.062564	-11.319890	-3.174258
66.051246	-0.829074	-1.321838
66.039929	-0.864079	-5.127850
66.028611	7.475738	0.482613
66.017293	-2.501415	8.503243
66.005975	-6.480333	-0.748109
65.994657	-0.147139	3.396720
65.983339	-4.818262	-3.392795
65.972021	1.995486	6.405953
65.960703	-4.436916	7.275485
65.949385	0.154060	2.622183
65.938067	-0.772665	-1.954644
65.926750	3.126014	5.257390
65.915432	3.387065	-6.486839
65.904114	-5.152134	3.308270
65.892796	-10.019369	-3.967441
65.881478	3.730815	-2.947817
65.870160	-0.226303	0.615423
65.858842	-0.445751	-0.454848
65.847524	-2.639310	1.353997
65.836206	-4.031231	4.950475
65.824889	-7.646700	1.105595
65.813571	1.048082	-0.001895
65.802253	-12.228281	-11.341478
65.790935	-0.539509	3.661526
65.779617	-2.634885	-5.563035
65.768299	-4.029667	-3.417037
65.756981	-6.307467	-12.072511
65.745663	6.521973	-1.548576
65.734345	-1.991419	-11.935678
65.723027	-10.550519	4.530956
65.711710	-0.038338	-0.140835
65.700392	2.494520	-10.285443
65.689074	9.781788	-3.008341
65.677756	-0.616782	-3.886057
65.666438	-9.167536	4.184245
65.655120	4.214087	2.260530
65.643802	-6.536712	2.133824
65.632484	1.844662	-4.400434
65.621166	3.138604	-7.833830
65.609848	-6.926620	3.837454
65.598531	1.998295	1.356061
65.587213	3.355688	9.331444
65.575895	2.398220	-6.079091
65.564577	1.081955	3.383020
65.553259	-6.069863	-1.375835
65.541941	3.975954	1.751842
65.530623	-3.545364	2.815806
65.519305	4.189852	-8.318764
65.507987	4.598544	0.146820
65.496669	3.584096	-4.257642
65.485352	3.866395	3.992938
65.474034	-2.884151	-6.281007
65.462716	7.186126	2.878872
65.451398	0.462566	4.104155
65.440080	3.087260	-1.552227
65.428762	-6.218308	-0.745878
65.417444	-5.113317	4.533944
65.406126	-5.278840	-4.381599
65.394808	5.192469	-0.149145
65.383491	2.404545	3.766217
65.372173	-3.264620	3.392130
65.360855	-2.840889	2.550219
65.349537	-4.634306	-6.027893
65.338219	2.742140	1.690154
65.326901	-5.795926	-6.155229
65.315583	-2.494019	-4.468200
65.304265	-7.277890	-5.066764
65.292947	2.849738	-1.234298
65.281629	4.107882	1.564755
65.270312	-3.922595	4.112731
65.258994	-1.636467	-1.686818
65.247676	-1.458198	2.838090
65.236358	6.866726	-10.122180
65.225040	0.037176	-3.990006
65.213722	-0.804866	3.511621
65.202404	10.641076	2.602568
65.191086	-4.056493	-2.420769
65.179768	-4.362578	-4.204790
65.168450	9.182376	5.509020
65.157133	-5.832002	-7.569539
65.145815	5.541804	-7.571113
65.134497	2.368844	6.898687
65.123179	4.607696	4.026210
65.111861	6.013896	0.731564
65.100543	2.041173	-8.531903
65.089225	5.481310	9.166291
65.077907	-7.224189	5.998191
65.066589	-0.839653	-0.175403
65.055272	-4.937389	3.239296
65.043954	3.433690	5.672354
65.032636	-9.774721	-2.970759
65.021318	-4.860236	-0.278496
65.010000	-9.176202	3.918298
64.998682	1.205697	3.595751
64.987364	4.452158	3.871781
64.976046	-1.476410	-0.426624
64.964728	-9.974825	-6.219467
64.953410	-0.001358	-9.111448
64.942093	-9.681047	-0.221303
64.930775	6.224389	-4.621279
64.919457	-4.262048	-2.004098
64.908139	6.952486	0.795719
64.896821	0.562050	-3.570511
64.885503	-2.680074	-5.404952
64.874185	2.785513	-3.366762
64.862867	-2.845855	-6.271970
64.851549	-9.088428	-3.035526
64.840231	4.222301	1.976368
64.828914	7.730986	-0.011748
64.817596	-1.925566	-3.098468
64.806278	4.610066	-3.740709
64.794960	-5.977901	-1.035980
64.783642	0.714803	-0.326235
64.772324	-4.583920	7.319085
64.761006	-0.841660	4.466272
64.749688	-2.208190	1.652504
64.738370	-8.940721	-4.368885
64.727053	1.134057	-5.480525
64.715735	4.009647	2.742203
64.704417	6.206499	-0.352643
64.693099	-0.846911	-4.684646
64.681781	-1.663737	1.800387
64.670463	-3.697065	-2.886974
64.659145	-2.208717	-4.482639
64.647827	1.199519	0.240717
64.636509	6.879688	-3.282375
64.625191	-1.820711	-9.564846
64.613874	-0.713526	-5.831521
64.602556	3.050601	3.398993
64.591238	3.164110	-0.249618
64.579920	-2.566414	0.346915
64.568602	-2.386274	-5.633804
64.557284	2.915208	-3.011373
64.545966	3.154686	2.455638
64.534648	3.901082	-10.639207
64.523330	-8.544909	3.181719
64.512012	-8.851749	-0.997919
64.500695	-2.065857	-4.756135
64.489377	1.640190	-7.579112
64.478059	-3.152997	3.126912
64.466741	-7.478154	-4.409598
64.455423	2.730016	10.832184
64.444105	6.272457	3.352800
64.432787	-0.856186	7.971529
64.421469	4.370008	-1.747125
64.410151	8.116043	4.278806
64.398833	-9.833084	-1.358319
64.387516	1.768688	-6.259661
64.376198	-5.743202	-5.393949
64.364880	-3.603928	-3.648465
64.353562	3.293611	7.688104
64.342244	-9.962274	5.897867
64.330926	-3.475765	-0.254208
64.319608	5.349147	0.707803
64.308290	-0.661272	-6.883931
64.296972	11.471823	-0.565598
64.285655	-0.324513	-3.819195
64.274337	-2.899665	-11.611350
64.263019	-0.467601	1.447864
64.251701	3.063649	0.176888
64.240383	1.494488	-5.402023
64.229065	-6.808607	1.744972
64.217747	9.416933	-7.334412
64.206429	0.543156	6.139081
64.195111	7.077127	-8.710787
64.183793	5.219399	3.117513
64.172476	-13.186697	11.245747
64.161158	1.075216	-2.326073
64.149840	-4.608879	0.703844
64.138522	1.967537	-0.138420
64.127204	3.084959	2.520083
64.115886	-3.137043	5.031420
64.104568	5.881238	-4.110216
64.093250	-4.995228	-1.078784
64.081932	0.559205	4.175292
64.070614	-1.342379	-0.564672
64.059297	-11.590397	0.315313
64.047979	1.423603	6.253338
64.036661	-4.254614	4.592363
64.025343	1.488948	-4.884040
64.014025	-6.494765	2.360754
64.002707	-10.057189	-1.856627
63.991389	6.951582	2.234267
63.980071	-5.134314	3.546786
63.968753	-4.812484	7.725349
63.957436	-2.554884	-4.329020
63.946118	-3.617706	2.470160
63.934800	2.151934	-10.752634
63.923482	0.006402	-8.440784
63.912164	5.668176	-0.946777
63.900846	0.164667	3.660913
63.889528	-2.772005	-4.486033
63.878210	-7.226853	1.517029
63.866892	-1.316361	5.513423
63.855574	7.292292	-3.974058
63.844257	-0.323065	-0.062537
63.832939	-2.496384	-0.630870
63.821621	4.513730	0.366932
63.810303	4.163349	3.184062
63.798985	2.723062	-5.563463
63.787667	-4.207383	-0.465612
63.776349	-2.547250	-0.135631
63.765031	-7.773194	-6.526537
63.753713	-6.580159	-1.532689
63.742395	3.636343	-0.643383
63.731078	-2.178604	2.643657
63.719760	-2.493719	-4.864361
63.708442	2.029073	-1.464096
63.697124	2.892608	-1.433351
63.685806	3.334525	-9.388414
63.674488	-1.314090	5.053360
63.663170	7.718076	-2.577855
63.651852	-5.370512	0.115881
63.640534	-7.525337	3.783754
63.629217	-2.951592	-2.608392
63.617899	-4.057643	7.451962
63.606581	-2.679700	3.376599
63.595263	-4.801724	1.211421
63.583945	-5.665593	2.404216
63.572627	-4.052535	-15.224960
63.561309	-2.987757	3.734145
63.549991	-4.445453	0.825033
63.538673	-3.350316	0.854408
63.527355	-3.224608	1.203717
63.516038	-4.375922	-1.464619
63.504720	-8.045838	8.120158
63.493402	-4.094949	3.557112
63.482084	7.863697	1.914827
63.470766	-10.353863	-0.577684
63.459448	8.895458	-1.746969
63.448130	-3.242319	0.397393
63.436812	-5.674449	-1.343365
63.425494	-3.771136	2.694220
63.414176	-9.614059	1.255985
63.402859	-3.242596	-7.434195
63.391541	-1.240076	-1.954015
63.380223	2.582463	-2.131339
63.368905	-4.621132	-0.422824
63.357587	-11.431413	15.149613
63.346269	-1.844371	1.094524
63.334951	-8.890695	4.441709
63.323633	-3.113412	-2.057662
63.312315	1.394994	3.417242
63.300997	3.931939	-2.847809
63.289680	-0.472810	3.105795
63.278362	-1.185793	3.410065
63.267044	4.840978	-0.792087
63.255726	1.562894	-5.904621
63.244408	7.135224	-2.928282
63.233090	2.597185	-3.871469
63.221772	5.354497	4.254045
63.210454	-2.690665	1.478525
63.199136	6.099588	14.202017
63.187819	-5.653372	2.963931
63.176501	4.793340	-11.373139
63.165183	-7.186992	-6.977953
63.153865	-4.007224	-5.243051
63.142547	2.270454	5.191196
63.131229	-7.662756	-4.293423
63.119911	-2.495914	-10.643356
63.108593	-5.884128	-1.960951
63.097275	3.192523	7.414968
63.085957	-7.992834	1.769182
63.074640	-4.132710	0.646962
63.063322	-0.316330	-6.700107
63.052004	10.995380	6.423076
63.040686	0.398452	1.282593
63.029368	-5.981631	0.898935
63.018050	-0.524965	3.881891
63.006732	-10.147939	-6.572410
62.995414	-5.653278	1.391011
62.984096	3.532126	-6.823800
62.972778	0.017321	-4.670319
62.961461	4.769427	-1.419764
62.950143	-0.401184	-1.438925
62.938825	-0.590498	1.737725
62.927507	1.471492	2.938802
62.916189	-0.049848	-1.106033
62.904871	-8.868496	-1.169232
62.893553	5.515149	6.472221
62.882235	-0.384468	7.622774
62.870917	-4.885135	4.637059
62.859600	-9.265090	2.604634
62.848282	3.111936	-7.964098
62.836964	-2.480232	-6.715930
62.825646	0.109251	3.544896
62.814328	-2.103034	4.058676
62.803010	6.957616	1.440312
62.791692	-1.119867	-7.282716
62.780374	5.913410	1.702398
62.769056	6.302039	-2.447805
62.757738	1.434722	4.193943
62.746421	-5.595579	-0.476646
62.735103	-6.581068	-9.011763
62.723785	4.448153	3.000121
62.712467	-11.745217	4.978589
62.701149	1.993078	-2.091440
62.689831	2.116609	1.570686
62.678513	-1.875792	-3.197715
62.667195	-3.728985	-7.166492
62.655877	2.393017	-0.746406
62.644559	-0.195781	6.353037
62.633242	3.651158	0.607378
62.621924	-3.898307	8.488614
62.610606	-3.445468	-1.349042
62.599288	-6.234164	-0.224884
62.587970	2.144697	-0.301317
62.576652	0.913660	-2.781947
62.565334	-11.414360	-0.514701
62.554016	-1.753914	4.231282
62.542698	1.908029	-4.082703
62.531381	0.834988	2.205601
62.520063	-7.091187	5.458799
62.508745	-7.907224	2.379653
62.497427	8.386754	-0.053606
62.486109	-1.759827	6.194567
62.474791	-0.958018	1.210589
62.463473	2.550463	5.076525
62.452155	-0.323938	5.270959
62.440837	-1.444197	-2.577022
62.429519	-5.621437	-1.639943
62.418202	-2.121157	3.940236
62.406884	6.870661	1.711838
62.395566	6.149466	-11.971593
62.384248	5.117064	4.626134
62.372930	3.702361	-1.371119
62.361612	-5.901230	-4.227605
62.350294	-5.125094	10.280611
62.338976	-5.153726	-3.959698
62.327658	2.101836	1.128855
62.316340	-8.445392	1.628778
62.305023	8.926974	-3.585643
62.293705	-7.879058	9.818900
62.282387	-5.651082	2.335425
62.271069	-3.180475	3.010880
62.259751	-2.216026	3.542226
62.248433	2.676549	-1.399761
62.237115	-10.171865	-2.658168
62.225797	0.501958	-2.536413
62.214479	-0.613685	5.969213
62.203161	-3.924363	2.164388
62.191844	-2.034157	0.310725
62.180526	-3.077100	9.415399
62.169208	3.761582	-0.996669
62.157890	8.174927	-7.874901
62.146572	-4.209310	-7.340588
62.135254	2.218405	-3.793360
62.123936	0.888675	7.766679
62.112618	2.528976	-1.481108
62.101300	8.296392	1.612913
62.089983	0.311333	-15.421078
62.078665	5.433020	-1.696148
62.067347	-3.362669	7.020822
62.056029	-6.621305	-10.152556
62.044711	-6.117391	11.166319
62.033393	-4.961300	7.954056
62.022075	4.436131	-1.212188
62.010757	-3.833862	7.564361
61.999439	-0.540581	-4.982961
61.988121	2.516431	5.946981
61.976804	-7.580196	-3.475330
61.965486	-2.577131	2.302913
61.954168	2.381312	6.233000
61.942850	3.392883	0.161389
61.931532	0.475908	3.134226
61.920214	-2.206132	-7.989040
61.908896	7.080264	-4.484465
61.897578	-1.583746	5.474746
61.886260	-1.010387	-8.915209
61.874942	1.248938	1.875385
61.863625	-5.301546	-1.879045
61.852307	5.154439	-5.040696
61.840989	-0.382888	7.696201
61.829671	7.172010	1.053688
61.818353	-3.664803	-9.736774
61.807035	-6.008678	-0.888319
61.795717	5.286236	-8.439226
61.784399	10.565351	-8.795724
61.773081	-0.428901	0.537104
61.761764	2.229471	4.174289
61.750446	-1.869665	5.191762
61.739128	9.041504	5.370032
61.727810	-2.609750	2.862310
61.716492	-4.240411	-8.692755
61.705174	7.888157	-1.023964
61.693856	-1.639913	-10.161892
61.682538	3.123648	3.723959
61.671220	5.030463	4.552518
61.659902	-9.617682	2.161980
61.648585	-9.042287	6.200963
61.637267	-7.488921	1.573989
61.625949	1.720493	-3.330810
61.614631	5.915130	7.219205
61.603313	1.260792	0.237777
61.591995	-0.786274	0.421918
61.580677	-3.797858	3.111630
61.569359	7.276235	-3.757437
61.558041	-1.183817	-1.692790
61.546723	0.376452	2.041892
61.535406	1.382167	2.699672
61.524088	-5.670255	-2.252008
61.512770	4.877342	3.996327
61.501452	-5.200766	-0.471998
61.490134	-2.464273	-14.781995
61.478816	2.230615	5.308316
61.467498	-6.701845	-1.946523
61.456180	1.261803	-3.012318
61.444862	-3.399403	-3.317619
61.433545	-6.992504	1.426013
61.422227	3.812538	4.337308
61.410909	-2.630350	6.964960
61.399591	0.863315	5.136942
61.388273	-8.670478	1.427157
61.376955	7.495602	1.040137
61.365637	-0.668285	2.054180
61.354319	-7.590691	4.064950
61.343001	2.406942	-1.443800
61.331683	-5.861177	-0.106936
61.320366	-2.323515	-7.332633
61.309048	-3.196576	3.781078
61.297730	-5.819465	-4.445055
61.286412	-0.572220	4.933988
61.275094	1.147323	0.738467
61.263776	-6.461742	6.970249
61.252458	3.915797	15.217847
61.241140	-3.942329	-1.433208
61.229822	15.083527	-9.264791
61.218504	4.099009	-2.231346
61.207187	2.628556	-0.252647
61.195869	-6.764637	-3.784920
61.184551	-8.641478	3.775002
61.173233	-7.775589	-0.580673
61.161915	-0.412528	-2.087828
61.150597	0.982222	-2.037999
61.139279	-0.812730	5.593945
61.127961	-7.727936	-4.328824
61.116643	-1.161289	-3.691544
61.105325	-3.329006	-1.418535
61.094008	1.865921	-2.369893
61.082690	6.509749	6.059196
61.071372	5.777222	6.429376
61.060054	3.381227	3.726285
61.048736	-7.113280	-6.638400
61.037418	-1.411179	-1.212257
61.026100	-3.040711	-1.798571
61.014782	-4.446514	0.846706
61.003464	7.966994	2.184414
60.992147	-4.496824	-4.316486
60.980829	1.518064	-2.968023
60.969511	-10.351149	-3.328017
60.958193	4.519427	6.602321
60.946875	-2.007455	-6.838131
60.935557	-2.636449	0.696171
60.924239	11.181870	-4.408788
60.912921	-14.370518	-0.008953
60.901603	-3.202074	-1.684778
60.890285	-3.074117	6.507999
60.878968	-8.416948	5.591811
60.867650	-3.946566	-3.882947
60.856332	-6.441256	-1.474701
60.845014	-4.356884	0.790660
60.833696	-12.278173	8.120877
60.822378	-4.735771	-3.497478
60.811060	-4.165583	-0.683164
60.799742	-0.219285	8.303602
60.788424	-8.555122	-8.519579
60.777106	-4.369817	-5.568810
60.765789	11.659790	-1.246197
60.754471	-3.354070	0.658781
60.743153	-2.265948	7.013792
60.731835	-5.080987	-6.236805
60.720517	-10.784925	-1.830351
60.709199	3.240725	-0.231353
60.697881	-0.116041	-1.721235
60.686563	8.395707	3.072745
60.675245	-5.602524	3.068177
60.663928	5.196022	8.959313
60.652610	-3.466450	-1.823938
60.641292	-0.636080	0.064532
60.629974	6.300976	4.599656
60.618656	9.804245	-0.157344
60.607338	-1.468502	0.846363
60.596020	0.684178	0.477041
60.584702	3.455804	-2.852353
60.573384	0.569390	-2.293249
60.562066	3.755931	-1.082903
60.550749	1.260857	-0.081415
60.539431	0.661413	7.555424
60.528113	3.619509	1.267079
60.516795	6.934752	-0.877429
60.505477	-5.180401	1.082055
60.494159	10.455523	-3.033281
60.482841	1.578377	1.936279
60.471523	-0.961852	4.137352
60.460205	2.965243	9.278797
60.448887	-8.345270	-1.404383
60.437570	-0.564312	1.896406
60.426252	4.263834	-2.140704
60.414934	3.304449	-0.794300
60.403616	0.208024	5.347645
60.392298	-0.386983	-9.513270
60.380980	5.017736	-0.961444
60.369662	9.093306	-5.806981
60.358344	3.198400	3.094138
60.347026	-1.091219	2.238749
60.335708	-11.975131	-0.378324
60.324391	-0.921729	4.759945
60.313073	2.375418	-1.599666
60.301755	4.019559	-5.555048
60.290437	-0.261630	3.022852
60.279119	10.352746	2.071243
60.267801	4.161621	-0.473991
60.256483	0.657253	-7.104409
60.245165	1.730717	-7.932403
60.233847	2.388624	1.133537
60.222530	-4.810639	1.867439
60.211212	-2.437600	2.409476
60.199894	-2.727835	-3.492431
60.188576	0.550314	-0.453362
60.177258	2.294580	-4.464221
60.165940	2.957472	2.840561
60.154622	-2.621214	1.956042
60.143304	2.706506	-1.778185
60.131986	9.777641	-3.786562
60.120668	9.514769	-5.699434
60.109351	-1.517556	1.862210
60.098033	4.973739	1.078284
60.086715	1.431750	-2.225698
60.075397	3.020819	2.314026
60.064079	10.372124	4.541973
60.052761	-1.296010	1.638329
60.041443	-2.317316	2.788950
60.030125	2.409438	-4.276635
60.018807	0.766135	-7.736057
60.007489	-11.013796	-2.935931
59.996172	-4.825897	1.251380
59.984854	0.802261	0.585043
59.973536	-10.973747	6.724216
59.962218	1.656852	-2.726580
59.950900	-0.604721	1.391594
59.939582	-1.434485	-3.687582
59.928264	4.184113	2.921095
59.916946	-1.394310	3.021038
59.905628	-0.704705	-8.229679
59.894311	6.073159	-1.530348
59.882993	3.936810	2.307898
59.871675	2.065115	-1.356111
59.860357	-15.014300	3.166772
59.849039	4.692818	6.364629
59.837721	1.690544	-3.146970
59.826403	2.278343	-1.356331
59.815085	-1.222352	5.511618
59.803767	-5.120397	-8.915133
59.792449	-1.156937	3.868899
59.781132	0.739045	-6.018744
59.769814	-4.682787	5.281252
59.758496	2.936085	-4.822195
59.747178	-4.736628	4.655511
59.735860	-6.272425	-6.571704
59.724542	-3.446424	4.771920
59.713224	-4.720455	-4.829452
59.701906	-11.037348	2.262295
59.690588	0.729138	-8.298847
59.679270	1.251119	-0.965322
59.667953	-2.212341	-0.816599
59.656635	0.290928	-5.723402
59.645317	3.314316	1.932213
59.633999	-0.677841	-4.920817
59.622681	-3.257892	-2.652629
59.611363	0.857005	4.311343
59.600045	-4.899127	1.956327
59.588727	5.801046	2.452469
59.577409	-2.194620	-4.314762
59.566092	-0.394719	-1.899637
59.554774	3.202067	-4.082071
59.543456	2.035392	-11.978321
59.532138	0.952900	14.616167
59.520820	-1.161180	5.609761
59.509502	-7.357001	2.135243
59.498184	5.946147	-0.481356
59.486866	-3.379989	-0.552063
59.475548	0.442859	6.390426
59.464230	-1.403662	1.829558
59.452913	3.342461	4.128944
59.441595	-2.894504	-6.291932
59.430277	-2.367749	-5.579870
59.418959	-2.160495	0.811824
59.407641	-0.491690	-1.733793
59.396323	3.351295	-7.919755
59.385005	3.887895	0.248548
59.373687	-6.331904	3.152691
59.362369	2.639483	2.650043
59.351051	-8.698853	-8.559739
59.339734	6.091111	-2.986108
59.328416	-1.966100	-0.938747
59.317098	11.316667	-5.565773
59.305780	-0.329439	9.163908
59.294462	5.169308	1.839628
59.283144	-2.200245	-6.805470
59.271826	2.020209	6.552518
59.260508	0.732982	4.298432
59.249190	-3.689662	1.785237
59.237872	1.736088	0.795241
59.226555	-10.715481	0.109480
59.215237	-6.761881	3.523674
59.203919	-4.497260	9.399181
59.192601	0.894868	-0.901281
59.181283	-2.740131	1.172886
59.169965	0.433029	5.259005
59.158647	-2.996171	-4.424993
59.147329	9.110656	2.492517
59.136011	-5.644789	2.112931
59.124694	-2.009867	1.052309
59.113376	0.988821	7.729898
59.102058	2.392979	-2.859750
59.090740	8.904201	1.897156
59.079422	-10.021884	9.608730
59.068104	0.390721	2.747454
59.056786	-0.312957	0.920706
59.045468	-2.978601	1.477715
59.034150	-4.127473	1.328657
59.022832	-5.649273	-1.006873
59.011515	-5.851214	-3.125027
59.000197	-2.695692	0.886501
58.988879	-1.262685	0.990488
58.977561	7.455537	1.496430
58.966243	2.803199	-0.909661
58.954925	-10.225194	-4.422673
58.943607	-4.809590	-2.095953
58.932289	-2.974243	11.503408
58.920971	3.826969	0.613972
58.909653	-1.949245	-0.297946
58.898336	-3.591351	4.803584
58.887018	5.145997	-12.546877
58.875700	2.080327	6.879890
58.864382	1.417777	0.781262
58.853064	2.448733	-5.734702
58.841746	-4.259891	-1.162904
58.830428	-8.093766	8.521485
58.819110	0.979295	-5.027782
58.807792	11.705026	-2.097413
58.796475	2.870053	0.197782
58.785157	2.670742	-0.772589
58.773839	3.455765	-9.352365
58.762521	-1.815515	-2.202919
58.751203	4.438155	-10.249258
58.739885	-4.493176	-1.544006
58.728567	-5.295860	-5.856861
58.717249	0.599538	-5.605249
58.705931	5.510279	-2.623398
58.694613	-6.771801	-2.463930
58.683296	1.700831	1.416225
58.671978	-3.164027	-4.818338
58.660660	-8.108104	-2.202489
58.649342	0.386952	-2.154930
58.638024	4.353524	1.741889
58.626706	-0.063171	2.233410
58.615388	0.000537	1.909901
58.604070	-2.408753	-11.602864
58.592752	4.709522	-2.947347
58.581434	-3.809461	8.491528
58.570117	1.534578	-0.889478
58.558799	-1.263297	-3.613929
58.547481	0.343737	4.144820
58.536163	-2.021876	-0.813091
58.524845	9.482268	-4.234364
58.513527	-3.747065	-1.599171
58.502209	-4.794338	6.261293
58.490891	-1.041802	1.268608
58.479573	-0.312431	-5.475148
58.468256	0.763236	-1.431967
58.456938	-5.208870	4.752923
58.445620	-0.441020	-0.743847
58.434302	1.097321	-3.031202
58.422984	7.234491	-1.813747
58.411666	-0.219725	-0.934175
58.400348	7.133279	-4.224892
58.389030	-0.526973	-0.161912
58.377712	-0.054471	-5.341659
58.366394	0.399375	-0.506953
58.355077	4.063118	1.592021
58.343759	4.153253	-2.390673
58.332441	-7.686882	-1.918652
58.321123	-6.205795	-2.687838
58.309805	-9.004181	3.351684
58.298487	-1.001166	3.363991
58.287169	0.091519	3.631610
58.275851	-6.637715	-4.489373
58.264533	0.361375	9.198971
58.253215	-5.469905	-1.947951
58.241898	0.999563	8.796227
58.230580	8.933781	1.746212
58.219262	2.612237	-3.970805
58.207944	-6.357451	-3.425126
58.196626	-6.737694	5.291865
58.185308	-3.712455	2.335861
58.173990	-8.196788	-2.319870
58.162672	-7.052708	-2.986515
58.151354	-3.656359	-1.118609
58.140036	-7.060685	-5.987408
58.128719	2.550143	-0.619695
58.117401	-3.468195	-2.291959
58.106083	8.946128	3.023426
58.094765	5.968232	-5.125645
58.083447	-3.619935	3.972250
58.072129	4.712049	-7.915078
58.060811	-4.641033	-2.333913
58.049493	1.930131	-6.140817
58.038175	0.027352	9.052902
58.026858	-4.298495	0.745866
58.015540	4.035130	-3.443974
58.004222	-5.753761	-1.004289
57.992904	-2.167928	-2.701562
57.981586	-1.360808	-2.972996
57.970268	-4.245137	-0.368877
57.958950	1.122287	6.420153
57.947632	2.758966	3.308146
57.936314	-5.115029	-2.027436
57.924996	-3.449702	-3.926154
57.913679	5.151286	-0.514814
57.902361	-0.721475	0.788305
57.891043	8.058511	-1.524570
57.879725	10.911643	-2.409205
57.868407	2.089115	8.886109
57.857089	-7.004592	-11.446061
57.845771	0.307823	0.561138
57.834453	0.225503	-1.117385
57.823135	-3.288329	3.575451
57.811817	-4.031747	8.909203
57.800500	-1.544290	4.187058
57.789182	4.332594	-1.062505
57.777864	5.410798	8.571276
57.766546	-0.207773	5.163873
57.755228	10.569723	8.294073
57.743910	1.612762	-10.950978
57.732592	2.459785	3.410499
57.721274	0.318185	-3.350233
57.709956	7.077538	-3.894395
57.698639	-1.484082	6.377447
57.687321	-7.241035	0.713575
57.676003	-0.597527	-3.891943
57.664685	2.574554	1.911048
57.653367	3.977412	-5.329348
57.642049	-0.339539	-3.623861
57.630731	3.083629	-0.029818
57.619413	1.678502	-9.603753
57.608095	-10.434987	0.751008
57.596777	11.799927	-1.141394
57.585460	1.366438	-0.197603
57.574142	-3.063917	-3.186280
57.562824	1.855129	2.667728
57.551506	-5.896810	5.783693
57.540188	-3.632104	0.853000
57.528870	-2.738122	5.681129
57.517552	1.963134	-7.060027
57.506234	0.765682	-5.097943
57.494916	-0.512732	-2.855898
57.483598	7.084686	-0.527226
57.472281	6.134654	2.885743
57.460963	0.872216	-2.271851
57.449645	4.744777	4.371703
57.438327	2.805201	2.726968
57.427009	12.615269	0.903726
57.415691	-12.274067	5.156708
57.404373	0.608554	-5.462991
57.393055	-3.775282	3.997689
57.381737	-1.257422	-4.373485
57.370420	3.865016	-2.451159
57.359102	-4.881495	5.832516
57.347784	-1.745474	-6.358633
57.336466	2.292192	2.020628
57.325148	-0.371723	2.411634
57.313830	-3.093841	4.206907
57.302512	-4.343279	0.614975
57.291194	-4.499905	-8.903595
57.279876	-1.961606	-0.770100
57.268558	-3.132909	-5.591383
57.257241	-10.020026	0.041811
57.245923	1.522819	-5.692047
57.234605	-4.747671	-4.785689
57.223287	-8.485833	5.676546
57.211969	0.387177	-6.996288
57.200651	1.882339	-6.105382
57.189333	1.687550	4.020908
57.178015	-2.563620	-1.690022
57.166697	6.388840	4.428510
57.155379	-0.920225	-3.166907
57.144062	6.878988	-0.506744
57.132744	-13.068298	0.755594
57.121426	-7.192336	-1.333066
57.110108	-6.485465	4.098137
57.098790	-2.854085	1.231940
57.087472	-4.156144	-5.608540
57.076154	-5.076539	5.705208
57.064836	-1.698324	1.112697
57.053518	-1.815588	9.248116
57.042200	7.477398	3.641145
57.030883	5.951853	-1.059921
57.019565	-4.111103	6.744421
57.008247	-6.295568	1.011809
56.996929	-4.599682	-6.618740
56.985611	-2.614417	-2.256211
56.974293	-5.114461	-2.680317
56.962975	0.618552	-3.303282
56.951657	2.325038	-0.126137
56.940339	9.795824	-4.239980
56.929022	4.999194	-4.822746
56.917704	4.236058	-0.582064
56.906386	4.761571	-0.886504
56.895068	-5.486770	8.259499
56.883750	-9.617469	11.366800
56.872432	-1.117831	4.861201
56.861114	0.670216	6.086627
56.849796	-5.455204	-4.608136
56.838478	-3.056429	-2.291641
56.827160	1.450593	2.436705
56.815843	-3.834332	6.514919
56.804525	12.478675	-5.814358
56.793207	-3.392604	1.815854
56.781889	13.486207	-8.635715
56.770571	-6.276815	4.525887
56.759253	-1.060105	-12.629093
56.747935	-5.968706	5.510484
56.736617	8.143224	11.027457
56.725299	-10.372797	-1.007011
56.713981	0.854784	-11.915096
56.702664	4.222847	3.391507
56.691346	7.449024	5.084603
56.680028	1.414815	-9.025662
56.668710	-2.523975	4.420356
56.657392	-7.759438	-1.357932
56.646074	-2.422470	-5.228085
56.634756	2.710846	3.906987
56.623438	2.208555	4.666111
56.612120	-1.849578	-1.397086
56.600803	2.304559	-4.219377
56.589485	1.961364	-5.841694
56.578167	-1.942769	-4.452516
56.566849	-4.110543	2.781429
56.555531	-8.137899	-0.551245
56.544213	0.378991	2.177403
56.532895	8.549316	-8.990273
56.521577	-1.639889	-3.087926
56.510259	5.444157	1.024029
56.498941	-1.887250	13.180692
56.487624	-10.731564	10.390235
56.476306	-11.067204	1.558393
56.464988	-0.399251	3.432062
56.453670	0.269055	0.824051
56.442352	1.194876	5.696995
56.431034	-5.945465	-0.082406
56.419716	-8.912734	-8.178382
56.408398	-1.016398	5.818776
56.397080	3.919991	-2.239494
56.385762	-5.678696	-2.532245
56.374445	0.481313	6.690580
56.363127	-0.142741	-6.042908
56.351809	-1.570084	-3.313450
56.340491	8.593982	4.314843
56.329173	-4.675198	-9.158594
56.317855	6.392035	-6.581114
56.306537	7.769586	-1.972963
56.295219	1.012298	1.672525
56.283901	-6.612712	4.070457
56.272584	5.508514	-0.116287
56.261266	1.906659	0.102062
56.249948	-3.795266	5.378604
56.238630	-0.996513	9.515274
56.227312	-12.089375	-2.386308
56.215994	4.437678	-0.479864
56.204676	4.492241	-0.405954
56.193358	-1.521619	-2.033092
56.182040	-0.028177	1.691821
56.170722	-3.853421	-1.497851
56.159405	15.560980	-5.592786
56.148087	1.559624	6.179642
56.136769	-0.359218	-10.579113
56.125451	5.039251	0.315691
56.114133	2.347856	1.087319
56.102815	-0.586910	1.669489
56.091497	-6.324007	5.692842
56.080179	-3.709717	2.239840
56.068861	-4.447637	-6.317963
56.057543	-4.123981	1.066510
56.046226	4.628436	-0.068511
56.034908	-7.270766	10.055669
56.023590	4.742558	-1.134503
56.012272	3.803219	-1.605266
56.000954	-2.296768	1.348590
55.989636	6.001435	1.992284
55.978318	2.783554	8.062526
55.967000	1.818415	-0.867857
55.955682	1.086199	2.737930
55.944364	-7.335470	4.541497
55.933047	-1.949024	-5.276068
55.921729	-1.716299	-3.548000
55.910411	-2.528241	-5.588349
55.899093	-1.858545	2.507267
55.887775	2.094065	0.673941
55.876457	6.697563	-0.463692
55.865139	-7.110641	-1.901165
55.853821	-5.978201	9.049098
55.842503	2.909744	4.075567
55.831186	-5.281580	0.993425
55.819868	-1.673597	-6.181255
55.808550	1.099647	-1.099985
55.797232	-6.594323	-5.275989
55.785914	-9.232438	2.846527
55.774596	-3.979198	-9.253333
55.763278	1.962508	-6.723853
55.751960	1.389761	6.396807
55.740642	-3.900898	-8.421855
55.729324	1.214603	-2.436998
55.718007	-3.378642	0.888059
55.706689	5.622569	0.847019
55.695371	-1.425554	7.203297
55.684053	5.720574	-11.043787
55.672735	-5.979175	0.922240
55.661417	-2.734302	2.309770
55.650099	1.298384	4.010038
55.638781	4.233063	3.795307
55.627463	-4.117614	-0.615441
55.616145	-3.622721	-0.616098
55.604828	8.252402	-5.715842
55.593510	0.998766	-5.236462
55.582192	2.198581	-0.428023
55.570874	-1.707905	-7.916605
55.559556	-4.664121	5.419177
55.548238	7.934970	-9.766284
55.536920	4.835036	4.573315
55.525602	-1.774295	-2.093908
55.514284	-7.215506	0.579712
55.502967	1.861488	1.803315
55.491649	-1.502466	-8.266376
55.480331	3.942836	-2.072176
55.469013	-4.151695	6.628162
55.457695	8.373251	-1.118431
55.446377	1.496239	-3.258879
55.435059	-5.063870	-3.030080
55.423741	3.666916	2.148047
55.412423	8.712005	2.939769
55.401105	7.438749	-2.180157
55.389788	0.262915	4.899432
55.378470	5.558629	-4.061260
55.367152	-2.823962	-5.248374
55.355834	0.433218	5.720827
55.344516	-5.169768	-2.685591
55.333198	-0.691918	5.863376
55.321880	-5.912866	-2.410694
55.310562	-8.846889	3.394081
55.299244	6.461848	4.631241
55.287926	-0.467389	-3.901969
55.276609	8.352768	-4.736873
55.265291	-3.823962	-7.645536
55.253973	2.412134	4.636991
55.242655	-9.495927	1.899269
55.231337	1.650721	1.095284
55.220019	2.024564	1.824502
55.208701	-3.788084	6.929703
55.197383	2.298172	-2.485298
55.186065	-1.183682	-6.086084
55.174748	0.359173	-4.262185
55.163430	-12.125301	3.399316
55.152112	-2.698239	0.709783
55.140794	-9.388033	0.629585
55.129476	-2.779351	6.414367
55.118158	7.687446	0.081106
55.106840	-0.766785	0.351093
55.095522	-1.402003	-3.162805
55.084204	5.478827	-3.723882
55.072886	-14.292700	3.384301
55.061569	0.169619	-0.422453
55.050251	-7.385257	6.300747
55.038933	5.871731	0.010572
55.027615	-3.841057	3.437972
55.016297	-0.359976	-5.023493
55.004979	-1.781304	-2.007498
54.993661	1.221712	-5.137172
54.982343	-0.283892	-0.256843
54.971025	-0.811917	-5.677774
54.959707	-0.836282	2.577031
54.948390	-4.224658	-2.433358
54.937072	0.590903	-0.250711
54.925754	-2.570584	7.971827
54.914436	7.932337	0.902103
54.903118	-4.355845	0.725611
54.891800	-0.308725	-0.798812
54.880482	-6.300854	-2.746430
54.869164	3.851872	0.066616
54.857846	-2.462969	5.209178
54.846528	9.432627	7.310603
54.835211	6.841703	0.852006
54.823893	-2.999545	4.409417
54.812575	7.367503	-2.236558
54.801257	1.562402	-0.255397
54.789939	8.302037	7.717472
54.778621	0.966045	-4.452969
54.767303	-1.703251	2.182356
54.755985	-5.860616	8.501241
54.744667	0.259152	8.910876
54.733350	-0.202587	-1.558744
54.722032	13.578945	-5.000942
54.710714	-6.954177	0.686589
54.699396	-10.058578	-1.170525
54.688078	0.690363	0.029605
54.676760	-7.563160	-1.396260
54.665442	-5.184349	1.197707
54.654124	2.869726	1.514964
54.642806	3.092992	-9.344881
54.631488	0.810782	-3.817253
54.620171	-4.349804	0.715719
54.608853	3.216399	-2.132123
54.597535	-1.123722	7.354350
54.586217	-1.542345	-1.900531
54.574899	9.327085	-1.613580
54.563581	-4.031432	7.523445
54.552263	3.388666	-11.743440
54.540945	-4.447325	3.006901
54.529627	-1.999660	-10.204171
54.518309	-0.387805	-1.031898
54.506992	2.006863	2.652748
54.495674	-9.414151	1.335429
54.484356	2.756668	8.368525
54.473038	-6.819007	-9.491573
54.461720	-8.992101	1.258148
54.450402	-1.472363	-9.610203
54.439084	-7.575800	-2.242277
54.427766	-8.423715	5.591668
54.416448	7.611643	1.895117
54.405131	-2.147565	-3.509096
54.393813	0.732124	-3.474049
54.382495	4.436746	-4.399059
54.371177	-3.343129	-6.946733
54.359859	2.124570	-2.493857
54.348541	-8.690923	-1.318742
54.337223	-3.990879	-3.968829
54.325905	8.737402	7.468057
54.314587	2.907086	1.274602
54.303269	-2.561828	-7.141536
54.291952	-4.134090	5.865503
54.280634	1.336326	-1.149400
54.269316	5.190061	-2.346030
54.257998	3.034072	3.389405
54.246680	-8.376747	-10.361171
54.235362	-6.341845	10.019829
54.224044	-6.645502	-2.202339
54.212726	6.324467	5.133509
54.201408	-2.949349	-1.171661
54.190090	-13.730700	-1.078769
54.178773	0.612789	-7.888115
54.167455	-2.088811	-1.901243
54.156137	-0.385525	8.123561
54.144819	-2.646942	4.660123
54.133501	-6.763925	4.762699
54.122183	5.873364	3.193020
54.110865	-0.729488	2.876394
54.099547	-2.937851	-8.164745
54.088229	-4.045350	2.941731
54.076912	-14.607326	0.774583
54.065594	16.547323	-5.177742
54.054276	-4.629776	5.078127
54.042958	-2.298339	2.845465
54.031640	1.341755	3.046819
54.020322	-5.980507	-5.130160
54.009004	-6.519653	-3.726815
53.997686	2.005672	-1.928870
53.986368	-0.378735	4.607981
53.975050	-5.989762	3.172449
53.963733	-3.751310	-7.232546
53.952415	-4.606110	2.709205
53.941097	2.269840	10.216640
53.929779	-1.840053	-1.406691
53.918461	3.726439	-1.610785
53.907143	-4.445468	-7.949976
53.895825	-1.763978	-6.925310
53.884507	-5.925291	3.989030
53.873189	2.319121	-0.440233
53.861871	0.451265	4.648618
53.850554	1.579490	0.802830
53.839236	-2.392969	-0.291246
53.827918	-0.169605	2.950750
53.816600	2.527644	1.691467
53.805282	0.481158	4.849446
53.793964	-6.870310	-1.362202
53.782646	1.970591	4.843459
53.771328	-8.992131	-11.443162
53.760010	-1.251977	-14.134489
53.748692	-5.960091	0.211946
53.737375	-10.022020	2.032347
53.726057	8.555459	-3.013494
53.714739	-2.903354	0.983271
53.703421	4.042414	-5.796377
53.692103	-5.126097	5.136398
53.680785	1.761671	-0.164476
53.669467	-8.049446	1.820878
53.658149	-3.198730	-0.528588
53.646831	9.876676	-9.886983
53.635514	-3.575490	-9.787067
53.624196	-8.286256	6.764839
53.612878	-5.447503	3.488246
53.601560	3.849353	3.436511
53.590242	10.507647	5.145545
53.578924	1.316049	-1.061790
53.567606	-7.227388	-2.109717
53.556288	3.702311	2.702016
53.544970	-2.198798	-9.427605
53.533652	4.340399	3.390860
53.522335	2.816459	-1.135360
53.511017	-9.582685	-2.515749
53.499699	0.584187	3.190551
53.488381	2.036434	-5.513209
53.477063	-2.422056	0.774148
53.465745	-3.396386	5.101946
53.454427	-5.509960	-6.107873
53.443109	-0.000900	7.136746
53.431791	-4.718914	2.159791
53.420473	-0.102500	-1.184369
53.409156	-2.546535	2.298375
53.397838	-8.751434	-0.026728
53.386520	-13.140753	4.802743
53.375202	-1.123265	2.338169
53.363884	-5.260680	-1.359595
53.352566	0.645599	1.721057
53.341248	1.992978	-2.132681
53.329930	0.870438	-6.582207
53.318612	-4.363863	-4.903728
53.307295	1.609371	4.265856
53.295977	-2.368473	-1.312461
53.284659	-6.195432	1.773275
53.273341	-1.258066	-5.743025
53.262023	5.654228	-4.931138
53.250705	0.282736	3.690664
53.239387	-5.141645	0.478168
53.228069	-5.919321	-0.221390
53.216751	4.274189	-6.200089
53.205433	-3.719541	2.821519
53.194116	1.653748	8.111400
53.182798	-0.952067	2.080497
53.171480	8.186254	5.278820
53.160162	-7.042535	-0.360461
53.148844	-12.552166	-11.430923
53.137526	-4.467482	7.698496
53.126208	-6.220966	0.018469
53.114890	-8.517878	5.416039
53.103572	4.680164	-10.297577
53.092254	0.032578	-0.981291
53.080937	5.073510	1.935545
53.069619	5.071896	2.347404
53.058301	2.099589	7.123869
53.046983	-1.484078	8.818639
53.035665	-5.020309	-0.752749
53.024347	-1.560615	3.872636
53.013029	-3.385656	3.291148
53.001711	4.216250	3.356408
52.990393	-2.864855	1.865843
52.979075	-13.280608	-0.612788
52.967758	2.683267	3.660508
52.956440	-7.818351	-2.343068
52.945122	9.669137	3.532267
52.933804	-2.423517	-2.886972
52.922486	-5.221757	-9.929729
52.911168	5.113656	-4.727384
52.899850	3.968120	-2.301249
52.888532	-1.507669	-1.310063
52.877214	3.472388	-2.356555
52.865897	-10.172946	6.556734
52.854579	-2.792562	14.968730
52.843261	-5.378876	7.467358
52.831943	8.634432	-1.968519
52.820625	-8.981770	2.349643
52.809307	0.357810	-8.628819
52.797989	-7.670655	3.790417
52.786671	2.205441	0.562752
52.775353	1.726332	4.995295
52.764035	-1.229745	10.710977
52.752718	2.052550	-5.692029
52.741400	-1.811564	3.295682
52.730082	1.370334	0.817489
52.718764	4.373862	9.228371
52.707446	-0.957989	8.016591
52.696128	0.682993	-6.488372
52.684810	-6.645136	-1.945250
52.673492	-2.735800	-7.000587
52.662174	2.490917	2.607824
52.650856	-9.366965	-0.153448
52.639539	1.433947	1.530890
52.628221	5.902738	8.425322
52.616903	-5.894354	-5.186697
52.605585	9.565001	3.052007
52.594267	-8.455745	3.626053
52.582949	-3.101470	-8.099186
52.571631	-2.878632	-2.670981
52.560313	5.006367	-4.814154
52.548995	7.864946	1.638733
52.537678	-5.301946	-3.124278
52.526360	-1.507282	-9.068506
52.515042	-1.794900	2.742450
52.503724	-4.885803	-0.494736
52.492406	-1.114249	-3.761158
52.481088	-3.063379	-1.262103
52.469770	-3.076315	-6.233570
52.458452	8.830503	0.027912
52.447134	1.074921	-0.018566
52.435816	-3.496091	-4.805585
52.424499	-1.245757	1.644196
52.413181	-0.347607	-8.439593
52.401863	-5.420673	-0.330677
52.390545	2.685062	-4.520629
52.379227	-0.160116	5.752478
52.367909	-9.262762	9.826857
52.356591	-4.616005	-4.552320
52.345273	1.850077	-9.262135
52.333955	-2.743199	4.731058
52.322637	4.016003	4.821462
52.311320	2.835605	1.058303
52.300002	-9.441884	-0.010494
52.288684	-4.948627	-7.633526
52.277366	4.673979	1.969029
52.266048	4.294031	-4.528718
52.254730	-5.322769	7.103350
52.243412	-5.859014	14.123766
52.232094	-6.218584	8.070145
52.220776	-8.173556	3.309978
52.209459	4.423085	1.539668
52.198141	3.504848	0.649830
52.186823	4.198555	2.772049
52.175505	-2.526600	1.710541
52.164187	1.412297	-2.740003
52.152869	-0.838391	4.130677
52.141551	-3.584397	-1.802711
52.130233	-1.841375	-6.408959
52.118915	-5.147953	2.346353
52.107597	-0.940334	-4.922579
52.096280	5.759008	1.278305
52.084962	6.096552	-4.084612
52.073644	4.740352	-3.181535
52.062326	-3.794132	-6.343917
52.051008	-2.961668	-4.226287
52.039690	6.169270	7.233566
52.028372	-2.509636	0.240509
52.017054	-5.780619	4.641329
52.005736	-5.070737	-4.649670
51.994418	-1.021158	-3.968058
51.983101	11.586408	-1.903743
51.971783	3.544116	4.585971
51.960465	-1.794704	-3.463171
51.949147	-2.548077	-7.064517
51.937829	-5.129192	0.813500
51.926511	-1.908930	0.089991
51.915193	2.158280	4.032441
51.903875	6.863683	-10.465277
51.892557	-5.339116	7.604775
51.881239	-6.614650	1.392126
51.869922	15.931809	-2.059497
51.858604	-0.177564	-2.526162
51.847286	0.827546	13.835134
51.835968	4.334422	3.569628
51.824650	-1.506539	-0.069916
51.813332	0.569513	3.688557
51.802014	6.960109	-5.285309
51.790696	-9.900858	4.407918
51.779378	-6.909702	0.189336
51.768061	5.750839	3.220515
51.756743	0.953369	7.475107
51.745425	-6.163593	6.915426
51.734107	-6.594171	-0.935730
51.722789	-3.030758	-6.633065
51.711471	-2.417680	-6.445605
51.700153	0.828732	0.662273
51.688835	0.105578	8.971376
51.677517	1.231840	2.522299
51.666199	-8.124276	-11.297919
51.654882	-2.600517	4.771867
51.643564	1.616725	-4.581052
51.632246	4.942148	3.020616
51.620928	-0.062856	-2.968402
51.609610	5.653265	-2.264465
51.598292	-9.651951	-5.619078
51.586974	1.073898	9.208486
51.575656	-1.950177	-3.587481
51.564338	-5.132321	-3.008943
51.553020	-5.704437	-7.623209
51.541703	-3.757400	-8.498601
51.530385	1.086933	-2.585702
51.519067	1.261331	-7.915526
51.507749	-3.510849	4.041702
51.496431	5.294745	0.392682
51.485113	-6.485142	-2.836757
51.473795	5.323917	-5.948864
51.462477	1.058488	-9.097282
51.451159	5.111513	2.133233
51.439842	-3.758206	0.004280
51.428524	-3.162497	-11.554372
51.417206	-0.581635	2.719061
51.405888	5.100502	16.774508
51.394570	-9.119504	2.286309
51.383252	-7.900325	7.533298
51.371934	-5.405208	8.783116
51.360616	2.102616	1.273310
51.349298	0.703918	-8.000640
51.337980	-3.950604	-2.655675
51.326663	-9.542062	3.148532
51.315345	-3.405933	7.917635
51.304027	6.623308	3.722018
51.292709	6.701293	1.773808
51.281391	1.919590	3.180899
51.270073	2.625753	5.845354
51.258755	-9.389246	-6.987718
51.247437	-0.749532	-5.786537
51.236119	-2.805525	-4.080786
51.224801	-5.498721	7.788620
51.213484	-6.026281	-6.968565
51.202166	3.350569	-6.334954
51.190848	4.486355	3.418298
51.179530	2.227150	0.069819
51.168212	-0.974473	5.179845
51.156894	-0.815683	-0.048141
51.145576	-4.548484	-2.843384
51.134258	-4.783722	1.681071
51.122940	-7.704171	6.038347
51.111623	8.074455	-3.508946
51.100305	-2.231980	-1.147248
51.088987	1.844954	-4.860042
51.077669	0.845637	5.079031
51.066351	-0.701801	5.678444
51.055033	2.624758	4.732799
51.043715	3.676297	5.192598
51.032397	-0.295384	3.127002
51.021079	-2.721382	4.310483
51.009761	0.866018	4.891088
50.998444	1.793759	-1.640481
50.987126	-7.835490	9.152569
50.975808	1.315494	1.737503
50.964490	6.855558	0.841267
50.953172	1.604416	-0.074297
50.941854	-0.242607	-3.676392
50.930536	0.913272	2.249760
50.919218	-3.592724	-1.054805
50.907900	2.672417	2.117507
50.896582	-1.000827	-0.688352
50.885265	2.426642	-0.167203
50.873947	2.087147	-12.659585
50.862629	-6.147182	-7.562978
50.851311	6.734886	-0.617022
50.839993	1.235417	6.701253
50.828675	-0.527777	8.926025
50.817357	-1.501099	0.390495
50.806039	-2.468021	-3.383259
50.794721	-4.940078	-2.490105
50.783403	-0.665638	-0.028959
50.772086	-0.403231	-9.275517
50.760768	0.540052	0.963427
50.749450	-0.474909	-7.074866
50.738132	-0.280920	8.246880
50.726814	-3.622419	-5.592320
50.715496	1.637172	4.967750
50.704178	-2.854001	-4.348342
50.692860	3.155921	-1.207934
50.681542	-2.383453	2.688376
50.670225	4.328309	3.901816
50.658907	2.547524	4.033080
50.647589	-4.847324	-5.108843
50.636271	5.505943	-4.987329
50.624953	1.209412	-6.616446
50.613635	-6.812807	10.316031
50.602317	4.459916	-2.415572
50.590999	-0.817731	1.972112
50.579681	5.040733	-8.452292
50.568363	-11.662798	-4.412332
50.557046	-0.766164	-3.080033
50.545728	8.604609	3.208548
50.534410	-1.204906	-5.707518
50.523092	-3.113796	5.727412
50.511774	3.142730	0.444289
50.500456	-1.929051	5.876093
50.489138	4.117723	12.640831
50.477820	-0.774439	-1.688034
50.466502	-6.951353	-0.168792
50.455184	6.518544	3.908998
50.443867	2.516752	0.595898
50.432549	0.017125	2.742887
50.421231	-5.923239	12.117894
50.409913	5.735090	2.616662
50.398595	1.388423	9.419036
50.387277	4.543279	5.339229
50.375959	-5.224727	-5.525515
50.364641	-5.979374	8.278292
50.353323	-2.784578	9.527970
50.342006	4.423511	4.268453
50.330688	3.002105	-0.337485
50.319370	0.907385	-1.999030
50.308052	-9.863127	10.617701
50.296734	4.300621	1.782908
50.285416	-3.446198	0.446396
50.274098	1.568392	-0.264525
50.262780	4.925291	-2.114244
50.251462	-1.197622	-2.832483
50.240144	2.319553	-8.585827
50.228827	4.542864	-1.076042
50.217509	-11.495076	-3.544948
50.206191	-0.942435	0.726312
50.194873	3.013067	0.074837
50.183555	-4.061466	7.231833
50.172237	-3.292081	6.107329
50.160919	2.094385	0.929252
50.149601	10.094202	-2.059488
50.138283	-3.076499	1.186841
50.126965	-6.723653	-1.230369
50.115648	-0.689200	-1.875405
50.104330	-2.083589	2.589226
50.093012	-4.230900	8.066104
50.081694	0.358469	-5.245708
50.070376	-0.879435	-4.424341
50.059058	-7.360399	0.421782
50.047740	0.936490	9.503447
50.036422	7.744406	-4.877608
50.025104	-7.851409	1.105375
50.013787	-6.526060	-4.714598
50.002469	1.375355	-2.478666
49.991151	-1.676684	1.360305
49.979833	-0.030660	2.238981
49.968515	-1.186847	1.049390
49.957197	-6.413976	3.819626
49.945879	0.406117	4.790697
49.934561	3.188144	-3.366260
49.923243	-6.870104	5.457597
49.911925	-1.916322	-16.371552
49.900608	-2.412966	-4.509454
49.889290	1.942050	4.982735
49.877972	-5.127254	-3.937004
49.866654	1.882226	0.038401
49.855336	4.551609	5.647534
49.844018	-5.041627	2.505656
49.832700	-4.220438	5.836680
49.821382	0.374627	-1.658103
49.810064	8.821742	-2.284442
49.798746	2.723284	0.867741
49.787429	-1.734847	-8.364363
49.776111	4.086787	3.129294
49.764793	-3.701183	3.478718
49.753475	1.592173	10.841148
49.742157	-5.973465	1.304348
49.730839	-2.523456	-0.529384
49.719521	6.858192	4.348828
49.708203	0.096801	-16.702435
49.696885	-0.287023	-7.214736
49.685567	4.614509	1.463335
49.674250	0.071363	1.999012
49.662932	-6.041327	3.616653
49.651614	0.013604	1.580620
49.640296	9.433931	7.500141
49.628978	-4.643777	-1.331354
49.617660	-3.906931	2.034556
49.606342	-8.824071	0.858754
49.595024	-12.173638	-12.013600
49.583706	6.541986	7.070682
49.572389	11.088292	-1.825141
49.561071	1.058305	-7.234110
49.549753	-6.740952	0.694376
49.538435	0.634961	-0.416702
49.527117	9.735627	2.806206
49.515799	-3.663656	1.458882
49.504481	5.797486	2.320257
49.493163	1.007037	-0.740759
49.481845	1.311196	-8.003180
49.470527	0.113509	-0.401988
49.459210	-5.444165	-8.807769
49.447892	0.315103	7.840205
49.436574	-2.371517	6.244270
49.425256	3.361045	1.275342
49.413938	0.196971	7.763162
49.402620	1.309688	-1.265281
49.391302	-4.022434	-5.378655
49.379984	-4.135145	-2.714231
49.368666	-2.759476	-1.258643
49.357348	8.170179	4.952509
49.346031	-4.921862	-2.577518
49.334713	9.655130	-0.195535
49.323395	-3.857475	4.346619
49.312077	1.981865	0.000448
49.300759	-2.900191	7.462084
49.289441	1.759217	-6.187787
49.278123	-1.255814	-1.400275
49.266805	-10.053519	2.489914
49.255487	-6.693580	5.008559
49.244170	4.969250	2.292824
49.232852	-2.025118	0.473843
49.221534	-5.044343	-1.762946
49.210216	1.030029	-7.921412
49.198898	3.637576	-13.171995
49.187580	-2.939302	0.699256
49.176262	-8.831528	3.096871
49.164944	4.631571	-3.583029
49.153626	-5.241096	-4.640014
49.142308	0.539871	7.619402
49.130991	-1.437232	1.845068
49.119673	0.022426	1.229386
49.108355	-1.262700	0.301116
49.097037	-5.550703	7.508653
49.085719	-1.163352	-3.087642
49.074401	-5.407312	0.447960
49.063083	5.799312	6.093070
49.051765	-0.373230	15.604128
49.040447	-0.792624	7.528287
49.029129	3.003509	3.673507
49.017812	0.572315	-0.732102
49.006494	13.449965	-5.549250
48.995176	9.426911	-6.660415
48.983858	-6.067699	-7.598133
48.972540	-2.643976	-8.021813
48.961222	0.781671	10.172256
48.949904	-6.861450	-6.203453
48.938586	1.620491	0.172098
48.927268	1.678621	-1.974774
48.915951	-2.535067	-2.040602
48.904633	-0.180149	-0.482449
48.893315	-1.220601	6.355875
48.881997	1.089995	0.914946
48.870679	-2.353530	2.742755
48.859361	-8.898426	-7.147788
48.848043	-10.050747	-8.287798
48.836725	-4.271642	0.205073
48.825407	7.748392	0.779087
48.814089	-8.625865	2.975383
48.802772	-1.184810	-2.153606
48.791454	-10.885266	0.572273
48.780136	2.004346	-8.681790
48.768818	2.424834	5.249099
48.757500	-9.632928	7.990678
48.746182	-10.348771	-5.783010
48.734864	-9.230563	7.718599
48.723546	-1.143428	-1.999076
48.712228	0.305347	6.223453
48.700910	-8.697291	3.063218
48.689593	-0.717307	0.503930
48.678275	-6.419469	-1.089488
48.666957	-7.454177	0.831061
48.655639	7.899117	-0.958987
48.644321	-9.991467	8.945686
48.633003	3.814748	1.616812
48.621685	1.972711	-6.295158
48.610367	3.426313	-1.786715
48.599049	14.819262	1.414092
48.587731	-3.941880	3.888478
48.576414	4.521969	-5.810226
48.565096	-8.460685	-0.354263
48.553778	0.746774	-2.116782
48.542460	-0.587027	4.160161
48.531142	-4.086115	0.602742
48.519824	5.389478	-9.933550
48.508506	3.598103	2.818217
48.497188	4.540342	-2.134280
48.485870	1.167162	6.060806
48.474553	-9.516560	3.471379
48.463235	-8.865635	-9.554414
48.451917	-7.487625	0.343287
48.440599	-3.917013	3.129262
48.429281	6.907204	5.063740
48.417963	-0.789807	3.115987
48.406645	-1.011516	-7.154789
48.395327	1.865275	-2.895032
48.384009	-0.350723	-5.863929
48.372691	1.262669	3.905240
48.361374	-2.516965	-2.586148
48.350056	0.887523	-3.891986
48.338738	1.323505	-0.613479
48.327420	7.700841	-3.473827
48.316102	6.221883	9.488158
48.304784	-6.374008	6.505721
48.293466	0.848557	0.700305
48.282148	1.774126	-6.006163
48.270830	-5.177910	-0.767372
48.259512	9.723121	1.397193
48.248195	-6.557034	-1.578754
48.236877	9.543605	-3.734043
48.225559	3.690866	-2.626279
48.214241	-3.283968	-1.737602
48.202923	1.426186	5.008540
48.191605	-0.448442	-0.558515
48.180287	-1.091042	1.585279
48.168969	-3.329866	2.714157
48.157651	-9.472606	-6.458041
48.146334	-5.556507	-0.360639
48.135016	-9.315504	-3.709196
48.123698	-2.353316	0.811030
48.112380	-4.021865	1.281243
48.101062	3.837133	-1.233237
48.089744	2.424639	3.352373
48.078426	-0.704415	3.462794
48.067108	12.846130	6.406679
48.055790	0.193632	-1.550778
48.044472	5.749384	-5.019778
48.033155	3.677712	7.116676
48.021837	-0.294805	0.644783
48.010519	-4.883083	3.973391
47.999201	3.502044	4.412161
47.987883	0.710362	-11.486722
47.976565	-0.119982	-1.931159
47.965247	3.561296	0.707434
47.953929	-0.480684	2.425698
47.942611	-2.776082	0.919956
47.931293	-0.923881	-2.673743
47.919976	-6.306395	9.246008
47.908658	0.070114	6.428125
47.897340	-6.347398	-1.256707
47.886022	-11.368745	4.850192
47.874704	-2.336828	-0.793284
47.863386	-4.225882	0.914857
47.852068	7.036522	7.941001
47.840750	6.686425	-2.556362
47.829432	-2.586575	-3.158545
47.818115	-1.765789	-8.955739
47.806797	-5.988831	-2.756377
47.795479	-10.411515	4.735462
47.784161	-1.444258	4.030411
47.772843	-8.768868	1.528097
47.761525	-0.643529	-9.732317
47.750207	-3.339603	-0.010545
47.738889	-3.481088	-2.635660
47.727571	4.375202	7.138904
47.716253	-0.306629	3.806094
47.704936	4.777494	-1.458426
47.693618	6.451903	-7.484675
47.682300	-1.015345	11.086065
47.670982	-4.186428	-1.840194
47.659664	-7.223474	1.092612
47.648346	-9.983212	-3.781810
47.637028	-2.084791	-3.324070
47.625710	0.290617	-1.783767
47.614392	8.379423	-4.401606
47.603074	7.545590	2.490807
47.591757	-7.016609	-0.593824
47.580439	1.613697	7.602929
47.569121	7.006969	3.520319
47.557803	10.909469	-3.157308
47.546485	-1.050691	2.481379
47.535167	2.710638	-2.351549
47.523849	0.239249	-2.234705
47.512531	-6.369074	2.535844
47.501213	-1.131467	-1.274202
47.489895	-0.854932	4.459463
47.478578	2.658622	5.823407
47.467260	3.400626	7.538011
47.455942	-8.855124	1.061364
47.444624	8.053658	5.432277
47.433306	-7.814600	-0.181362
47.421988	0.217829	-4.756549
47.410670	0.907820	7.610078
47.399352	7.167154	-5.523210
47.388034	10.952485	9.888151
47.376717	-2.524850	-3.029632
47.365399	-3.208248	-1.768216
47.354081	-1.794779	1.696563
47.342763	6.504371	-8.110614
47.331445	2.590033	-0.687598
47.320127	0.330474	2.627445
47.308809	9.611982	-4.772049
47.297491	-7.295933	-1.699706
47.286173	-11.748862	-1.389461
47.274855	-3.819976	2.062767
47.263538	3.387009	1.192803
47.252220	-4.553182	-3.323115
47.240902	-2.800158	3.988348
47.229584	2.235425	-16.941004
47.218266	1.872747	5.448625
47.206948	-6.096383	1.989663
47.195630	-2.722354	-0.280805
47.184312	2.035711	3.353082
47.172994	1.744540	-9.355547
47.161676	-3.206873	2.629229
47.150359	-5.153964	-9.171948
47.139041	-10.614877	2.439035
47.127723	-2.884568	-2.845802
47.116405	-0.556991	3.506875
47.105087	-3.070289	9.670865
47.093769	-3.071011	2.995016
47.082451	-7.293872	-0.134221
47.071133	5.729438	4.316002
47.059815	1.149325	4.414728
47.048498	0.129119	9.047792
47.037180	-3.027964	-7.396835
47.025862	-6.368696	-2.853096
47.014544	1.646996	-6.046946
47.003226	-4.881039	-1.228190
46.991908	-6.944609	3.379901
46.980590	-5.666690	-0.069379
46.969272	0.353128	-3.013231
46.957954	-0.416469	1.715758
46.946636	-7.638345	-1.963438
46.935319	-6.628798	2.044324
46.924001	-6.991860	3.056182
46.912683	-9.517870	0.192179
46.901365	-0.341354	2.006615
46.890047	0.906694	-14.126010
46.878729	5.474256	13.695813
46.867411	0.162061	-0.358547
46.856093	1.578151	-11.738345
46.844775	2.658726	1.625957
46.833457	3.032372	3.885939
46.822140	8.374560	4.486416
46.810822	5.744392	-9.806591
46.799504	-5.619435	-7.578389
46.788186	-2.469963	0.804019
46.776868	0.734629	-0.020964
46.765550	-4.532265	6.432607
46.754232	-3.678230	-1.503938
46.742914	0.427239	-2.017980
46.731596	-15.301167	1.124244
46.720279	6.807366	-1.589332
46.708961	3.395923	4.727445
46.697643	-5.232294	-8.376302
46.686325	-6.236421	3.622180
46.675007	-2.206686	3.263508
46.663689	8.457157	3.349738
46.652371	-3.100551	5.112630
46.641053	-14.335600	-6.103290
46.629735	0.697151	4.085575
46.618417	-4.077862	-2.886307
46.607100	-8.326478	13.790001
46.595782	-2.427719	-0.209626
46.584464	-16.201433	3.475581
46.573146	-0.220491	0.716411
46.561828	4.899962	-0.322445
46.550510	-8.200979	9.867042
46.539192	8.009346	-2.157101
46.527874	-9.761156	-3.370299
46.516556	-1.673028	-10.557552
46.505238	-12.047789	-0.844931
46.493921	3.139060	-1.894142
46.482603	-3.317065	7.700767
46.471285	-11.133088	5.121954
46.459967	0.913900	-5.706068
46.448649	-0.266397	-7.373994
46.437331	-1.250793	-3.723863
46.426013	9.637500	3.018448
46.414695	-8.702701	-0.619848
46.403377	-1.411995	-7.592164
46.392059	-3.221847	0.255240
46.380742	-10.446443	-3.214590
46.369424	2.119337	-7.418131
46.358106	-2.971517	5.249459
46.346788	6.502572	-4.169835
46.335470	-0.497069	-6.514129
46.324152	-0.887460	-1.930786
46.312834	-1.487629	-4.004303
46.301516	1.026122	-3.485562
46.290198	-0.042500	-2.318313
46.278881	5.341547	1.467041
46.267563	9.178740	1.426655
46.256245	-1.678009	1.496285
46.244927	1.718898	6.501276
46.233609	-7.343336	3.791688
46.222291	-4.825255	7.129299
46.210973	2.974584	-10.778816
46.199655	3.097491	6.729780
46.188337	-2.625348	-2.694458
46.177019	-2.273711	3.996766
46.165702	-7.049826	-7.482614
46.154384	-3.893523	-6.693995
46.143066	-3.512506	0.433752
46.131748	-4.758878	2.181958
46.120430	1.765637	1.981775
46.109112	-15.662466	8.975004
46.097794	0.999878	3.445597
46.086476	-3.573644	3.432759
46.075158	2.297884	-8.010407
46.063840	-2.869374	3.005728
46.052523	-0.740708	6.725460
46.041205	4.856656	-7.076000
46.029887	-9.621429	9.295805
46.018569	-2.296443	2.812258
46.007251	2.476356	0.614487
45.995933	-13.742945	3.395095
45.984615	-5.844189	-7.207535
45.973297	-3.715641	-1.622763
45.961979	-4.188814	-10.565500
45.950662	0.189282	0.085085
45.939344	-5.021070	-4.681226
45.928026	2.504288	-4.528375
45.916708	-8.596985	-0.166236
45.905390	-3.597126	-2.605244
45.894072	0.329176	5.352258
45.882754	1.023604	-1.165632
45.871436	-0.227532	4.421340
45.860118	3.116991	1.711069
45.848800	6.629374	8.863284
45.837483	-9.575643	7.981623
45.826165	1.776459	-2.016675
45.814847	1.936583	0.944675
45.803529	-0.364830	1.172747
45.792211	-2.587934	1.388580
45.780893	-3.051409	11.009563
45.769575	0.735155	-8.529138
45.758257	7.039682	-6.213041
45.746939	2.923406	0.921423
45.735621	-1.788975	-3.077178
45.724304	2.567489	7.464687
45.712986	-7.630211	-3.700376
45.701668	-0.435682	-5.242193
45.690350	4.602480	4.119941
45.679032	0.469172	1.259379
45.667714	-0.827903	5.943477
45.656396	-4.454720	-3.474198
45.645078	-6.662452	-6.041252
45.633760	10.244008	1.319291
45.622442	-8.012568	-2.028025
45.611125	1.926619	8.542296
45.599807	1.730244	2.473257
45.588489	-1.314749	-8.031306
45.577171	-0.718943	-2.112647
45.565853	1.064080	-3.072038
45.554535	3.318458	2.595397
45.543217	0.865694	-5.420155
45.531899	2.823389	4.621570
45.520581	-1.045960	5.256108
45.509264	8.406839	-0.256260
45.497946	-3.857063	9.845858
45.486628	-4.164937	-5.401629
45.475310	-3.185775	3.450859
45.463992	-5.686637	13.197123
45.452674	0.995978	-4.772863
45.441356	3.764197	-3.218698
45.430038	-5.944593	6.164088
45.418720	4.772686	2.711488
45.407402	0.162855	2.490563
45.396085	0.953874	-2.748162
45.384767	-8.151400	4.444613
45.373449	-3.046451	-0.037251
45.362131	-6.671896	0.512796
45.350813	-2.831399	4.761319
45.339495	9.764615	5.697866
45.328177	1.384997	2.978423
45.316859	2.222210	-3.106931
45.305541	3.967958	-2.162456
45.294223	7.054406	9.329011
45.282906	2.726331	-3.988412
45.271588	3.765541	6.417395
45.260270	2.138928	-7.216185
45.248952	12.460826	4.640413
45.237634	-6.354511	-0.492221
45.226316	0.524818	-11.956950
45.214998	0.143147	10.363707
45.203680	-6.701431	-0.723885
45.192362	-0.594434	-2.367229
45.181045	-2.987099	-0.311183
45.169727	-3.600090	-7.433986
45.158409	-1.188901	4.994291
45.147091	-12.677794	-1.673660
45.135773	-8.933028	-5.197006
45.124455	-9.877413	1.308041
45.113137	4.262468	-4.373990
45.101819	1.835242	6.800809
45.090501	-7.876111	-1.306619
45.079183	2.852068	-1.029467
45.067866	-4.992101	-1.257201
45.056548	-4.535357	-3.709098
45.045230	1.794004	5.609166
45.033912	9.496070	-2.396402
45.022594	-5.177591	-1.610289
45.011276	-5.905302	6.081212
44.999958	3.486481	-2.881055
44.988640	1.237523	-0.748854
44.977322	-0.812244	-7.480524
44.966004	6.077460	7.112929
44.954687	4.027750	6.082863
44.943369	2.805375	-1.132101
44.932051	3.124049	4.986011
44.920733	-2.071505	9.080040
44.909415	-5.179900	3.298355
44.898097	2.747786	7.386117
44.886779	6.837162	-2.063231
44.875461	8.126459	-4.662423
44.864143	1.061077	-0.506458
44.852826	-7.491019	-1.902684
44.841508	4.580390	3.322734
44.830190	-3.973905	2.165245
44.818872	-4.071250	-1.655580
44.807554	-7.462124	0.213213
44.796236	9.863906	-3.094836
44.784918	4.184286	-10.154218
44.773600	4.979954	-8.411942
44.762282	-2.409010	2.570985
44.750964	-6.996097	0.699166
44.739647	4.179607	-4.660062
44.728329	-3.361640	3.721614
44.717011	6.454119	1.200086
44.705693	7.460181	6.191732
44.694375	-0.513723	3.195947
44.683057	7.861506	5.499957
44.671739	-3.047417	7.559425
44.660421	3.814760	-17.824760
44.649103	6.675228	9.408291
44.637785	-9.693657	4.076251
44.626468	2.107528	-5.195982
44.615150	-6.308309	-2.829156
44.603832	-1.995872	1.387754
44.592514	1.359492	1.688634
44.581196	-1.290363	1.346089
44.569878	-0.267788	4.923062
44.558560	-9.217258	3.617020
44.547242	1.858232	1.430185
44.535924	13.136824	-3.732097
44.524606	-12.350131	-2.122159
44.513289	-3.006011	-0.279663
44.501971	-8.079619	-0.611669
44.490653	0.558778	5.243237
44.479335	9.538846	7.749186
44.468017	0.144398	1.768592
44.456699	1.311016	-9.436026
44.445381	-8.937318	0.084636
44.434063	7.461928	5.479576
44.422745	-7.267147	5.517295
44.411428	3.669993	3.598867
44.400110	-1.579214	0.853715
44.388792	-2.845297	4.027565
44.377474	0.704046	-3.890579
44.366156	9.210153	-5.414570
44.354838	4.383668	-2.916772
44.343520	-2.345976	-3.827373
44.332202	-8.231055	5.530062
44.320884	2.855983	8.988884
44.309566	2.854682	-1.977337
44.298249	-4.255908	-6.202600
44.286931	-4.306541	-1.657331
44.275613	-7.556178	3.835317
44.264295	0.635244	7.033232
44.252977	4.608894	6.268061
44.241659	-6.461746	-3.256845
44.230341	0.202118	-7.157216
44.219023	4.490453	2.051275
44.207705	9.792283	0.678408
44.196387	-3.342304	-2.546564
44.185070	-1.810727	-2.147856
44.173752	8.659995	5.863960
44.162434	-11.189234	-6.877120
44.151116	5.043973	1.532801
44.139798	-6.191498	-5.829176
44.128480	3.860579	10.826866
44.117162	11.617681	2.174294
44.105844	-11.069520	-1.464964
44.094526	0.864882	-5.904987
44.083209	-0.582065	-0.410311
44.071891	-13.530377	-10.221472
44.060573	-6.224283	4.189299
44.049255	-5.901308	2.667066
44.037937	1.466397	-6.056873
44.026619	4.620002	-2.162812
44.015301	-1.909929	-3.552920
44.003983	3.906981	5.751273
43.992665	0.060060	4.310073
43.981347	-7.265544	-2.835635
43.970030	-9.675165	5.999008
43.958712	-1.115512	-0.554194
43.947394	5.092986	4.724685
43.936076	4.728089	-5.582395
43.924758	-0.406377	-2.614033
43.913440	-5.708557	-1.585008
43.902122	-2.996683	0.875082
43.890804	0.060605	11.906030
43.879486	-7.624403	2.082503
43.868168	-3.755330	-11.554214
43.856851	3.993713	1.669171
43.845533	2.638915	-6.898059
43.834215	-0.791547	0.652259
43.822897	-4.879648	-4.646834
43.811579	4.187790	-1.360235
43.800261	0.206812	3.336353
43.788943	8.011666	-5.183870
43.777625	-0.352122	1.877754
43.766307	1.823893	3.911195
43.754990	-1.599353	-8.868015
43.743672	-0.962431	-2.932889
43.732354	-0.472032	0.661133
43.721036	0.417904	-1.431484
43.709718	-2.975618	-1.760028
43.698400	8.469031	5.159684
43.687082	-8.565900	3.802058
43.675764	-4.881030	3.017688
43.664446	2.816224	1.276920
43.653128	-4.721241	-7.202476
43.641811	1.396123	-8.560543
43.630493	-7.556036	-5.803753
43.619175	2.228457	-10.868662
43.607857	0.660771	2.817888
43.596539	-7.193220	1.927156
43.585221	-8.824354	-4.217700
43.573903	-0.942828	-4.183754
43.562585	13.514805	7.212374
43.551267	-3.980297	6.148480
43.539949	-0.106810	-9.628888
43.528632	3.750429	2.562402
43.517314	5.124240	-1.787563
43.505996	1.444711	7.685421
43.494678	-4.035062	6.915440
43.483360	-1.127672	-4.025311
43.472042	7.038240	-0.315013
43.460724	0.439719	-6.539830
43.449406	-2.717423	-4.361495
43.438088	-1.787644	-1.683424
43.426770	-6.136934	-1.054073
43.415453	10.769640	10.998598
43.404135	0.624305	2.118428
43.392817	9.768797	-2.182203
43.381499	-7.443479	-2.307576
43.370181	-2.530263	-3.110976
43.358863	-6.325284	-4.601204
43.347545	0.618918	3.307106
43.336227	0.447066	2.704333
43.324909	1.466294	-0.949562
43.313592	-14.556846	-7.100941
43.302274	2.609477	-0.890555
43.290956	3.442207	-4.683760
43.279638	-2.184989	-8.462185
43.268320	6.858591	4.126448
43.257002	-3.188622	0.460407
43.245684	-2.992043	2.279787
43.234366	-5.493128	5.547952
43.223048	-9.724456	-2.111377
43.211730	1.785599	1.818736
43.200413	-6.027292	-8.431911
43.189095	-4.175719	4.713616
43.177777	-6.060768	-6.227126
43.166459	-3.145530	6.305858
43.155141	3.436076	0.521826
43.143823	0.826718	4.779802
43.132505	-1.389092	-3.308627
43.121187	3.258951	-5.473758
43.109869	1.368599	-1.673630
43.098551	5.685690	8.968563
43.087234	0.952506	1.564524
43.075916	1.031928	-1.466775
43.064598	-0.949253	-4.198493
43.053280	-3.207370	-4.933020
43.041962	-2.360067	1.022123
43.030644	-4.445940	-0.457248
43.019326	-7.376800	-0.523690
43.008008	2.946954	3.074047
42.996690	4.332666	-3.355713
42.985373	-4.558766	-0.414589
42.974055	-4.690205	-9.362808
42.962737	-5.173971	-0.303805
42.951419	-7.478427	-3.467261
42.940101	2.155560	-8.965421
42.928783	1.744125	2.856950
42.917465	3.324460	5.369390
42.906147	-3.140413	2.040827
42.894829	1.440817	3.214540
42.883511	3.169356	-0.322750
42.872194	1.096448	1.440501
42.860876	-3.252644	3.083727
42.849558	0.950751	6.318666
42.838240	-3.117956	-7.900117
42.826922	-0.108219	-0.957323
42.815604	-4.758858	-7.098032
42.804286	1.023755	-6.927716
42.792968	12.196674	3.892114
42.781650	-1.722791	-1.437011
42.770332	-0.890060	0.568432
42.759015	7.803704	6.361067
42.747697	2.789727	-8.050482
42.736379	0.876481	-1.405614
42.725061	-3.051591	2.656991
42.713743	0.235613	-4.535730
42.702425	9.249089	3.334637
42.691107	-2.126239	-2.841970
42.679789	2.818286	2.208130
42.668471	4.743486	4.308787
42.657154	3.035292	-7.790485
42.645836	-1.688138	3.984000
42.634518	4.547230	6.856553
42.623200	-0.563991	3.089020
42.611882	5.640394	-4.344421
42.600564	1.504463	1.200440
42.589246	-4.483450	4.229173
42.577928	-2.954988	5.675710
42.566610	-4.254807	6.280964
42.555292	0.620335	-2.224421
42.543975	1.742086	3.368171
42.532657	-0.777408	1.552416
42.521339	1.857391	3.542587
42.510021	-5.330408	3.260262
42.498703	-10.270747	-2.606550
42.487385	-0.010267	2.877339
42.476067	0.422491	3.031697
42.464749	7.920532	-5.875346
42.453431	-2.334652	7.606955
42.442113	-2.805134	-3.053354
42.430796	-3.600403	-6.939424
42.419478	-10.695258	-6.129729
42.408160	3.845847	0.074109
42.396842	-2.464450	-3.254250
42.385524	-3.725130	4.227918
42.374206	0.105582	3.757065
42.362888	-0.016319	-5.438104
42.351570	-7.121614	-0.643239
42.340252	2.399281	-0.308528
42.328934	5.140640	3.150619
42.317617	-0.785702	-3.171487
42.306299	2.843599	3.163999
42.294981	4.065000	1.800445
42.283663	3.199462	5.337995
42.272345	-4.392184	4.343924
42.261027	-1.023688	-6.373982
42.249709	-4.319368	3.542397
42.238391	-4.448610	2.149633
42.227073	-1.649796	6.870494
42.215756	-4.161455	2.393611
42.204438	6.244122	-2.329175
42.193120	2.666344	4.498961
42.181802	6.563566	3.542443
42.170484	-6.743905	-4.114834
42.159166	5.883545	-1.731080
42.147848	1.533783	-1.439610
42.136530	3.121421	-4.561862
42.125212	-8.907376	-6.170740
42.113894	9.140852	6.790761
42.102577	-4.961549	2.974833
42.091259	7.222300	-6.533494
42.079941	8.806242	3.014831
42.068623	-9.489022	-3.145212
42.057305	-2.926445	-0.166835
42.045987	-5.598964	6.313483
42.034669	-6.767093	-11.995704
42.023351	-2.621972	-2.465729
42.012033	-5.379741	-4.404560
42.000715	-9.554178	2.388576
41.989398	1.522517	-2.048451
41.978080	4.445577	0.225388
41.966762	-8.128614	5.400577
41.955444	4.651605	-4.082911
41.944126	-0.001049	-3.161453
41.932808	0.807804	-3.233718
41.921490	-0.319718	-6.576006
41.910172	-1.795434	11.520895
41.898854	3.063278	8.009705
41.887537	-3.094356	-3.476022
41.876219	-1.646424	-0.462012
41.864901	4.533250	0.951745
41.853583	-1.282152	1.257102
41.842265	1.538488	-8.841581
41.830947	-2.428343	7.492939
41.819629	-1.060680	1.168190
41.808311	0.511450	-10.613168
41.796993	-3.490343	4.592440
41.785675	3.498796	-4.915910
41.774358	-6.228175	4.687213
41.763040	-5.531844	-6.024591
41.751722	-6.514683	5.105363
41.740404	-0.073928	3.892452
41.729086	0.808800	1.027022
41.717768	0.680790	11.697012
41.706450	-6.874388	-3.901476
41.695132	4.910359	-3.819916
41.683814	-2.632857	6.111050
41.672496	-0.291192	4.173573
41.661179	-5.057881	2.106206
41.649861	0.046556	-3.103719
41.638543	3.404477	1.247790
41.627225	6.335030	1.570653
41.615907	8.153781	2.837215
41.604589	3.490905	2.367228
41.593271	-9.128973	-5.329731
41.581953	5.751858	-3.028303
41.570635	2.324274	0.174646
41.559318	3.440072	7.288449
41.548000	0.613693	2.898369
41.536682	-1.021310	2.933432
41.525364	4.491762	11.261846
41.514046	-3.924776	10.387362
41.502728	-3.906861	7.024016
41.491410	1.322563	-5.598348
41.480092	-1.700538	-5.484262
41.468774	0.193916	2.012554
41.457456	6.213641	1.591630
41.446139	-0.168591	1.611126
41.434821	5.056026	1.936082
41.423503	-11.822046	-0.457879
41.412185	-1.710528	3.716979
41.400867	-6.490845	2.591614
41.389549	-2.610293	-0.317929
41.378231	-7.594142	3.924206
41.366913	-6.420482	5.504817
41.355595	5.937195	0.370434
41.344277	-1.015121	6.787519
41.332960	4.455360	1.609916
41.321642	-9.981531	1.914944
41.310324	-5.276700	-0.639041
41.299006	-4.884094	-1.391586
41.287688	-6.116331	2.364568
41.276370	-0.282994	1.611197
41.265052	-3.407127	2.495410
41.253734	-6.147008	-0.801457
41.242416	0.009386	-5.567585
41.231098	-2.414145	2.286481
41.219781	-2.651756	-2.155400
41.208463	-0.729581	7.314978
41.197145	0.042241	0.338828
41.185827	6.470440	-2.739989
41.174509	-0.854183	-2.425077
41.163191	-0.859174	-0.502314
41.151873	1.548231	9.493191
41.140555	0.768578	-1.364555
41.129237	7.032918	-4.898883
41.117920	10.911560	1.456945
41.106602	-8.312680	-6.073360
41.095284	0.350174	8.913218
41.083966	-0.587930	7.732461
41.072648	1.608864	-1.076026
41.061330	3.005907	-6.354198
41.050012	7.056990	0.718264
41.038694	6.205521	0.042774
41.027376	4.963736	9.632151
41.016058	3.631706	-3.291260
41.004741	-1.727544	-0.450617
40.993423	7.326331	10.660753
40.982105	-7.917333	-4.704524
40.970787	-4.496354	-2.568946
40.959469	-3.921955	0.126598
40.948151	-6.315451	-3.761372
40.936833	1.023159	-0.405080
40.925515	4.969403	2.207105
40.914197	-4.710721	-6.714440
40.902879	0.208996	-2.759286
40.891562	-4.915467	2.715582
40.880244	5.271255	-1.061916
40.868926	-2.335026	11.261493
40.857608	2.264101	-4.722437
40.846290	-3.458501	11.278340
40.834972	-0.596773	-0.419359
40.823654	-3.236934	-2.127351
40.812336	-1.299248	1.610964
40.801018	-8.614743	-1.436600
40.789701	-10.388347	1.723613
40.778383	6.262547	-8.981709
40.767065	-4.277866	-3.070169
40.755747	2.336971	-5.414580
40.744429	-1.285890	-1.891844
40.733111	0.189281	2.275859
40.721793	-0.398546	2.004711
40.710475	11.233752	-0.757275
40.699157	-8.544543	6.312950
40.687839	1.037679	2.091284
40.676522	-1.359322	2.662459
40.665204	-2.900947	1.216058
40.653886	5.570482	0.311353
40.642568	0.528345	-3.857346
40.631250	4.765851	-0.237861
40.619932	-9.745353	4.889803
40.608614	-4.297784	-12.683887
40.597296	0.474351	-5.627312
40.585978	0.595055	-1.148088
40.574660	4.315614	2.691614
40.563343	-11.120551	5.212656
40.552025	2.323637	4.729998
40.540707	9.770474	-3.134344
40.529389	-2.388144	12.416851
40.518071	-1.840194	-13.278276
40.506753	5.570363	4.785121
40.495435	4.305120	-9.009313
40.484117	8.035959	4.329594
40.472799	12.370134	5.537374
40.461482	0.643097	7.990732
40.450164	1.859018	9.523073
40.438846	-0.762713	-2.416666
40.427528	0.966387	0.474726
40.416210	8.283815	2.927375
40.404892	2.695640	2.244969
40.393574	0.291241	5.070205
40.382256	-6.500383	-3.059662
40.370938	10.782008	0.665133
40.359620	-7.114368	9.492604
40.348303	-4.577493	1.790236
40.336985	-0.948757	8.734657
40.325667	2.538540	0.135786
40.314349	4.577418	-5.587499
40.303031	-6.486899	-1.722173
40.291713	-3.086330	-0.009229
40.280395	-3.319697	0.432175
40.269077	-5.263743	-0.457334
40.257759	3.898392	9.278733
40.246441	-9.543433	1.638868
40.235124	-3.140218	-7.274828
40.223806	-6.396813	3.538099
40.212488	-0.028516	3.060734
40.201170	-7.631815	0.168360
40.189852	-1.082468	4.005037
40.178534	2.433346	-4.880816
40.167216	11.510879	0.047781
40.155898	3.124068	-10.427631
40.144580	6.230166	2.027549
40.133262	-1.822051	-0.117764
40.121945	1.795595	-11.206001
40.110627	-16.309364	6.718625
40.099309	-5.929924	1.924121
40.087991	-4.743449	-2.122651
40.076673	-10.295853	4.249702
40.065355	7.609556	-3.284016
40.054037	7.865829	4.988219
40.042719	-1.389875	-4.537671
40.031401	-0.346874	11.635461
40.020084	-0.840044	-1.670526
40.008766	-0.264192	-4.894900
39.997448	-6.572836	-0.610220
39.986130	-0.924414	-4.354805
39.974812	-1.181696	-15.828348
39.963494	-3.937337	-1.881496
39.952176	-8.377927	6.258732
39.940858	-1.231872	2.303883
39.929540	-5.233217	3.380256
39.918222	0.464111	-3.375778
39.906905	3.537122	-10.269520
39.895587	-1.238441	4.294788
39.884269	0.633059	7.409155
39.872951	13.326733	-3.883888
39.861633	-3.061578	0.403897
39.850315	-7.392622	-0.931945
39.838997	11.967227	-2.138505
39.827679	2.259941	6.744647
39.816361	-2.377828	2.452521
39.805043	4.865988	-0.857706
39.793726	-7.274760	4.945235
39.782408	5.995468	-6.395607
39.771090	-2.658672	6.398660
39.759772	-8.006185	7.318648
39.748454	-2.645112	-2.250895
39.737136	-2.529171	1.963381
39.725818	7.641555	1.061250
39.714500	-3.045318	0.182471
39.703182	-0.605496	1.291776
39.691865	-7.498753	-5.749971
39.680547	-4.848403	3.894186
39.669229	-5.506004	-0.981387
39.657911	0.686501	4.440383
39.646593	-3.695419	2.820754
39.635275	0.618422	-2.274829
39.623957	-0.766261	-7.593276
39.612639	3.935701	-0.203683
39.601321	-0.731936	-2.117076
39.590003	-10.866071	5.716192
39.578686	-10.109264	-4.214080
39.567368	-4.357608	3.188074
39.556050	1.294930	-6.924269
39.544732	-8.874802	4.293121
39.533414	0.337092	-0.207094
39.522096	-4.764410	-4.292973
39.510778	5.340700	3.779124
39.499460	1.066191	-0.497460
39.488142	-1.327055	6.497605
39.476824	-2.786117	-8.293358
39.465507	6.027568	4.723899
39.454189	7.272916	-0.237218
39.442871	-1.528651	3.629553
39.431553	-1.703253	-7.214898
39.420235	-0.707658	-4.884738
39.408917	-0.348689	-2.733085
39.397599	0.285478	0.312110
39.386281	8.099704	7.715364
39.374963	-1.846011	-2.251198
39.363646	7.631991	-3.215571
39.352328	-2.469660	-1.110181
39.341010	12.003752	-0.822815
39.329692	4.576480	-3.723864
39.318374	1.313786	-4.717803
39.307056	2.354399	1.423551
39.295738	-5.918904	5.580052
39.284420	-4.840886	2.288713
39.273102	0.836455	2.266781
39.261784	1.749721	3.999095
39.250467	2.862328	1.667682
39.239149	0.492426	1.277380
39.227831	0.457497	1.218213
39.216513	-3.864485	7.385190
39.205195	1.888912	-0.223375
39.193877	-1.189208	7.220391
39.182559	-3.196336	5.284392
39.171241	-7.793792	-5.371987
39.159923	0.413662	-11.415525
39.148605	-2.369154	-0.480074
39.137288	-4.549480	-3.044152
39.125970	0.908122	3.163104
39.114652	-8.181264	-3.450284
39.103334	-4.381794	-1.440363
39.092016	-7.377820	-8.939457
39.080698	-1.500455	5.370415
39.069380	2.027314	6.888333
39.058062	-6.360245	-1.171278
39.046744	-1.783496	3.079383
39.035426	4.103812	12.318190
39.024109	-7.495922	-2.304730
39.012791	-1.934350	1.893090
39.001473	-3.534529	-3.207329
38.990155	-3.494339	-0.047890
38.978837	4.494302	3.880609
38.967519	0.814394	-3.918299
38.956201	-0.031260	1.154471
38.944883	-3.451062	2.658034
38.933565	3.152269	-8.826033
38.922248	-0.282539	3.493060
38.910930	-2.715564	1.828130
38.899612	-3.354156	3.683093
38.888294	3.644550	-1.366746
38.876976	-3.735357	-2.377512
38.865658	-4.878379	0.848013
38.854340	1.134233	-11.716667
38.843022	3.175348	12.093204
38.831704	-5.753321	-13.245748
38.820386	-0.987614	-1.820692
38.809069	-1.687249	10.516626
38.797751	-4.962901	1.969852
38.786433	5.576515	3.437614
38.775115	-4.378527	-3.262925
38.763797	5.597334	-3.562910
38.752479	0.291568	1.457147
38.741161	5.929041	0.500061
38.729843	-3.115189	8.242504
38.718525	-1.058303	3.141425
38.707207	5.219979	5.072562
38.695890	-4.296214	4.789977
38.684572	4.101078	2.585968
38.673254	2.035105	8.861612
38.661936	-10.926040	0.235137
38.650618	-2.995317	1.676814
38.639300	-0.439832	0.770813
38.627982	5.669573	-1.208969
38.616664	6.661208	10.789268
38.605346	-6.944879	-3.356743
38.594029	4.816781	1.117613
38.582711	-8.680964	-1.097299
38.571393	4.062356	0.386767
38.560075	4.151948	1.185935
38.548757	8.988782	5.147178
38.537439	2.281299	6.587112
38.526121	-4.256779	-6.331495
38.514803	-1.617852	2.946613
38.503485	7.174869	-1.508113
38.492167	-4.490421	-3.258039
38.480850	-2.714816	-9.621517
38.469532	3.688244	5.766003
38.458214	2.747529	-11.881868
38.446896	-7.249281	2.516687
38.435578	10.946226	6.462351
38.424260	-1.977429	-4.354051
38.412942	4.146819	-0.885645
38.401624	1.932317	0.707969
38.390306	1.344754	2.020782
38.378988	3.209189	1.831994
38.367671	4.301307	-0.075990
38.356353	-1.397918	4.314286
38.345035	0.004752	5.473125
38.333717	0.225763	5.849092
38.322399	-4.999043	-4.924862
38.311081	5.029650	-10.677149
38.299763	-6.403733	-4.462590
38.288445	3.826237	-6.379623
38.277127	-9.781008	9.510906
38.265809	1.996702	-4.392004
38.254492	-2.709660	7.301545
38.243174	-7.607434	3.576551
38.231856	5.693073	-7.523249
38.220538	-4.098575	8.733012
38.209220	-1.939486	-4.727993
38.197902	5.046122	0.467788
38.186584	-11.620776	-8.800444
38.175266	-3.357009	-3.179343
38.163948	-3.368943	3.538113
38.152631	-0.992428	7.478435
38.141313	-4.133879	1.797716
38.129995	-4.346727	-2.057056
38.118677	1.180352	-1.111843
38.107359	10.048771	-5.123015
38.096041	0.817073	1.236382
38.084723	-2.276236	-1.307299
38.073405	12.003002	-2.583908
38.062087	0.903357	-6.165582
38.050769	7.438137	-0.069858
38.039452	2.868761	-4.378922
38.028134	-8.527263	-4.548249
38.016816	-10.645428	-7.551169
38.005498	1.569358	0.460902
37.994180	-2.742397	9.146134
37.982862	-6.005060	-4.879218
37.971544	-13.527389	-5.845648
37.960226	6.309328	6.241780
37.948908	2.561279	-1.470402
37.937590	1.864470	-5.594248
37.926273	2.111351	-1.492178
37.914955	15.766875	-0.053808
37.903637	2.012308	-1.208010
37.892319	-1.428803	-8.050803
37.881001	-6.534654	6.726428
37.869683	7.264525	2.639140
37.858365	0.555556	0.590780
37.847047	-2.999681	-5.046078
37.835729	4.346352	9.036166
37.824412	0.199994	3.915498
37.813094	-8.516283	-2.092210
37.801776	10.499751	-0.317766
37.790458	7.509820	-8.050106
37.779140	-3.788104	8.792196
37.767822	-0.075257	2.811485
37.756504	7.423796	1.408722
37.745186	1.480608	-5.893094
37.733868	-6.999407	-0.874084
37.722550	-2.233282	8.214146
37.711233	4.993878	8.064834
37.699915	-6.484587	-3.299759
37.688597	-2.994070	13.932293
37.677279	0.280237	-3.024247
37.665961	-0.875611	7.633411
37.654643	-2.559265	5.696461
37.643325	2.799116	-1.036216
37.632007	-0.653291	-1.175360
37.620689	-4.347346	-5.529819
37.609371	9.003477	3.308736
37.598054	-4.280869	5.938630
37.586736	9.943786	-7.367277
37.575418	1.601448	2.657096
37.564100	-0.594123	-6.771368
37.552782	-0.615964	-1.101320
37.541464	-8.385703	6.784387
37.530146	-2.707987	-6.993625
37.518828	6.770485	1.597378
37.507510	0.186291	-7.802118
37.496193	3.209050	-6.554717
37.484875	-0.088142	5.735864
37.473557	-1.299152	3.213887
37.462239	-4.550806	-2.964627
37.450921	3.978132	3.763601
37.439603	6.937426	0.666779
37.428285	-4.124331	3.519943
37.416967	2.983003	-4.058063
37.405649	-1.169230	1.008701
37.394331	-2.379325	-4.411966
37.383014	9.606908	-5.563012
37.371696	-1.669980	-3.510396
37.360378	5.612151	11.219964
37.349060	-0.935955	2.399231
37.337742	-6.597826	0.153291
37.326424	5.935277	-1.379213
37.315106	-5.172666	4.268554
37.303788	-6.227395	-7.911161
37.292470	-11.837461	9.386724
37.281152	-5.959477	4.517482
37.269835	3.232306	3.451255
37.258517	-2.828172	8.166622
37.247199	-3.424825	-3.340544
37.235881	0.879620	10.881469
37.224563	1.970225	-1.336866
37.213245	-4.275949	-5.240547
37.201927	-5.076792	-11.398031
37.190609	3.265349	3.154205
37.179291	-3.489589	3.519825
37.167973	2.671401	-3.056932
37.156656	6.367521	-0.243389
37.145338	-8.060855	-0.801380
37.134020	-4.921733	-2.728286
37.122702	1.063694	-2.822196
37.111384	1.416135	-11.327923
37.100066	0.353715	-3.712659
37.088748	-4.670780	4.881403
37.077430	0.170285	-3.719997
37.066112	-5.978230	6.741747
37.054795	2.631981	2.381772
37.043477	5.253203	-7.704594
37.032159	4.412003	9.449571
37.020841	-3.915369	3.437464
37.009523	-5.646001	1.941180
36.998205	3.708074	-0.423130
36.986887	10.347125	6.679992
36.975569	8.820552	-8.440794
36.964251	0.105893	3.958881
36.952933	-4.702830	3.499349
36.941616	7.393755	0.852274
36.930298	0.559828	1.798197
36.918980	4.552731	-7.392487
36.907662	-0.632418	5.213513
36.896344	0.650080	-1.643443
36.885026	-2.623427	-6.729561
36.873708	-7.722269	3.742201
36.862390	3.809286	-5.138434
36.851072	6.564801	6.552105
36.839754	-0.163468	4.376245
36.828437	-8.487988	3.898294
36.817119	8.754029	-6.463956
36.805801	-3.308981	-1.439790
36.794483	6.915315	-10.138459
36.783165	-0.311172	2.584589
36.771847	-15.349649	-3.061086
36.760529	0.583780	-4.037368
36.749211	1.388678	2.785628
36.737893	-0.067969	-0.770717
36.726576	4.082761	-4.817062
36.715258	-0.491051	-1.120785
36.703940	-4.397051	-2.519567
36.692622	-3.666742	-0.282143
36.681304	-1.931703	2.792850
36.669986	-6.794659	8.764002
36.658668	-7.587842	-4.557559
36.647350	-2.151676	4.650471
36.636032	1.320598	0.823082
36.624714	2.135279	-5.657599
36.613397	1.189667	7.407741
36.602079	-3.034687	1.732082
36.590761	1.203794	-10.123436
36.579443	-1.971348	6.201076
36.568125	-1.274845	4.623178
36.556807	3.496831	4.413946
36.545489	-0.049941	1.886871
36.534171	-6.708591	5.928027
36.522853	4.459021	-4.967504
36.511535	-1.049590	5.297048
36.500218	-5.100877	14.650151
36.488900	0.937161	-1.093782
36.477582	7.006924	-5.313780
36.466264	-1.697045	3.798307
36.454946	-0.665295	7.945880
36.443628	-3.542562	11.319684
36.432310	2.868821	-3.215780
36.420992	-10.525423	1.874876
36.409674	-4.203238	-10.391284
36.398357	0.845122	-4.755172
36.387039	-4.955029	7.261747
36.375721	0.999790	0.052170
36.364403	3.894059	5.522115
36.353085	-5.800723	-5.562749
36.341767	5.470815	8.106384
36.330449	2.981038	6.245286
36.319131	4.296874	-2.959589
36.307813	1.188196	-2.992882
36.296495	-1.455827	0.431707
36.285178	-2.109987	6.443711
36.273860	4.022136	-0.912285
36.262542	-0.976427	-4.837337
36.251224	-1.310424	1.958943
36.239906	2.605431	0.183042
36.228588	6.437101	-3.363946
36.217270	5.000496	-1.373794
36.205952	6.567251	14.139980
36.194634	3.942603	4.877711
36.183316	-7.461095	1.064375
36.171999	0.542080	-4.716015
36.160681	-1.457980	1.290565
36.149363	-2.706678	-1.926822
36.138045	2.440861	1.517858
36.126727	3.115670	1.116797
36.115409	8.512276	-9.370660
36.104091	-7.691138	0.422629
36.092773	3.974261	2.022874
36.081455	2.371748	-2.804920
36.070137	3.928834	-9.478420
36.058820	0.427174	-2.373682
36.047502	-4.823611	8.596129
36.036184	-14.943817	-3.194993
36.024866	-2.271035	-3.439088
36.013548	-5.918603	-14.465559
36.002230	9.552777	0.297130
35.990912	3.322276	-1.546175
35.979594	-7.418094	0.268259
35.968276	-2.099807	-4.226681
35.956959	-3.326438	-0.270255
35.945641	2.435562	2.320576
35.934323	-2.982211	6.617102
35.923005	-4.429417	-1.155827
35.911687	-3.712519	-5.996339
35.900369	-5.191679	1.607138
35.889051	-3.728829	3.041191
35.877733	8.758371	3.448424
35.866415	-3.512268	10.683783
35.855097	-0.189977	-2.962238
35.843780	-9.525244	-4.009033
35.832462	-2.269637	9.459721
35.821144	-9.448340	6.151252
35.809826	-4.205766	7.364248
35.798508	1.115502	-2.038386
35.787190	-0.549709	9.737451
35.775872	5.110130	-2.543549
35.764554	1.832234	1.192582
35.753236	-8.035829	2.780273
35.741918	-1.158481	7.755122
35.730601	1.796894	-4.436212
35.719283	1.565360	0.115255
35.707965	-4.099998	3.735223
35.696647	-4.659682	-0.902674
35.685329	-5.266391	-0.936557
35.674011	-7.183928	2.745610
35.662693	1.582631	12.265917
35.651375	1.874507	-0.218013
35.640057	2.278734	2.511280
35.628740	1.008531	2.908566
35.617422	1.390513	-5.717210
35.606104	-2.423476	-1.600493
35.594786	-3.653843	4.199645
35.583468	-13.013142	0.147047
35.572150	12.412323	-1.027300
35.560832	-4.837558	-1.653704
35.549514	2.581957	-4.188850
35.538196	3.530227	-3.191173
35.526878	3.587087	5.180720
35.515561	-10.962846	-2.187511
35.504243	-5.323863	-3.491697
35.492925	7.409991	1.121461
35.481607	-5.577019	-2.385716
35.470289	2.072919	0.604685
35.458971	4.867234	4.864432
35.447653	3.737183	1.566587
35.436335	2.201818	2.127072
35.425017	4.004499	14.443804
35.413699	-6.714829	-6.878829
35.402382	-1.651620	3.660339
35.391064	2.358685	-4.749669
35.379746	8.365908	-11.360531
35.368428	6.393080	1.490638
35.357110	-1.061979	-3.484307
35.345792	4.497966	-0.273676
35.334474	4.670628	-2.985811
35.323156	4.568285	0.680758
35.311838	5.962491	0.907426
35.300521	-4.554007	-1.408994
35.289203	1.718207	8.873757
35.277885	-0.945101	-5.539013
35.266567	-1.778226	-4.491049
35.255249	5.270793	3.714978
35.243931	-0.491500	-5.337276
35.232613	-0.179729	-2.673842
35.221295	9.172089	0.469256
35.209977	-0.396438	-5.152828
35.198659	8.738624	1.039983
35.187342	-5.696259	1.419140
35.176024	-5.418575	4.142863
35.164706	1.535924	-4.034085
35.153388	10.741199	5.293222
35.142070	-0.650347	-8.131242
35.130752	-4.609541	7.552057
35.119434	-17.683119	2.542802
35.108116	-0.859596	-9.691648
35.096798	-12.512259	-1.172468
35.085480	-2.819938	6.420116
35.074163	1.784271	4.917870
35.062845	-3.602299	5.198574
35.051527	1.403523	-0.516689
35.040209	-10.756169	3.049438
35.028891	2.041322	5.631890
35.017573	7.478823	-4.919952
35.006255	-8.488244	-2.128965
34.994937	-4.394120	-5.433342
34.983619	2.640044	5.143268
34.972301	5.259080	-3.125583
34.960984	-0.738299	7.190329
34.949666	-0.054606	-2.167048
34.938348	-13.129728	-2.163260
34.927030	0.334445	1.255045
34.915712	5.898597	5.925662
34.904394	-1.239765	-5.044000
34.893076	13.634956	6.242358
34.881758	1.575548	0.053781
34.870440	-2.691921	-8.704100
34.859123	-7.102979	0.957922
34.847805	6.215871	-1.353238
34.836487	-1.249395	6.062074
34.825169	1.870466	0.660543
34.813851	-2.427798	-0.815872
34.802533	-1.710141	3.164856
34.791215	10.506110	4.227703
34.779897	1.589160	-0.390280
34.768579	1.658757	4.515219
34.757261	8.360863	12.054274
34.745944	-1.933614	-4.213404
34.734626	6.371402	5.096041
34.723308	-4.334290	3.950841
34.711990	5.071448	2.714763
34.700672	1.124647	-3.995194
34.689354	-3.541505	-5.428894
34.678036	-2.700785	1.819823
34.666718	-5.588799	6.229931
34.655400	7.272596	2.310950
34.644082	13.137913	2.698837
34.632765	-3.332961	-4.098556
34.621447	7.298247	10.233163
34.610129	-1.927114	6.219300
34.598811	13.910408	1.937271
34.587493	-1.084824	2.003155
34.576175	1.724172	-4.594008
34.564857	-7.471807	6.548120
34.553539	3.322887	12.370473
34.542221	-3.747974	4.980787
34.530904	1.350024	7.045075
34.519586	-9.797345	-1.661667
34.508268	-3.993662	-2.888456
34.496950	-5.048752	2.758514
34.485632	-1.992800	-5.972901
34.474314	3.929833	4.738650
34.462996	1.046695	-3.601602
34.451678	1.753540	9.883685
34.440360	0.395775	2.946996
34.429042	6.768277	-7.587619
34.417725	-15.659498	-1.264784
34.406407	0.863605	-5.781704
34.395089	-11.307559	4.424540
34.383771	-17.296989	6.170774
34.372453	-0.844994	0.918232
34.361135	-0.640147	-6.012170
34.349817	-6.189841	-2.895069
34.338499	-1.279981	2.025543
34.327181	-1.585407	4.213576
34.315863	4.772006	-4.964626
34.304546	-5.875621	6.749292
34.293228	-1.351543	-0.244302
34.281910	-2.376220	3.463259
34.270592	10.988174	-6.685174
34.259274	-0.143280	4.288038
34.247956	1.865101	-2.010574
34.236638	3.917402	4.084090
34.225320	2.061146	-3.617270
34.214002	-1.379829	4.598615
34.202685	-0.831257	1.053166
34.191367	-3.032046	0.376750
34.180049	0.975527	10.083907
34.168731	0.608538	0.672001
34.157413	-5.856000	-5.380002
34.146095	10.867696	4.870018
34.134777	-1.774335	11.011937
34.123459	2.682687	-9.909185
34.112141	2.976156	5.202173
34.100823	2.476546	0.918386
34.089506	4.649834	5.042015
34.078188	6.026472	1.024722
34.066870	-5.337544	-6.353226
34.055552	-9.820348	-4.394246
34.044234	-4.456224	5.507270
34.032916	-1.039322	-1.716552
34.021598	-1.636323	9.020987
34.010280	0.044934	-9.810869
33.998962	3.773780	1.163477
33.987644	1.796798	-0.563635
33.976327	-1.607370	2.779601
33.965009	-1.077995	2.009543
33.953691	7.155432	-1.448349
33.942373	2.105961	-4.240938
33.931055	0.951678	6.402055
33.919737	2.827113	-0.264480
33.908419	-1.260498	0.927990
33.897101	2.772867	5.204631
33.885783	-5.368276	2.822003
33.874465	-6.160334	-2.972870
33.863148	3.237803	-1.653651
33.851830	-1.702587	6.386852
33.840512	-1.782174	-2.455106
33.829194	3.801484	1.438866
33.817876	-5.059545	-0.269176
33.806558	-6.452466	0.846330
33.795240	-0.780314	8.755005
33.783922	-10.307123	1.465101
33.772604	-0.521131	5.616843
33.761287	4.808163	0.855121
33.749969	-2.413545	4.295609
33.738651	-4.685008	9.769052
33.727333	-9.561045	-3.131126
33.716015	-2.899987	-4.034740
33.704697	6.620633	-2.365349
33.693379	-11.483182	-4.956293
33.682061	-0.893706	3.741300
33.670743	-4.500477	2.371292
33.659425	15.412869	-4.722175
33.648108	-5.932725	-10.007922
33.636790	9.864356	2.924387
33.625472	-4.492402	1.568340
33.614154	-0.047330	8.868531
33.602836	4.560554	-5.257899
33.591518	-4.314748	3.704025
33.580200	1.844098	-1.159981
33.568882	2.240693	0.766978
33.557564	2.683311	4.827490
33.546246	-4.289307	2.982975
33.534929	-1.094332	6.598995
33.523611	-4.950240	0.316123
33.512293	5.903854	5.004195
33.500975	-5.127228	0.970576
33.489657	-0.752143	-4.190914
33.478339	-3.118596	-1.428130
33.467021	-0.221911	11.170275
33.455703	-11.194492	-0.133962
33.444385	0.504364	1.519334
33.433068	-8.302214	-4.830242
33.421750	-3.459826	3.847178
33.410432	-1.906823	-0.219154
33.399114	1.397790	2.569739
33.387796	-3.292656	-6.398395
33.376478	6.101864	0.317506
33.365160	1.220695	7.318867
33.353842	-5.700115	3.681520
33.342524	-3.443604	0.195535
33.331206	2.226996	1.412351
33.319889	-1.801334	5.307451
33.308571	-4.041164	8.879658
33.297253	-1.129155	-0.218845
33.285935	-0.333444	0.167512
33.274617	-7.490966	1.803961
33.263299	1.476813	-7.008858
33.251981	-6.029480	-5.671432
33.240663	0.096476	1.191828
33.229345	-2.335491	11.335538
33.218027	1.984959	0.478495
33.206710	0.637215	0.502772
33.195392	-2.568907	-2.038331
33.184074	4.326057	3.169159
33.172756	-12.745131	0.827370
33.161438	-9.327023	-6.293141
33.150120	-5.425286	-7.467361
33.138802	-8.099172	-2.315151
33.127484	3.424288	-0.729264
33.116166	2.101006	-8.620106
33.104849	-8.464313	-2.873149
33.093531	1.510865	-2.588720
33.082213	3.636674	3.326029
33.070895	-7.862742	4.215080
33.059577	-0.939039	5.497985
33.048259	-12.656108	4.562895
33.036941	6.643285	2.445558
33.025623	0.094156	-5.044879
33.014305	6.279983	6.565933
33.002987	-2.376125	0.471549
32.991670	2.665972	-2.480203
32.980352	-7.915851	11.323672
32.969034	-4.730670	5.717330
32.957716	-2.730175	1.331857
32.946398	0.486977	-2.833508
32.935080	2.212739	-2.684620
32.923762	-5.732377	0.246628
32.912444	3.111989	-3.544177
32.901126	7.902897	7.844189
32.889808	-8.434188	9.357065
32.878491	-6.234229	4.141933
32.867173	0.911647	-2.020155
32.855855	0.266923	3.711948
32.844537	5.468720	8.102020
32.833219	3.419659	5.040594
32.821901	0.256123	-0.961993
32.810583	-2.760480	-0.173278
32.799265	-10.561868	-2.647699
32.787947	-3.748035	9.210704
32.776629	-10.460956	0.486159
32.765312	6.220625	6.700760
32.753994	-3.520603	-2.026121
32.742676	-8.268173	-3.262169
32.731358	2.462408	11.386673
32.720040	0.040625	0.283446
32.708722	0.811401	9.778535
32.697404	0.837620	6.740759
32.686086	-0.532643	-6.056546
32.674768	-4.824180	2.131392
32.663451	-3.188090	11.187083
32.652133	1.587199	1.060736
32.640815	-5.354710	4.551752
32.629497	-3.041636	3.836561
32.618179	1.171931	0.245378
32.606861	11.102200	-0.348699
32.595543	-8.961753	0.379080
32.584225	-3.196717	1.103451
32.572907	-1.862555	-0.589399
32.561589	0.783794	-4.988113
32.550272	-11.263584	0.254040
32.538954	3.388907	0.423384
32.527636	-2.327829	-2.057116
32.516318	-6.532642	5.166932
32.505000	2.571312	2.963786
32.493682	-0.352282	5.318346
32.482364	-2.325287	0.069919
32.471046	-4.846883	9.746828
32.459728	4.578076	-5.365423
32.448410	1.182947	-4.929122
32.437093	0.968915	3.489009
32.425775	0.619396	-3.812889
32.414457	-0.667712	-0.186105
32.403139	-8.650376	-5.772620
32.391821	1.653425	10.886185
32.380503	-2.672198	-4.952003
32.369185	0.271291	-3.216000
32.357867	-10.194065	2.685638
32.346549	-1.616446	-1.116029
32.335232	2.811002	3.122025
32.323914	0.640799	3.688169
32.312596	3.432533	-6.975593
32.301278	-1.298618	2.819299
32.289960	6.238996	0.978678
32.278642	4.361285	-0.340693
32.267324	-8.412725	7.604245
32.256006	-6.494378	0.128753
32.244688	-6.918372	3.782126
32.233370	1.423062	-13.209351
32.222053	7.942122	1.948300
32.210735	1.306398	-0.523847
32.199417	-5.433454	7.047368
32.188099	-7.268442	0.522862
32.176781	-1.807148	1.872248
32.165463	-0.130130	5.319551
32.154145	-5.639985	-1.039523
32.142827	3.638255	-7.141685
32.131509	-6.353899	5.532461
32.120191	-3.633335	6.622273
32.108874	-3.813380	4.106256
32.097556	0.400472	9.285843
32.086238	-6.659730	3.045634
32.074920	-1.399790	-0.652313
32.063602	-2.129605	-3.728978
32.052284	0.098481	-1.350056
32.040966	-2.480420	0.012292
32.029648	-1.876452	0.805862
32.018330	-4.032762	-0.344809
32.007013	-10.577250	-7.837442
31.995695	2.638382	2.495136
31.984377	-15.988588	6.336346
31.973059	13.275812	2.667101
31.961741	1.398236	-4.336193
31.950423	0.501235	4.112848
31.939105	2.919835	2.512152
31.927787	-5.746769	-12.719913
31.916469	-2.062021	4.351233
31.905151	-11.216900	5.843571
31.893834	-0.446987	-4.650736
31.882516	-0.381469	-0.947138
31.871198	4.243759	-4.025059
31.859880	2.549112	-4.477980
31.848562	3.434039	7.056150
31.837244	0.667773	-0.203880
31.825926	0.901443	0.317955
31.814608	-0.286921	2.700374
31.803290	1.806210	2.288555
31.791972	-1.316065	2.323995
31.780655	-5.017193	-4.453803
31.769337	-2.693956	5.760346
31.758019	-7.498167	1.483710
31.746701	-2.387578	-0.699786
31.735383	2.202114	-1.461083
31.724065	-5.337914	-3.783678
31.712747	-3.098951	-2.524540
31.701429	-10.499127	1.585128
31.690111	-6.012304	1.618811
31.678793	1.681036	3.343065
31.667476	-2.576836	2.351222
31.656158	7.949478	2.957886
31.644840	-5.230853	2.429495
31.633522	4.708159	-2.383889
31.622204	-8.719069	-0.273816
31.610886	-4.609807	-6.342668
31.599568	-3.445901	1.718175
31.588250	-3.240610	-2.753238
31.576932	-6.616572	-0.000871
31.565615	-0.862200	7.987370
31.554297	-3.346832	-3.539804
31.542979	-1.761031	-0.043648
31.531661	3.446123	-1.145510
31.520343	0.306217	-1.716416
31.509025	-3.061867	-7.469868
31.497707	-0.476470	-3.830260
31.486389	2.941099	8.549582
31.475071	-3.154657	4.939091
31.463753	7.881122	-9.436854
31.452436	-1.614124	-1.090216
31.441118	-1.166570	1.663743
31.429800	2.420613	1.963723
31.418482	8.636955	-0.215524
31.407164	3.130151	2.077950
31.395846	-2.342600	3.289623
31.384528	-3.385519	-6.271188
31.373210	4.151958	5.810706
31.361892	6.510155	-5.020273
31.350574	0.281296	7.309634
31.339257	-3.466407	2.789040
31.327939	-1.438349	-7.652585
31.316621	2.502249	10.679131
31.305303	-4.659290	-7.330878
31.293985	1.058344	-2.048659
31.282667	-6.238544	3.461932
31.271349	-4.759739	-5.142644
31.260031	-2.755346	-3.485326
31.248713	6.269300	0.874879
31.237396	-4.883980	0.631753
31.226078	0.186738	3.071342
31.214760	-9.467992	6.581038
31.203442	-3.601471	1.500435
31.192124	-0.541308	2.330741
31.180806	-5.475172	-0.160849
31.169488	6.733725	-6.067919
31.158170	1.150195	-4.957149
31.146852	-0.352170	-4.759793
31.135534	-8.820630	-1.078248
31.124217	2.819948	5.402619
31.112899	-5.868252	2.617157
31.101581	4.673911	5.376001
31.090263	-8.368085	-1.589173
31.078945	1.043503	0.292898
31.067627	5.078723	0.722286
31.056309	-0.295517	-1.424848
31.044991	-9.374708	2.505127
31.033673	-0.151524	6.370063
31.022355	3.540980	5.748887
31.011038	-0.929115	1.495975
30.999720	3.563916	6.442454
30.988402	7.737642	4.790521
30.977084	-0.083707	14.526217
30.965766	-0.265933	3.499244
30.954448	3.769977	1.160791
30.943130	-3.689785	4.019623
30.931812	4.507223	-0.910997
30.920494	8.020460	1.668169
30.909176	-0.739321	-4.661249
30.897859	-3.925132	3.986084
30.886541	2.167006	2.064444
30.875223	8.254684	-10.357834
30.863905	1.753839	2.341908
30.852587	-2.878284	3.177276
30.841269	0.665391	4.339562
30.829951	-8.130503	-1.203460
30.818633	-5.559453	-0.538028
30.807315	-18.410059	0.659792
30.795998	5.274436	-1.345793
30.784680	-2.589802	1.509763
30.773362	-0.646657	-0.823160
30.762044	2.123661	-4.842615
30.750726	-6.770494	-1.021282
30.739408	3.984158	-3.988553
30.728090	5.181383	9.390443
30.716772	-8.051487	-1.397739
30.705454	-1.614279	-10.051943
30.694136	-0.814296	-1.905960
30.682819	-2.361102	-8.958086
30.671501	-0.100003	10.249190
30.660183	-6.542876	5.767104
30.648865	-2.394675	-5.250655
30.637547	-0.342700	6.016176
30.626229	-7.470561	4.778975
30.614911	-0.134173	4.807847
30.603593	-4.107628	-11.176725
30.592275	-1.449847	-2.880800
30.580957	0.680607	7.105041
30.569640	0.547988	1.261525
30.558322	4.402263	2.523155
30.547004	-7.003455	-1.526873
30.535686	-4.716311	-3.302170
30.524368	-2.684650	2.379206
30.513050	1.326971	-3.800931
30.501732	1.604560	2.650225
30.490414	0.408636	1.512177
30.479096	2.522830	-2.410581
30.467779	-0.164016	2.534755
30.456461	-0.175932	-0.167252
30.445143	9.563771	-11.106046
30.433825	-1.652172	5.852213
30.422507	2.426718	1.705019
30.411189	-11.358605	-6.550872
30.399871	4.550122	-1.505203
30.388553	-0.242230	4.903070
30.377235	1.776861	-2.750475
30.365917	0.331843	2.153568
30.354600	-4.624554	-0.602359
30.343282	1.123534	1.451809
30.331964	-0.529670	1.244112
30.320646	-5.799548	5.789797
30.309328	-1.082190	4.120297
30.298010	-5.049218	-4.392275
30.286692	-0.027398	-13.153694
30.275374	-0.797215	-0.178953
30.264056	-7.194234	18.160172
30.252738	10.201840	15.726487
30.241421	-5.213772	0.008518
30.230103	-6.249731	-1.193559
30.218785	4.966653	1.769396
30.207467	-1.407919	0.648848
30.196149	-4.776293	-0.806395
30.184831	-8.309992	-7.547353
30.173513	-11.505557	0.578759
30.162195	1.214271	-2.187049
30.150877	5.770082	-6.145116
30.139560	-4.523464	-2.197882
30.128242	-4.923395	0.087237
30.116924	-3.606569	-0.776183
30.105606	-0.276708	4.427761
30.094288	0.948736	-6.505374
30.082970	2.388259	-2.110674
30.071652	-1.932980	1.486804
30.060334	-0.696336	0.469390
30.049016	2.146942	5.051071
30.037698	1.729244	1.418308
30.026381	2.856476	1.267181
30.015063	-6.858712	-0.100062
30.003745	-5.081460	-8.587598
29.992427	3.496708	2.184815
29.981109	-3.977052	-3.733758
29.969791	2.869234	0.039962
29.958473	-9.470469	6.857759
29.947155	-4.843927	4.081389
29.935837	0.006919	3.119210
29.924519	7.025864	-0.046476
29.913202	0.305005	-6.347054
29.901884	-6.679926	8.512769
29.890566	-10.376809	-2.282773
29.879248	0.003913	6.602014
29.867930	1.181121	-5.822620
29.856612	3.145619	-4.678386
29.845294	-2.084104	-2.289070
29.833976	6.610116	0.275487
29.822658	-1.522084	3.409192
29.811340	-1.381178	5.087723
29.800023	4.042960	6.161924
29.788705	-4.701773	13.597722
29.777387	-9.841475	-8.160509
29.766069	5.088200	3.355584
29.754751	-1.691363	-5.488271
29.743433	0.916619	0.454477
29.732115	-1.270648	2.574809
29.720797	-8.735711	-2.201704
29.709479	3.711696	-1.088910
29.698162	0.939678	-8.161116
29.686844	-1.258598	2.699227
29.675526	-3.346343	3.121861
29.664208	-1.556042	-7.373268
29.652890	3.657296	-2.823234
29.641572	-3.476102	2.233067
29.630254	-4.508457	3.830483
29.618936	2.570714	7.980674
29.607618	-9.615540	9.503777
29.596300	0.410501	4.157828
29.584983	-2.415107	-0.624756
29.573665	-1.556435	5.549541
29.562347	-5.408428	8.904392
29.551029	6.276015	6.983091
29.539711	-0.957137	1.301962
29.528393	1.434708	-7.101165
29.517075	-0.486598	-3.608486
29.505757	0.303608	-2.171609
29.494439	-1.497432	-1.598668
29.483121	-0.961649	-0.388672
29.471804	-2.931781	3.952326
29.460486	2.782454	4.556463
29.449168	-4.162836	-2.583764
29.437850	-8.715296	-3.460044
29.426532	5.252019	0.023127
29.415214	10.360106	7.335385
29.403896	-3.589155	-3.584450
29.392578	-2.177597	-0.785164
29.381260	-4.531242	0.489042
29.369943	-1.657642	-6.929245
29.358625	-5.603332	-5.526158
29.347307	-10.406523	0.914416
29.335989	-2.539243	8.439684
29.324671	2.605694	0.062682
29.313353	-0.558967	8.367546
29.302035	2.706546	-3.027662
29.290717	0.341515	-0.398981
29.279399	3.366673	-3.433267
29.268081	-1.969326	1.472111
29.256764	-1.162649	4.940811
29.245446	2.430375	-5.104352
29.234128	13.217428	6.828612
29.222810	4.884572	3.965070
29.211492	-4.158437	4.015782
29.200174	-9.978891	5.718782
29.188856	0.036542	-0.774813
29.177538	4.247073	3.456565
29.166220	-3.772823	2.451941
29.154902	8.736614	-0.174435
29.143585	-2.872595	-3.895745
29.132267	6.831489	-4.703130
29.120949	-1.507245	-7.732791
29.109631	-8.018357	4.922597
29.098313	-7.891454	-3.141630
29.086995	-6.356145	3.878654
29.075677	-6.029137	-2.570343
29.064359	-6.242603	-3.446067
29.053041	-6.800635	-4.985239
29.041724	1.407795	-5.478525
29.030406	-9.477129	4.429896
29.019088	2.310478	-3.916272
29.007770	-3.658139	-1.033079
28.996452	-2.019003	5.507781
28.985134	0.413807	-0.691167
28.973816	-0.716621	8.950659
28.962498	-1.607216	-14.894617
28.951180	1.374639	3.068729
28.939862	-10.132175	0.417968
28.928545	2.014894	-4.236988
28.917227	-4.180586	-7.683667
28.905909	3.593766	-2.461354
28.894591	3.828336	6.730916
28.883273	4.857369	-3.448077
28.871955	6.231584	-0.475158
28.860637	-11.198545	-2.937629
28.849319	-5.672029	-2.627270
28.838001	-8.559135	3.678941
28.826683	0.204190	-5.559149
28.815366	-6.112135	3.447520
28.804048	-4.377726	5.271641
28.792730	-4.455526	-8.724825
28.781412	7.543796	9.399714
28.770094	-2.817748	1.291628
28.758776	-3.589611	0.903479
28.747458	-1.851989	1.290625
28.736140	-16.142113	6.941011
28.724822	7.442383	-0.827639
28.713504	-5.648472	-13.756332
28.702187	4.781322	-2.884850
28.690869	1.703828	-1.095331
28.679551	2.531040	-3.162697
28.668233	-1.920848	-2.749083
28.656915	7.168498	-2.319223
28.645597	-6.621106	0.087309
28.634279	-8.306145	3.126925
28.622961	3.083312	2.403034
28.611643	-3.173231	0.446660
28.600326	-2.945477	0.023573
28.589008	0.185928	8.903586
28.577690	-4.813972	1.054550
28.566372	-0.009764	-1.243738
28.555054	9.036866	-6.335266
28.543736	-0.221255	-2.971098
28.532418	5.776743	5.304234
28.521100	-8.240583	1.323961
28.509782	1.255898	-6.669217
28.498464	-1.252862	-2.417044
28.487147	0.333539	7.837551
28.475829	-2.077719	-0.898570
28.464511	12.139763	6.024129
28.453193	5.051115	-2.944669
28.441875	-2.746854	-2.277494
28.430557	-7.670449	-0.611530
28.419239	6.102727	3.803084
28.407921	-2.490595	-5.921178
28.396603	-0.790024	-3.181887
28.385285	-3.662429	-0.824669
28.373968	2.782195	0.287263
28.362650	5.166119	6.132519
28.351332	-1.172786	-4.682217
28.340014	-1.935343	-7.929849
28.328696	2.549131	-5.392350
28.317378	-2.488235	-0.987412
28.306060	-14.571446	2.916854
28.294742	-0.952481	0.927878
28.283424	0.198745	-10.490040
28.272107	0.560304	7.236784
28.260789	-1.750043	0.278802
28.249471	10.903592	5.809439
28.238153	-9.626711	0.569716
28.226835	-1.670263	-4.524275
28.215517	4.408267	-2.872089
28.204199	-0.090120	-6.510844
28.192881	-0.459852	2.127584
28.181563	-2.336570	9.750759
28.170245	-1.131207	-2.953597
28.158928	3.792617	0.522785
28.147610	-7.011446	-10.301445
28.136292	-1.745940	5.151179
28.124974	-2.183457	-7.141449
28.113656	-0.156622	0.749707
28.102338	-14.898607	0.903491
28.091020	-0.824492	2.947441
28.079702	4.809617	12.602060
28.068384	0.132417	4.589440
28.057066	10.600543	-3.936560
28.045749	2.940118	-8.683452
28.034431	-5.648418	-9.053811
28.023113	-8.241210	2.802875
28.011795	-3.636839	5.842876
28.000477	-7.286048	0.221671
27.989159	-6.145990	9.380652
27.977841	-1.715243	-2.137242
27.966523	2.538342	7.957512
27.955205	0.192390	-5.697101
27.943888	-1.584688	-6.254758
27.932570	1.353965	1.314457
27.921252	1.834626	-1.239060
27.909934	0.231220	7.901470
27.898616	-2.249510	-5.637866
27.887298	-2.455714	-3.241749
27.875980	-5.688946	4.785848
27.864662	0.019778	-13.278607
27.853344	3.716756	1.437290
27.842026	1.997155	2.434043
27.830709	-2.544204	-16.815399
27.819391	1.988563	1.880875
27.808073	7.740896	-13.216203
27.796755	1.462093	0.931605
27.785437	-2.107095	-2.056185
27.774119	-8.012067	0.144286
27.762801	-0.024572	0.604977
27.751483	-1.063936	-7.352446
27.740165	-2.441471	6.967044
27.728847	-10.332047	-2.888715
27.717530	2.065869	11.101441
27.706212	4.409370	-6.174120
27.694894	0.610475	-10.322007
27.683576	-0.319656	10.188274
27.672258	-1.079360	-5.284835
27.660940	4.105511	-3.324662
27.649622	-6.297483	4.521621
27.638304	-2.804930	-3.327382
27.626986	-4.037471	0.213465
27.615668	4.307634	-5.186390
27.604351	17.182480	-10.345549
27.593033	4.504144	1.913025
27.581715	-3.848512	-5.995164
27.570397	0.425165	2.702310
27.559079	-4.016270	-5.708094
27.547761	0.364421	-5.418274
27.536443	2.073018	-10.082018
27.525125	0.283148	5.019788
27.513807	2.727448	7.129437
27.502490	-3.661187	-0.588714
27.491172	-1.929112	1.046931
27.479854	-6.694202	4.742246
27.468536	9.765507	-6.065982
27.457218	4.557720	-3.277302
27.445900	-4.505503	-8.135908
27.434582	-3.076845	1.640067
27.423264	0.981875	7.181866
27.411946	6.891839	1.126780
27.400628	-6.756663	-2.115820
27.389311	5.593878	-1.875793
27.377993	2.148188	4.171138
27.366675	-1.062437	-0.502626
27.355357	-11.015699	-4.498450
27.344039	6.809129	8.966078
27.332721	-8.039720	-6.786879
27.321403	-5.719208	5.657800
27.310085	-2.782589	-3.345045
27.298767	-1.800121	4.668612
27.287449	-0.472991	7.718075
27.276132	-0.099997	-5.127932
27.264814	-3.351603	-4.275347
27.253496	-4.442791	3.396515
27.242178	-3.918946	-2.013131
27.230860	-1.855931	-2.949725
27.219542	-7.705559	2.319824
27.208224	-4.417427	5.833107
27.196906	-7.132656	7.287411
27.185588	1.698141	1.320735
27.174271	8.706287	0.295687
27.162953	-5.596133	0.303340
27.151635	-0.000998	-14.745230
27.140317	-7.021475	-9.718956
27.128999	-7.979316	-3.163280
27.117681	-0.430586	2.637427
27.106363	10.307188	3.160161
27.095045	0.369814	-2.983468
27.083727	-4.098714	8.526644
27.072409	4.702774	-1.836407
27.061092	-0.892628	7.616430
27.049774	-3.584340	-0.177834
27.038456	4.353362	4.770592
27.027138	-16.248621	-0.245615
27.015820	1.479070	-2.044577
27.004502	4.091037	5.073357
26.993184	-4.083055	-2.213557
26.981866	-4.191026	5.628479
26.970548	-6.248476	-0.961647
26.959230	-5.173806	-2.109904
26.947913	8.784582	9.436678
26.936595	-2.999700	7.314219
26.925277	2.147749	-3.575783
26.913959	-4.967395	2.970491
26.902641	-0.892609	9.822074
26.891323	1.442640	-0.630572
26.880005	3.406566	-1.196529
26.868687	-10.457495	2.496820
26.857369	-8.363071	-3.959054
26.846052	-4.907802	-2.697083
26.834734	-6.049019	14.057722
26.823416	-4.293794	13.069583
26.812098	-1.811429	7.755988
26.800780	-6.123471	-3.505142
26.789462	4.324208	-2.655697
26.778144	-0.403055	-1.363521
26.766826	4.269351	-5.122861
26.755508	-1.316635	0.593622
26.744190	-5.017505	1.155303
26.732873	6.609838	-6.325132
26.721555	-5.266959	4.595937
26.710237	-3.417998	-4.465868
26.698919	6.842623	-5.335507
26.687601	-10.052627	3.929025
26.676283	-3.112768	5.324254
26.664965	6.612938	2.913389
26.653647	-4.434520	-2.998405
26.642329	-0.796902	-5.451639
26.631011	-0.151487	-9.997833
26.619694	3.476276	-0.842137
26.608376	4.598190	4.147944
26.597058	-0.288890	3.217840
26.585740	4.242980	0.030331
26.574422	-9.344654	2.257135
26.563104	7.520904	-7.773448
26.551786	0.425456	4.234335
26.540468	3.620878	-4.805228
26.529150	-0.747135	-3.739744
26.517832	-7.705851	2.041826
26.506515	2.261950	-1.340430
26.495197	-4.488993	-3.471877
26.483879	-1.619376	-2.353763
26.472561	-2.373446	-0.518125
26.461243	-6.627519	4.644421
26.449925	2.567626	-2.483465
26.438607	7.815729	-0.998956
26.427289	-6.398291	0.664818
26.415971	4.976232	4.099670
26.404654	2.319688	-1.204690
26.393336	5.291294	2.500319
26.382018	8.316621	6.292743
26.370700	4.412116	1.635470
26.359382	2.836582	-4.169556
26.348064	9.431037	-6.287323
26.336746	-8.001721	-0.982686
26.325428	0.101011	-2.359496
26.314110	-1.789352	4.042691
26.302792	-1.605865	5.058840
26.291475	-9.444721	-1.885057
26.280157	4.427775	0.926290
26.268839	-1.914825	8.434002
26.257521	-0.856928	2.354734
26.246203	0.774166	4.710894
26.234885	-3.814092	-2.978020
26.223567	3.974280	-3.430485
26.212249	-3.909967	1.063697
26.200931	0.814652	6.838777
26.189613	6.525789	3.786062
26.178296	2.420768	-3.403818
26.166978	-4.369848	-1.941977
26.155660	-14.554943	-3.842995
26.144342	-5.349534	-2.159046
26.133024	5.793443	2.880723
26.121706	-1.904444	1.933273
26.110388	0.913540	-8.255840
26.099070	-5.714040	2.271321
26.087752	1.002055	-2.293919
26.076435	2.587252	0.267495
26.065117	0.423729	1.703007
26.053799	-2.906134	3.841273
26.042481	-1.897308	-0.464541
26.031163	2.598009	4.421390
26.019845	8.828868	-0.332930
26.008527	-3.062681	6.387946
25.997209	2.258508	-9.889934
25.985891	2.456735	-3.513147
25.974573	3.939013	2.594262
25.963256	7.294146	-6.483155
25.951938	-1.362564	4.187963
25.940620	2.961728	-5.471706
25.929302	-4.930990	-15.308505
25.917984	1.310264	-2.344593
25.906666	7.939900	5.314512
25.895348	0.424419	-1.313141
25.884030	2.116037	-0.702822
25.872712	2.480952	7.137021
25.861394	3.514453	-5.167406
25.850077	-0.890648	1.792525
25.838759	-7.155779	-1.437587
25.827441	0.300245	9.394650
25.816123	-1.915385	0.642396
25.804805	-0.497173	-1.953974
25.793487	5.232799	2.290671
25.782169	-7.827356	5.712636
25.770851	-0.192933	2.511809
25.759533	-5.069068	-4.472706
25.748216	6.132499	-3.763759
25.736898	3.667740	-2.669617
25.725580	2.226020	5.195747
25.714262	7.476730	9.745827
25.702944	1.366765	-2.157381
25.691626	6.663220	-3.881158
25.680308	-4.097514	-2.326617
25.668990	-0.146394	8.205988
25.657672	-0.823640	-0.708086
25.646354	-4.673130	16.116581
25.635037	-0.885018	1.722160
25.623719	9.024052	6.277415
25.612401	-7.965856	3.169218
25.601083	0.723132	-5.518513
25.589765	0.819879	0.823318
25.578447	-1.770342	-5.541549
25.567129	0.222552	-0.602096
25.555811	-4.703349	-2.380695
25.544493	-5.380124	3.676581
25.533175	-7.001910	-1.732851
25.521858	-11.490252	4.234187
25.510540	-7.889179	12.474009
25.499222	-3.670161	-5.146279
25.487904	-3.113811	-2.088214
25.476586	-1.875394	5.570621
25.465268	0.990965	2.863635
25.453950	7.772125	5.007701
25.442632	-2.430342	8.079551
25.431314	-0.393696	4.537669
25.419996	-7.391153	-6.650046
25.408679	4.851980	2.111585
25.397361	14.326262	3.004420
25.386043	-5.835915	-0.167237
25.374725	3.806694	0.454258
25.363407	-9.005211	3.284356
25.352089	8.751879	9.334569
25.340771	4.589558	1.853667
25.329453	1.797617	8.172414
25.318135	2.333711	4.086931
25.306818	-2.507591	1.037049
25.295500	10.314381	-0.648508
25.284182	0.751933	0.153689
25.272864	-0.553952	-4.832144
25.261546	4.367930	5.573891
25.250228	-1.898863	-1.776656
25.238910	4.244833	9.450551
25.227592	6.061089	3.655747
25.216274	0.604337	-5.334769
25.204956	-1.607010	0.735987
25.193639	-7.813747	2.228634
25.182321	-2.963839	-2.831764
25.171003	-4.247250	9.601553
25.159685	1.861685	-6.560908
25.148367	8.240513	-4.274924
25.137049	-6.473371	-4.833196
25.125731	-0.127322	-8.719828
25.114413	2.745956	6.825150
25.103095	0.963179	-2.071703
25.091777	0.203368	3.396614
25.080460	-10.341182	-1.875170
25.069142	-1.212488	-2.356423
25.057824	-0.638668	-5.123116
25.046506	0.913994	-7.879596
25.035188	-2.533985	-0.076740
25.023870	-3.074574	-6.822444
25.012552	5.114527	-6.501277
25.001234	10.354632	-4.179555
24.989916	0.224355	-3.032174
24.978599	4.342086	-2.971917
24.967281	4.560853	-0.728195
24.955963	-3.045562	-12.533020
24.944645	2.294871	3.720328
24.933327	-4.630425	-11.514498
24.922009	4.851446	2.064307
24.910691	4.621442	-0.460674
24.899373	2.279027	-4.447541
24.888055	-3.896356	-4.323199
24.876737	-3.142664	-0.578709
24.865420	3.520906	4.687084
24.854102	-4.866620	12.525092
24.842784	-4.605232	-9.370754
24.831466	-3.148696	2.541146
24.820148	-2.803434	0.484988
24.808830	-1.724884	2.062960
24.797512	-0.005412	0.529194
24.786194	0.607184	5.984398
24.774876	0.704448	-1.643979
24.763558	-4.200189	-1.131360
24.752241	1.933653	5.697268
24.740923	-3.281943	-3.045171
24.729605	2.835601	-6.993461
24.718287	5.926340	-2.051137
24.706969	3.908084	-1.772828
24.695651	5.224397	0.907755
24.684333	5.735042	-5.024349
24.673015	3.860447	-9.771820
24.661697	-0.943215	1.570853
24.650379	5.300548	2.167322
24.639062	4.939530	0.134473
24.627744	-6.318905	-3.576191
24.616426	3.403015	0.487342
24.605108	-0.372655	1.002712
24.593790	9.517684	-9.064693
24.582472	-3.227501	1.611686
24.571154	1.021551	1.875132
24.559836	-11.044126	-6.603833
24.548518	5.357397	-5.047801
24.537201	-1.425275	-1.065069
24.525883	15.766435	2.232313
24.514565	0.314161	-4.820583
24.503247	-0.580571	9.117718
24.491929	-4.758495	-4.329086
24.480611	-4.761892	0.702502
24.469293	10.442764	4.047750
24.457975	-3.107969	-0.601989
24.446657	0.954801	-10.430466
24.435339	-6.454496	1.092202
24.424022	-0.254380	1.409629
24.412704	6.548497	-1.748987
24.401386	-14.641459	6.232075
24.390068	-0.908444	-2.891416
24.378750	-1.904436	-0.301540
24.367432	2.249223	6.601995
24.356114	1.692371	2.567230
24.344796	-5.535633	-1.116759
24.333478	4.604840	-1.150984
24.322160	0.156373	-8.277543
24.310843	3.031572	-3.512286
24.299525	2.088038	3.656792
24.288207	1.919755	-0.760147
24.276889	-4.941905	-1.346850
24.265571	1.005192	2.791358
24.254253	2.940143	2.591672
24.242935	-1.748713	7.322828
24.231617	-0.611335	-2.743662
24.220299	-0.633194	-9.078467
24.208982	-1.866183	2.948547
24.197664	1.243025	-2.458749
24.186346	1.152001	6.309432
24.175028	-8.026371	-1.403581
24.163710	-3.685686	-0.330040
24.152392	5.029880	4.948305
24.141074	-2.594190	0.743405
24.129756	3.416815	8.181318
24.118438	-0.056814	8.119392
24.107120	8.434157	8.624002
24.095803	-11.623629	-2.385807
24.084485	-1.112750	5.376078
24.073167	9.081018	6.283258
24.061849	0.111474	7.159066
24.050531	7.039787	3.968952
24.039213	-10.904593	2.720603
24.027895	0.728678	-2.740273
24.016577	-2.168637	0.015005
24.005259	-9.702196	-17.923357
23.993941	-9.148091	-2.736149
23.982624	-0.808616	16.434959
23.971306	1.295070	1.729042
23.959988	-8.017338	-1.414532
23.948670	0.092346	-1.228361
23.937352	-7.954334	3.878110
23.926034	-4.846827	-4.734213
23.914716	0.140142	-10.759861
23.903398	-1.787243	3.515362
23.892080	-0.109333	-1.728503
23.880763	-0.586494	-1.533827
23.869445	-3.154086	-4.255291
23.858127	1.954618	4.019673
23.846809	5.043804	12.526608
23.835491	-5.804881	-6.462808
23.824173	-5.668457	3.812348
23.812855	4.630502	-0.657493
23.801537	3.635867	-6.406376
23.790219	-2.771052	1.832429
23.778901	3.122236	6.533817
23.767584	4.262488	5.969398
23.756266	-4.244714	5.066309
23.744948	2.661298	-6.817111
23.733630	4.528868	12.747483
23.722312	-5.913332	0.526128
23.710994	2.869505	-4.621645
23.699676	-9.215292	1.172410
23.688358	-5.265924	-5.685635
23.677040	-1.581822	11.685291
23.665722	11.499372	5.917050
23.654405	4.218287	5.548306
23.643087	1.919180	4.806485
23.631769	0.365718	-0.460477
23.620451	-0.200297	6.452014
23.609133	-4.686154	5.793092
23.597815	4.061731	1.662081
23.586497	-7.278243	-2.517704
23.575179	5.355011	-1.039731
23.563861	-7.587902	0.623780
23.552543	0.316386	11.819247
23.541226	0.298598	-1.557225
23.529908	2.147862	-6.765417
23.518590	-2.563143	-1.871515
23.507272	7.745128	-1.561088
23.495954	-2.852857	-14.478551
23.484636	-3.461560	7.534613
23.473318	-0.876287	7.089880
23.462000	-3.628859	-5.535022
23.450682	0.382948	1.739669
23.439365	-3.169753	12.178563
23.428047	-5.875152	2.353573
23.416729	-12.179321	1.985353
23.405411	1.542067	1.214515
23.394093	-6.733992	7.362320
23.382775	5.702888	4.966401
23.371457	-3.685812	-0.820869
23.360139	-3.847770	11.690820
23.348821	6.031075	-1.286475
23.337503	-0.969270	4.260559
23.326186	1.470073	1.573180
23.314868	-9.826768	1.402984
23.303550	6.000595	-2.430819
23.292232	7.984824	7.041502
23.280914	-12.215760	2.567715
23.269596	-1.664091	4.907173
23.258278	-0.504321	4.273400
23.246960	-0.699635	-1.653379
23.235642	7.560922	4.184957
23.224324	2.630134	2.978372
23.213007	-3.575072	0.879022
23.201689	0.884437	8.344651
23.190371	8.048522	-5.070981
23.179053	-1.850836	-3.373645
23.167735	-1.113086	2.828939
23.156417	2.399162	5.429129
23.145099	-5.193488	7.201138
23.133781	-3.765150	6.650863
23.122463	3.251615	0.329985
23.111146	-6.675318	-0.208866
23.099828	-9.797453	1.066078
23.088510	-7.413591	7.897429
23.077192	-10.641060	3.698025
23.065874	3.852011	-2.229639
23.054556	-1.989945	-5.309237
23.043238	5.855662	-3.354402
23.031920	-11.866931	-3.774132
23.020602	-6.942625	-3.781990
23.009284	4.129008	-2.698273
22.997967	3.582705	-2.246559
22.986649	3.341060	5.735898
22.975331	-2.965642	4.825071
22.964013	3.077905	0.668189
22.952695	-8.194093	-1.663749
22.941377	-1.322757	3.079848
22.930059	-4.348870	1.577615
22.918741	1.138725	6.116870
22.907423	-2.547138	7.954926
22.896105	1.278946	-5.567179
22.884788	-9.915515	-7.035625
22.873470	-1.648361	8.285842
22.862152	-10.659933	-2.888664
22.850834	-6.388657	0.392137
22.839516	3.094270	3.652027
22.828198	-0.581849	0.491830
22.816880	-7.365426	1.326438
22.805562	3.838753	1.181775
22.794244	-14.193118	2.577629
22.782927	-1.015935	-6.132569
22.771609	-9.204441	3.758000
22.760291	-7.483084	-2.282356
22.748973	2.153396	6.555210
22.737655	-6.633747	2.020958
22.726337	-1.931227	-0.634271
22.715019	-4.079469	-0.436513
22.703701	-4.049465	-5.047994
22.692383	-1.030211	12.652555
22.681065	1.003813	5.935439
22.669748	5.349545	-0.204740
22.658430	4.966431	-4.708965
22.647112	-5.446602	-4.043556
22.635794	-4.847825	6.161310
22.624476	4.237816	5.142608
22.613158	1.851711	11.422560
22.601840	-5.514779	-2.230103
22.590522	-12.967196	2.145381
22.579204	-0.487387	5.982106
22.567886	-2.307778	2.514592
22.556569	8.245163	-3.166791
22.545251	-5.307285	-12.521053
22.533933	0.281268	-1.825268
22.522615	0.833707	7.609425
22.511297	-6.618996	0.158310
22.499979	2.848386	1.721910
22.488661	-6.408908	0.909866
22.477343	5.337616	0.720655
22.466025	2.309770	4.179214
22.454707	-8.308908	4.912371
22.443390	1.584950	2.068596
22.432072	1.025944	6.855111
22.420754	5.728211	1.478926
22.409436	-1.376589	2.382591
22.398118	3.054986	-1.401980
22.386800	-9.453547	-2.047364
22.375482	-3.320738	-0.998609
22.364164	0.254768	0.937842
22.352846	2.362668	-1.133726
22.341529	0.353500	4.995625
22.330211	-1.658538	7.515045
22.318893	1.137958	2.955070
22.307575	3.916930	-1.620375
22.296257	1.123241	12.460938
22.284939	-2.762182	0.719478
22.273621	4.013268	2.057530
22.262303	-5.017104	6.792632
22.250985	2.959711	-2.474116
22.239667	-3.391768	3.606706
22.228350	0.269408	-5.402551
22.217032	2.311005	1.755915
22.205714	1.292109	1.833014
22.194396	5.077279	2.671593
22.183078	-3.622974	0.154700
22.171760	-1.025777	2.509557
22.160442	-3.151952	-3.678606
22.149124	0.438346	1.855191
22.137806	-9.940485	-5.394207
22.126488	2.889464	10.332299
22.115171	-16.891115	3.438312
22.103853	-6.102727	5.319783
22.092535	3.463388	13.420211
22.081217	1.477372	1.262145
22.069899	0.592563	7.354564
22.058581	-3.208069	8.404170
22.047263	1.084994	8.018709
22.035945	1.619859	6.947243
22.024627	0.267406	-7.735643
22.013310	0.453719	-5.697168
22.001992	-2.395986	-8.179304
21.990674	-6.295895	2.506246
21.979356	-1.291180	3.253337
21.968038	0.413540	-5.041018
21.956720	-3.690417	-4.334445
21.945402	-3.546455	-8.527737
21.934084	2.287954	5.723372
21.922766	-11.858412	-4.687917
21.911448	-4.168223	-0.631925
21.900131	-4.172730	8.391523
21.888813	-3.811227	6.489882
21.877495	5.367832	-4.364479
21.866177	2.903949	10.241550
21.854859	-0.807758	-0.158254
21.843541	-5.901113	4.226198
21.832223	3.862251	12.554820
21.820905	-5.248644	1.723133
21.809587	-4.396444	-6.557614
21.798269	0.349736	-6.635654
21.786952	-1.347796	5.085738
21.775634	-2.574711	-4.321732
21.764316	-6.587419	-6.448135
21.752998	-1.541675	0.424387
21.741680	1.133700	-2.658848
21.730362	-0.265063	7.958702
21.719044	1.573192	-11.006460
21.707726	-4.243591	3.417202
21.696408	-0.407041	-4.081212
21.685091	-4.717620	7.111583
21.673773	1.061580	-0.164326
21.662455	-6.763876	4.212077
21.651137	5.905765	9.563720
21.639819	2.522401	-0.960428
21.628501	-1.855732	2.008939
21.617183	1.752362	-10.553954
21.605865	0.904855	-1.747139
21.594547	4.058890	2.020808
21.583229	-6.957115	-0.581165
21.571912	-7.316610	-0.649085
21.560594	-3.251834	-4.143408
21.549276	4.911151	-3.784043
21.537958	2.089213	10.331247
21.526640	-8.579558	4.527195
21.515322	-2.589589	-2.209940
21.504004	-2.091469	-3.700602
21.492686	-1.054910	0.344965
21.481368	1.038308	2.394344
21.470050	-1.739908	4.601724
21.458733	2.922571	-13.569350
21.447415	4.101742	3.234847
21.436097	-8.961136	-1.226737
21.424779	0.722619	7.957331
21.413461	-8.026191	-2.975667
21.402143	3.415097	-1.807136
21.390825	-0.979275	7.128376
21.379507	6.740221	11.021637
21.368189	1.400924	5.927263
21.356871	-2.341689	0.438388
21.345554	4.713490	-2.888568
21.334236	-0.907754	1.302688
21.322918	2.663618	-2.494000
21.311600	4.185207	8.013678
21.300282	-3.664216	3.336326
21.288964	-1.722565	1.723573
21.277646	7.303180	3.105691
21.266328	-2.564105	-4.686874
21.255010	4.004144	-0.404199
21.243693	2.966099	-10.579215
21.232375	5.665646	-11.273884
21.221057	-10.371654	11.805311
21.209739	-3.081931	5.870938
21.198421	-0.395379	-2.831431
21.187103	2.954349	-3.077819
21.175785	4.050073	14.801411
21.164467	-6.059083	-6.910802
21.153149	2.591686	-0.973694
21.141831	2.086608	2.160676
21.130514	0.923022	-0.967971
21.119196	5.122547	6.950475
21.107878	6.808151	6.070075
21.096560	0.449641	3.000347
21.085242	-6.715880	11.969953
21.073924	1.969900	5.809358
21.062606	-0.676540	3.019923
21.051288	6.947572	4.664258
21.039970	-1.501404	3.264543
21.028652	2.849230	-1.850193
21.017335	5.109814	-5.529164
21.006017	7.523398	-2.732569
20.994699	7.444733	3.545677
20.983381	10.925560	1.983283
20.972063	-0.404943	1.918303
20.960745	-2.256845	3.939121
20.949427	-0.814126	1.090615
20.938109	1.258813	-5.871123
20.926791	6.109354	9.386799
20.915474	-1.276731	3.761410
20.904156	-4.856038	4.306128
20.892838	6.134841	2.802945
20.881520	-0.284584	0.141224
20.870202	1.548684	-3.112214
20.858884	-2.465631	-1.559683
20.847566	-5.409957	6.459908
20.836248	1.352846	-5.986649
20.824930	-5.367666	0.217845
20.813612	-0.679097	-1.464450
20.802295	5.325637	-5.439763
20.790977	-5.111579	-3.042167
20.779659	0.517095	2.852445
20.768341	-4.457937	10.425825
20.757023	2.243878	-8.678972
20.745705	5.552073	1.999700
20.734387	-0.373462	0.149911
20.723069	11.103466	-2.571249
20.711751	2.119885	0.806801
20.700433	-5.686327	3.725644
20.689116	-4.203626	6.159263
20.677798	-8.269712	-4.356792
20.666480	-3.062168	8.681665
20.655162	-3.210378	4.596093
20.643844	-1.157569	7.802896
20.632526	2.533546	6.843129
20.621208	-4.667464	-3.600373
20.609890	-5.225905	-12.448622
20.598572	-7.042833	8.221656
20.587255	4.928751	-9.573330
20.575937	2.624273	-4.024644
20.564619	6.335994	-2.027848
20.553301	0.438890	1.197579
20.541983	1.851863	3.736405
20.530665	-5.887546	1.605704
20.519347	-2.044350	9.061941
20.508029	-0.428685	-2.309292
20.496711	-3.032955	-2.064463
20.485393	-2.507327	-1.142658
20.474076	-7.336698	8.645842
20.462758	3.924425	2.669543
20.451440	2.027793	-7.996036
20.440122	-3.489574	0.709355
20.428804	-8.934200	3.038592
20.417486	-5.239846	-2.637990
20.406168	-4.210907	0.763480
20.394850	7.626753	-0.780405
20.383532	3.201813	0.461570
20.372214	-12.951116	1.974169
20.360897	5.520584	5.648426
20.349579	1.914085	0.276776
20.338261	4.813690	10.672307
20.326943	0.128850	2.498550
20.315625	2.509096	-7.424152
20.304307	-1.530384	-0.874011
20.292989	2.434348	-2.026514
20.281671	-2.493629	-6.775211
20.270353	-3.795877	4.160040
20.259035	-10.001364	3.336265
20.247718	1.674129	-6.695532
20.236400	3.950216	7.116150
20.225082	1.343569	-5.711368
20.213764	-9.796906	5.463484
20.202446	-7.221776	-5.969082
20.191128	8.871712	9.971501
20.179810	3.963587	2.003375
20.168492	2.541786	-0.436651
20.157174	7.665299	0.501800
20.145857	10.278049	1.062212
20.134539	-3.262202	-7.078807
20.123221	6.338711	-2.936758
20.111903	-6.151029	-0.257896
20.100585	-1.576965	1.588469
20.089267	-6.668887	18.534889
20.077949	7.273503	2.136954
20.066631	2.752783	7.163798
20.055313	-5.397381	-2.505116
20.043995	-1.959785	4.369336
20.032678	3.173371	-3.244655
20.021360	-8.216509	-0.885523
20.010042	3.552894	1.468418
19.998724	7.790565	-1.506022
19.987406	-2.573053	-5.438320
19.976088	-1.603608	3.944988
19.964770	4.940681	-5.902192
19.953452	-10.680423	7.227860
19.942134	-3.671299	2.275928
19.930816	3.045109	8.624050
19.919499	-3.590123	3.900414
19.908181	19.161758	1.613203
19.896863	-6.384853	-2.047628
19.885545	2.683924	-10.303720
19.874227	-5.640807	3.881680
19.862909	1.008012	-0.669904
19.851591	-3.351953	5.353476
19.840273	4.485838	5.265384
19.828955	-4.941227	-3.582392
19.817638	7.906925	2.926053
19.806320	-2.258374	0.690892
19.795002	7.014424	1.214638
19.783684	-7.974396	9.693309
19.772366	4.131057	-5.144877
19.761048	-10.694062	1.697472
19.749730	-4.603851	0.329794
19.738412	8.697940	5.419075
19.727094	-2.900156	8.493991
19.715776	-1.520284	-7.506367
19.704459	13.393538	-1.383577
19.693141	0.617470	2.866134
19.681823	4.516786	1.340425
19.670505	-0.054070	-6.819800
19.659187	4.197040	2.933084
19.647869	-3.018046	-3.964494
19.636551	-6.021645	-1.952363
19.625233	-0.253906	1.242876
19.613915	3.388435	4.920239
19.602597	6.654817	4.886439
19.591280	-2.252807	11.615915
19.579962	-3.799284	-5.413148
19.568644	6.366941	2.927547
19.557326	-0.460611	1.547355
19.546008	0.268333	-5.178008
19.534690	-5.966030	3.755619
19.523372	-4.974151	4.134759
19.512054	-3.017645	3.006936
19.500736	1.192700	4.153537
19.489419	-6.512055	-1.034827
19.478101	-6.280834	9.273454
19.466783	0.289835	-11.746584
19.455465	4.855468	1.112128
19.444147	8.169376	4.444003
19.432829	0.715423	2.412524
19.421511	17.021683	5.938348
19.410193	-5.222367	2.146930
19.398875	2.133247	11.684154
19.387557	-5.378405	2.452529
19.376240	-4.240883	-5.336229
19.364922	-4.596968	-0.172733
19.353604	-1.119747	-1.959808
19.342286	4.629952	-1.892044
19.330968	11.034502	1.709385
19.319650	-1.585888	-4.341345
19.308332	-1.714867	3.171973
19.297014	2.562257	-3.525726
19.285696	0.747083	6.739808
19.274378	-7.143785	5.850019
19.263061	-1.895034	7.291914
19.251743	1.543763	3.297684
19.240425	-5.778824	-4.734827
19.229107	6.475752	5.211554
19.217789	-5.061651	8.706009
19.206471	5.369816	-1.723464
19.195153	-5.316897	-1.830333
19.183835	-1.558998	-4.590453
19.172517	-3.581676	1.301553
19.161199	2.189609	-5.276396
19.149882	-1.182462	-4.448934
19.138564	-1.141320	3.702351
19.127246	-10.295029	-1.759407
19.115928	-0.283438	2.660933
19.104610	0.463525	0.343648
19.093292	-4.487927	6.793963
19.081974	7.298600	5.333758
19.070656	6.403430	-1.418816
19.059338	2.958763	11.651278
19.048021	6.383964	-0.897365
19.036703	-0.640656	5.493535
19.025385	-1.515387	9.906054
19.014067	1.642717	-1.446927
19.002749	9.685418	-0.315025
18.991431	-7.730983	-1.131313
18.980113	12.450418	0.582000
18.968795	-1.942352	9.596670
18.957477	-10.687632	6.757710
18.946159	-0.666487	-3.926228
18.934842	-4.721159	-6.696781
18.923524	9.276685	-0.588284
18.912206	-2.645430	8.000056
18.900888	-0.144462	-3.323387
18.889570	-4.796616	7.357117
18.878252	1.713739	3.469635
18.866934	-1.024119	2.234401
18.855616	-8.895155	11.251315
18.844298	2.345352	-0.013037
18.832980	3.506179	0.711125
18.821663	-1.090262	2.266181
18.810345	3.812826	1.161974
18.799027	-9.860911	1.965484
18.787709	-16.176687	0.330524
18.776391	10.294282	-1.166447
18.765073	-1.417954	1.623937
18.753755	-3.157848	2.442328
18.742437	-6.040729	3.592153
18.731119	-15.167019	6.010025
18.719802	1.044484	12.304971
18.708484	-0.352813	-11.125751
18.697166	5.396458	4.357887
18.685848	-4.980443	7.331157
18.674530	0.993187	2.972847
18.663212	2.681925	1.545013
18.651894	3.931540	5.453130
18.640576	1.601709	-6.749183
18.629258	10.956437	-1.788268
18.617940	-6.057734	-5.178516
18.606623	-2.885833	-7.850942
18.595305	-0.793149	-4.540514
18.583987	5.434453	1.296722
18.572669	-1.796860	5.411367
18.561351	-3.425936	-3.798956
18.550033	-8.516903	-3.402158
18.538715	2.210503	-11.159002
18.527397	2.906990	-1.330044
18.516079	-3.030832	1.357541
18.504761	-0.319329	6.164906
18.493444	-2.971555	7.243437
18.482126	-0.647345	-3.773340
18.470808	1.662868	-3.974678
18.459490	-2.375543	3.495916
18.448172	-1.471688	-2.560750
18.436854	2.863059	-1.757899
18.425536	0.312698	-5.331483
18.414218	-2.119918	1.117051
18.402900	-3.886446	10.530147
18.391583	2.518995	0.294803
18.380265	3.211860	-2.313846
18.368947	3.298648	4.042696
18.357629	9.249407	5.883169
18.346311	7.166202	2.155168
18.334993	1.754858	0.724822
18.323675	1.097483	3.363527
18.312357	0.525515	2.519571
18.301039	-0.964406	9.250146
18.289721	-7.467943	2.273106
18.278404	0.075330	2.775938
18.267086	0.155742	4.230616
18.255768	5.037626	1.610110
18.244450	-4.299495	2.460757
18.233132	-3.497438	-4.314256
18.221814	-2.484269	8.491990
18.210496	-10.884543	4.328079
18.199178	-3.402518	-5.865168
18.187860	-1.719367	14.174897
18.176542	2.340306	2.134310
18.165225	-4.231907	-1.442916
18.153907	1.464478	-3.442869
18.142589	-3.024287	-7.749693
18.131271	4.999725	6.640246
18.119953	-7.167960	9.375524
18.108635	-4.159510	5.664116
18.097317	3.837983	8.342284
18.085999	-10.890057	1.784567
18.074681	-7.175396	-1.295434
18.063363	-5.182635	4.425318
18.052046	-10.037854	-5.779211
18.040728	-3.822454	-2.994789
18.029410	-5.247758	-1.525653
18.018092	4.585442	-1.625711
18.006774	5.598117	-0.318965
17.995456	1.555148	-0.758205
17.984138	-16.185972	-0.160473
17.972820	4.457765	1.970049
17.961502	4.301821	8.567753
17.950185	-2.472146	3.795172
17.938867	5.963017	-0.333694
17.927549	-4.411427	2.185813
17.916231	-7.215021	2.201434
17.904913	-1.052538	9.148026
17.893595	-11.211552	-3.042256
17.882277	5.599459	1.252421
17.870959	1.297382	3.019840
17.859641	-1.563072	-9.342597
17.848323	6.806265	-10.901447
17.837006	-3.073908	-0.763523
17.825688	5.646776	6.485489
17.814370	-1.716586	-4.110168
17.803052	-2.453298	9.934830
17.791734	-0.898210	4.645971
17.780416	-5.309412	-2.495484
17.769098	-3.774153	8.639821
17.757780	-2.092661	14.919102
17.746462	-6.190038	-2.439582
17.735144	0.473660	2.429135
17.723827	-4.227799	7.996288
17.712509	4.569468	5.022627
17.701191	-10.689221	9.466199
17.689873	-0.966129	0.704972
17.678555	2.233327	-1.421940
17.667237	0.237605	2.210473
17.655919	1.904148	-4.333337
17.644601	0.192909	11.317452
17.633283	-6.375426	1.608659
17.621966	7.945296	-8.066486
17.610648	1.756001	10.965769
17.599330	11.830787	-5.949694
17.588012	12.543303	1.798245
17.576694	-9.141853	3.707964
17.565376	-3.878539	1.933791
17.554058	3.460302	-1.633752
17.542740	1.658565	1.284554
17.531422	-5.894826	-4.710598
17.520104	-5.314585	3.144652
17.508787	-1.909575	4.543839
17.497469	-4.186275	-0.666854
17.486151	-2.071824	-0.680713
17.474833	-9.558995	-2.748684
17.463515	1.446589	-5.500385
17.452197	-9.006830	-10.157386
17.440879	-4.919381	0.225648
17.429561	-1.461237	7.861458
17.418243	-13.248436	5.730698
17.406925	-1.582259	0.693991
17.395608	3.405848	-2.939788
17.384290	-3.415320	8.345930
17.372972	-5.017529	-2.594506
17.361654	-5.238437	9.016253
17.350336	4.588218	1.877828
17.339018	0.634031	-4.320035
17.327700	-2.692189	0.240169
17.316382	5.979692	-14.141266
17.305064	-3.743161	9.448397
17.293746	0.461872	-0.999897
17.282429	8.565240	7.195757
17.271111	3.503561	1.785799
17.259793	-4.019650	1.288875
17.248475	1.143455	8.189631
17.237157	-9.276227	-5.369848
17.225839	-2.337921	-3.880310
17.214521	-3.062532	-0.553895
17.203203	-6.403821	-1.915815
17.191885	-7.034889	5.286349
17.180568	2.115896	-0.787862
17.169250	12.890521	-3.798390
17.157932	-3.311188	-5.274224
17.146614	5.026627	2.923551
17.135296	-4.860482	-0.323968
17.123978	-8.088182	2.752146
17.112660	-0.360203	0.082551
17.101342	6.455502	-0.834730
17.090024	4.869011	0.238884
17.078706	1.845920	-7.189543
17.067389	-7.285251	2.011913
17.056071	0.641098	3.061599
17.044753	-1.463744	-9.676405
17.033435	9.705807	0.177494
17.022117	3.487711	2.489102
17.010799	13.810876	0.998232
16.999481	6.293360	-2.491726
16.988163	-0.948580	-2.189594
16.976845	-8.093541	-6.508247
16.965527	-3.876077	1.381889
16.954210	-5.871844	6.132320
16.942892	2.637673	0.602247
16.931574	-1.405705	-4.364633
16.920256	-0.085841	-7.165323
16.908938	-4.990508	5.802909
16.897620	-0.411870	8.411283
16.886302	2.058728	8.584864
16.874984	-0.404274	-6.175381
16.863666	-1.493372	8.313965
16.852349	-8.379550	3.198866
16.841031	-1.119011	0.754616
16.829713	-8.260429	0.942381
16.818395	0.761000	-7.299033
16.807077	-7.627739	2.877692
16.795759	-9.058977	0.675570
16.784441	6.232006	-8.324383
16.773123	-8.367542	-0.583131
16.761805	-0.946271	-1.582529
16.750487	2.581809	0.416053
16.739170	4.097731	-2.783166
16.727852	-5.227338	-6.801585
16.716534	-6.146584	1.749837
16.705216	2.220619	-2.879834
16.693898	-6.234817	-5.707111
16.682580	-3.668986	-1.362775
16.671262	-14.659650	1.480281
16.659944	-4.470637	9.409834
16.648626	8.178713	-4.427923
16.637308	5.027868	0.328177
16.625991	-0.143983	4.806251
16.614673	-4.703985	6.411727
16.603355	-1.968936	3.092832
16.592037	-1.562024	1.039713
16.580719	3.153058	-0.631090
16.569401	1.032932	-1.338891
16.558083	3.767793	5.877254
16.546765	9.818360	1.007376
16.535447	-3.602937	-6.379994
16.524130	-3.848298	-4.788980
16.512812	-1.333156	-1.928518
16.501494	5.684575	6.967050
16.490176	1.757834	0.271985
16.478858	-8.682012	-2.354735
16.467540	9.162423	-4.270706
16.456222	-7.303981	-0.569452
16.444904	0.153667	-0.803716
16.433586	-4.255919	-8.004171
16.422268	-3.532917	3.725445
16.410951	2.616055	-0.861663
16.399633	-3.579485	11.379128
16.388315	-1.068675	-2.884274
16.376997	-2.072141	5.938089
16.365679	-8.497812	1.521292
16.354361	-2.905442	-2.584096
16.343043	3.624866	8.670135
16.331725	-2.329374	-0.193014
16.320407	-15.329437	10.588984
16.309089	-2.431538	4.889905
16.297772	-0.829438	-4.302762
16.286454	-7.853188	0.442602
16.275136	6.716730	6.476684
16.263818	-5.029329	4.769958
16.252500	-2.318615	-3.397623
16.241182	4.752744	-7.304865
16.229864	-4.150543	4.012047
16.218546	-7.532439	-4.818269
16.207228	-2.561387	6.321885
16.195910	-6.469783	-1.126290
16.184593	1.405100	2.128888
16.173275	-7.056120	0.891273
16.161957	3.294467	-1.536225
16.150639	-3.034077	5.968705
16.139321	5.171277	3.569995
16.128003	3.596591	-1.772620
16.116685	1.277202	-8.142368
16.105367	3.065232	-7.725521
16.094049	-9.854107	7.117646
16.082732	2.114906	-4.653129
16.071414	5.215354	1.138127
16.060096	0.380262	1.025667
16.048778	-0.406822	-6.072249
16.037460	-6.808376	-3.621730
16.026142	14.810803	-2.952867
16.014824	7.875945	2.518815
16.003506	-3.308817	-2.042682
15.992188	2.839233	-2.209578
15.980870	-3.056003	-0.230755
15.969553	-2.982952	-5.559980
15.958235	2.344290	1.099738
15.946917	-5.078375	3.350153
15.935599	6.974784	-1.456441
15.924281	2.336747	2.879556
15.912963	-5.129456	0.191668
15.901645	-3.501894	-6.031597
15.890327	-3.453562	5.561509
15.879009	1.042341	3.755655
15.867691	-4.746231	9.104953
15.856374	2.746959	5.223243
15.845056	10.807727	-1.377920
15.833738	-2.281682	1.552893
15.822420	-4.389849	-2.748621
15.811102	-1.178349	8.001700
15.799784	-1.344630	-2.003422
15.788466	-5.006679	2.848065
15.777148	-3.415412	-7.299766
15.765830	-8.159518	5.881908
15.754513	-8.579729	2.326148
15.743195	-0.669987	-3.086505
15.731877	-2.057142	-3.049171
15.720559	-3.819095	6.807408
15.709241	-1.548967	2.427500
15.697923	-6.929863	-0.400611
15.686605	-4.595901	-1.998049
15.675287	-11.180709	-5.192789
15.663969	3.596242	3.830231
15.652651	0.769161	7.008864
15.641334	-1.004282	7.480540
15.630016	-5.237882	-6.636373
15.618698	10.345785	-0.087689
15.607380	2.434813	-7.539601
15.596062	5.752831	4.529721
15.584744	-8.559851	-5.434305
15.573426	-6.558023	-3.905129
15.562108	-4.164837	1.376899
15.550790	-1.747906	0.582216
15.539472	0.179139	-4.692694
15.528155	-13.018619	5.210080
15.516837	1.113427	9.738593
15.505519	3.561037	0.307643
15.494201	7.033607	-6.947591
15.482883	6.820874	11.458645
15.471565	2.338224	9.251704
15.460247	-6.652886	-5.291633
15.448929	-5.815873	-3.972619
15.437611	5.825839	5.507455
15.426294	-1.891302	10.080248
15.414976	-0.952774	-2.739654
15.403658	-6.458904	4.767817
15.392340	1.612599	8.750055
15.381022	-2.725467	6.217585
15.369704	9.893107	-7.346849
15.358386	-2.762094	6.778360
15.347068	-4.358903	0.402058
15.335750	1.699230	13.144748
15.324432	-4.374887	3.621867
15.313115	-3.436631	4.314296
15.301797	2.393301	6.481968
15.290479	-4.219612	10.914515
15.279161	0.171477	-0.158400
15.267843	-2.609584	-2.871890
15.256525	2.591027	3.680375
15.245207	-0.374590	7.594682
15.233889	-1.742036	3.534633
15.222571	6.184939	0.747116
15.211253	3.537583	9.356719
15.199936	5.515961	0.499767
15.188618	-3.476757	4.025476
15.177300	-1.089284	-0.970580
15.165982	-6.704976	9.118925
15.154664	-6.870594	-5.965410
15.143346	-3.968055	8.351218
15.132028	8.663592	2.364912
15.120710	-5.466295	6.097837
15.109392	-10.536522	9.635178
15.098074	-4.718136	-0.760160
15.086757	-6.208434	4.784893
15.075439	-1.168627	3.281300
15.064121	-2.798277	-0.329606
15.052803	-0.656433	1.660350
15.041485	-3.269706	-12.273067
15.030167	10.800117	7.396741
15.018849	6.029122	0.328619
15.007531	-5.451223	-0.570480
14.996213	5.467003	3.452586
14.984896	-12.901645	4.658590
14.973578	14.565268	-0.959160
14.962260	-2.631050	3.987545
14.950942	-3.273131	7.685367
14.939624	-2.979629	4.656699
14.928306	9.714106	-7.165956
14.916988	-1.473475	0.675051
14.905670	-6.551998	0.396206
14.894352	-0.556539	-0.216910
14.883034	0.585057	2.685704
14.871717	7.082657	1.036907
14.860399	16.306290	-7.874476
14.849081	-8.210251	3.342066
14.837763	0.696637	-0.179764
14.826445	-2.304901	5.602964
14.815127	1.435324	-10.525912
14.803809	0.023862	-6.910519
14.792491	-10.180305	7.319661
14.781173	4.137632	-3.062976
14.769855	-11.989255	1.610488
14.758538	4.378494	0.019459
14.747220	2.134297	1.862358
14.735902	3.101514	-5.145027
14.724584	-7.793093	5.991155
14.713266	-2.796877	0.431219
14.701948	-5.511878	-3.748974
14.690630	3.990578	4.552907
14.679312	-1.788554	1.240010
14.667994	-2.889569	4.550672
14.656677	-4.159360	-6.138118
14.645359	-3.796394	6.125417
14.634041	10.951120	0.026989
14.622723	-2.213456	1.341974
14.611405	-4.856430	1.657170
14.600087	3.459494	-4.807477
14.588769	2.022535	4.243578
14.577451	-3.763484	1.034500
14.566133	-8.786389	-0.945247
14.554815	6.985970	6.929957
14.543498	-3.625672	7.210860
14.532180	-4.241189	-0.655658
14.520862	9.194314	-4.469896
14.509544	-3.888902	4.885376
14.498226	-3.421128	0.571269
14.486908	-3.076545	-2.262793
14.475590	-0.672195	-3.103382
14.464272	5.911354	0.156198
14.452954	0.277711	-0.287113
14.441636	0.438347	-1.445738
14.430319	-3.429058	1.644226
14.419001	0.952422	-2.966926
14.407683	-5.432011	-1.321810
14.396365	-1.409616	-2.045503
14.385047	6.334951	0.430238
14.373729	-5.297041	4.138735
14.362411	-0.829529	-12.823130
14.351093	1.554032	-5.421250
14.339775	2.500731	-1.898648
14.328458	-0.392671	1.455406
14.317140	-4.993395	3.722999
14.305822	3.309924	5.049566
14.294504	-0.651494	4.750808
14.283186	0.873558	10.588164
14.271868	-0.141285	2.273533
14.260550	-1.380380	-3.411153
14.249232	8.504583	0.778219
14.237914	-1.582276	1.534773
14.226596	3.317984	10.057411
14.215279	3.264464	-1.551874
14.203961	-2.020657	7.608965
14.192643	6.879586	5.119965
14.181325	5.100301	-1.392188
14.170007	-1.753851	2.660590
14.158689	4.007218	-0.122568
14.147371	-6.229603	6.440684
14.136053	-9.264369	2.923876
14.124735	5.546791	1.672439
14.113417	7.973070	1.863013
14.102100	-0.585983	-3.818063
14.090782	-1.427370	3.017124
14.079464	1.598168	-12.711230
14.068146	2.131971	-0.610886
14.056828	4.907453	0.655135
14.045510	9.011447	4.077796
14.034192	-0.427656	-4.130893
14.022874	-5.333146	-4.514184
14.011556	-2.480658	-3.377618
14.000238	1.591968	-2.706141
13.988921	4.742501	-2.383508
13.977603	-10.655393	11.074538
13.966285	3.579294	-7.547874
13.954967	1.092049	2.072146
13.943649	1.799493	2.253463
13.932331	-3.131646	0.184685
13.921013	-4.391448	-3.517540
13.909695	4.940557	-2.660136
13.898377	-4.118237	4.139839
13.887060	3.664912	-6.899505
13.875742	4.520317	7.498612
13.864424	-0.607718	5.754628
13.853106	-3.583512	-4.051301
13.841788	-1.310481	0.235369
13.830470	6.332925	10.867011
13.819152	2.084138	3.228313
13.807834	-7.658211	-3.493263
13.796516	-5.033358	9.576628
13.785198	4.175700	3.699206
13.773881	-2.709364	1.868006
13.762563	-6.012468	-0.616360
13.751245	8.747631	-5.625083
13.739927	4.266253	6.287194
13.728609	2.808998	0.190951
13.717291	2.899042	-10.149719
13.705973	3.506615	15.708298
13.694655	-8.182272	3.133022
13.683337	-0.964479	3.422865
13.672019	17.531847	1.206623
13.660702	3.532887	-2.833696
13.649384	-10.565981	2.387127
13.638066	-4.519632	7.898679
13.626748	-5.930633	-8.272357
13.615430	-3.794008	2.616332
13.604112	-9.773138	0.003796
13.592794	1.877230	17.781261
13.581476	-2.916875	5.591879
13.570158	-0.187058	-2.524304
13.558841	0.128984	2.403754
13.547523	-2.868667	-9.493063
13.536205	2.133737	0.928659
13.524887	-2.134764	0.799746
13.513569	-2.618825	-1.403728
13.502251	-8.042619	6.953262
13.490933	-5.613238	-3.987248
13.479615	3.126084	-4.627510
13.468297	-8.186580	0.724006
13.456979	-8.814467	-0.898781
13.445662	6.064073	-0.266346
13.434344	-7.786259	-8.828425
13.423026	-5.124856	8.266728
13.411708	-2.547614	5.419479
13.400390	3.120384	-3.081840
13.389072	0.514134	4.656212
13.377754	-6.928561	-4.331668
13.366436	-1.959098	8.244179
13.355118	-5.033631	9.702959
13.343800	11.181543	-2.976208
13.332483	-0.769206	-9.046812
13.321165	-3.563073	0.189502
13.309847	7.099060	-3.851748
13.298529	-5.479462	7.642825
13.287211	7.502759	0.177546
13.275893	-1.246835	5.238399
13.264575	-0.187581	4.895702
13.253257	5.701097	3.333372
13.241939	-4.008066	6.721857
13.230622	-7.830693	-4.566103
13.219304	3.283413	2.991522
13.207986	5.348189	7.344730
13.196668	0.527911	9.273197
13.185350	-4.884037	5.660900
13.174032	1.928979	2.390621
13.162714	4.335442	7.312690
13.151396	-3.882271	-6.110144
13.140078	-1.657099	3.008888
13.128760	-4.000408	4.645336
13.117443	1.725248	-1.163871
13.106125	-5.561695	-5.320243
13.094807	4.761208	-0.722750
13.083489	-3.373254	7.485696
13.072171	-3.467617	0.529848
13.060853	-4.008704	3.916496
13.049535	1.309817	1.465419
13.038217	-1.394751	2.366551
13.026899	1.188704	2.903769
13.015581	-7.599783	3.369016
13.004264	1.952835	11.207539
12.992946	-7.822339	-6.341231
12.981628	4.928599	-5.153903
12.970310	6.805255	2.350780
12.958992	4.148604	0.660827
12.947674	-5.127453	3.761981
12.936356	0.860817	3.901974
12.925038	-0.740620	-0.749814
12.913720	6.020007	5.877430
12.902402	-5.994553	-0.489787
12.891085	-1.778153	-2.946406
12.879767	7.479714	-2.018381
12.868449	-2.567213	-2.728866
12.857131	1.443757	-3.321880
12.845813	-3.372957	-6.520347
12.834495	-7.613615	6.449636
12.823177	-4.275186	0.283586
12.811859	0.339883	0.262306
12.800541	-2.039183	-3.247067
12.789224	2.597532	-1.213973
12.777906	3.713127	-1.817730
12.766588	7.285320	2.585563
12.755270	-0.342563	-4.114049
12.743952	1.916906	1.899283
12.732634	1.199681	2.648073
12.721316	3.255617	5.762092
12.709998	-4.402524	-6.959608
12.698680	-3.450070	-8.947082
12.687362	0.949110	3.619347
12.676045	-2.975858	6.106374
12.664727	-4.819114	-0.030289
12.653409	-6.785301	-0.128013
12.642091	-2.100794	-5.995021
12.630773	7.816294	-1.573587
12.619455	-1.113003	-1.885126
12.608137	-0.207823	12.016135
12.596819	-6.673128	-3.002727
12.585501	-1.380740	7.417706
12.574183	7.338921	-6.391962
12.562866	2.152013	2.251542
12.551548	9.817326	1.911914
12.540230	1.047177	-0.949226
12.528912	1.606811	1.153533
12.517594	-4.330338	4.270014
12.506276	-2.163951	-3.204024
12.494958	-2.640689	7.232811
12.483640	-1.729558	1.221281
12.472322	2.447174	8.385272
12.461005	1.261298	3.990360
12.449687	-7.455058	-2.065451
12.438369	-0.676451	-0.309137
12.427051	2.805619	3.882302
12.415733	0.593109	-4.230769
12.404415	3.661617	8.887074
12.393097	5.390427	-6.022949
12.381779	-1.911226	2.395990
12.370461	-8.354594	2.807341
12.359143	-7.317049	1.317307
12.347826	-3.804011	0.888329
12.336508	-10.035588	-0.570164
12.325190	6.313642	1.661945
12.313872	3.456309	1.750125
12.302554	-0.747900	2.141446
12.291236	-1.649072	0.960709
12.279918	0.026895	8.435733
12.268600	-3.187995	-2.515381
12.257282	2.304825	2.144895
12.245964	-3.457886	-2.609601
12.234647	3.496670	1.197618
12.223329	0.350612	-7.184164
12.212011	-5.779059	1.807451
12.200693	-18.906868	2.266748
12.189375	-6.341185	1.961419
12.178057	6.174468	9.270849
12.166739	3.799309	0.311922
12.155421	-1.655160	6.759792
12.144103	-7.055518	4.402544
12.132786	-1.549746	3.421309
12.121468	8.841410	-2.358154
12.110150	-3.363455	-0.469492
12.098832	3.142013	2.872812
12.087514	-3.260630	-2.565521
12.076196	3.430892	10.864153
12.064878	-5.243896	-2.504982
12.053560	-1.496572	1.449769
12.042242	1.779595	11.404648
12.030924	-8.018519	4.621081
12.019607	-8.888756	-3.346882
12.008289	-5.366338	3.701843
11.996971	5.703452	5.190583
11.985653	6.410409	-5.979092
11.974335	-2.065131	0.569342
11.963017	7.178762	-5.972701
11.951699	-1.436123	-0.047975
11.940381	0.146790	-0.138323
11.929063	-0.523581	-5.801929
11.917745	-0.170415	-10.168052
11.906428	2.224537	-2.676650
11.895110	-4.667116	-2.342304
11.883792	9.354374	4.757760
11.872474	7.952028	4.402177
11.861156	2.147582	3.003641
11.849838	1.436913	0.505084
11.838520	2.820820	1.951735
11.827202	0.740212	-4.773979
11.815884	2.127682	5.150395
11.804566	6.622531	-10.213966
11.793249	-6.470843	-1.051488
11.781931	-7.655986	9.426214
11.770613	-0.176320	3.027092
11.759295	3.900954	4.429678
11.747977	-14.927835	6.883578
11.736659	2.816320	1.563200
11.725341	-3.870367	-2.114984
11.714023	-1.696364	1.576382
11.702705	1.050135	-0.026442
11.691388	-3.132541	9.418755
11.680070	-2.042479	-9.226732
11.668752	-5.204447	1.841529
11.657434	-2.947180	-0.440868
11.646116	-1.893061	3.029658
11.634798	-0.712510	-4.277436
11.623480	2.068033	-0.555423
11.612162	-5.549176	1.553300
11.600844	8.324730	2.198812
11.589526	-1.134004	3.867229
11.578209	1.119644	8.121834
11.566891	-2.780890	10.956278
11.555573	-3.223438	6.024571
11.544255	-0.662643	-1.440917
11.532937	5.365212	5.202117
11.521619	0.621746	-2.213951
11.510301	2.304785	4.368649
11.498983	6.281164	11.974163
11.487665	-3.015986	-10.174143
11.476347	1.643179	11.256561
11.465030	3.414039	-5.559045
11.453712	-2.931950	3.776967
11.442394	-3.808069	-4.163538
11.431076	5.344431	-6.757116
11.419758	-3.190588	5.674692
11.408440	8.573526	-2.545421
11.397122	6.139652	10.953023
11.385804	1.705537	-1.753608
11.374486	-1.275121	-5.015661
11.363169	1.554889	-0.483436
11.351851	-3.823045	3.986296
11.340533	0.788064	10.052349
11.329215	-3.617899	9.267630
11.317897	-4.099557	1.269776
11.306579	3.209990	8.445638
11.295261	2.713355	1.506950
11.283943	-11.753286	11.616209
11.272625	1.230620	9.085119
11.261307	-1.971926	-4.687970
11.249990	-2.597923	-0.667707
11.238672	-7.493588	-0.748696
11.227354	6.291479	-2.095438
11.216036	-5.006484	0.170893
11.204718	-6.474689	-4.496191
11.193400	-1.390016	0.885302
11.182082	-1.551332	-6.756996
11.170764	5.760662	4.453819
11.159446	-5.535934	1.416627
11.148128	0.986459	4.251304
11.136811	4.106108	6.492085
11.125493	-8.607970	-7.448351
11.114175	-11.906929	6.456247
11.102857	1.122183	2.747460
11.091539	7.779659	0.063564
11.080221	-7.490756	6.188169
11.068903	-6.836570	-0.167312
11.057585	-0.804846	1.279502
11.046267	5.068806	3.216937
11.034950	-0.696525	-1.356417
11.023632	-3.093279	9.494611
11.012314	7.945881	-7.407661
11.000996	-8.645859	-0.731109
10.989678	-1.411550	0.238307
10.978360	-0.714032	-13.877583
10.967042	1.377665	6.368678
10.955724	-3.443577	2.144104
10.944406	0.849911	-4.758091
10.933088	-9.814452	17.486027
10.921771	-4.233220	-3.732044
10.910453	0.664178	-7.193336
10.899135	-3.018248	-5.282406
10.887817	2.849810	-2.229917
10.876499	-8.959067	2.195204
10.865181	2.864940	1.739190
10.853863	0.647386	-5.212228
10.842545	-7.961433	-6.092557
10.831227	-3.243576	-1.593339
10.819909	-4.644530	1.626287
10.808592	5.307786	-3.350607
10.797274	9.560876	-1.069831
10.785956	2.862503	-5.376964
10.774638	-0.091858	1.871444
10.763320	-4.359728	4.101279
10.752002	-1.889362	0.925298
10.740684	3.688607	-4.916198
10.729366	7.184487	-4.854546
10.718048	-6.495103	-12.869651
10.706730	1.074554	-0.896102
10.695413	-0.181360	-3.126365
10.684095	-4.731002	-0.480676
10.672777	3.911213	7.340950
10.661459	2.655647	1.791578
10.650141	3.999890	0.723193
10.638823	-1.556480	6.133672
10.627505	-8.781338	1.751033
10.616187	-6.521676	-1.989747
10.604869	4.296286	0.215963
10.593552	-1.550525	-1.335505
10.582234	-1.570324	3.903074
10.570916	-5.011717	0.736635
10.559598	-5.322283	-1.109557
10.548280	7.341799	2.442322
10.536962	6.700510	6.195199
10.525644	-1.482692	5.046774
10.514326	-4.670605	-3.777563
10.503008	0.527730	0.382693
10.491690	1.356907	6.576923
10.480373	-1.838939	-6.506245
10.469055	-3.836476	5.041077
10.457737	1.633960	-3.843518
10.446419	1.429313	-4.193048
10.435101	1.352504	-2.901110
10.423783	-4.983235	3.743057
10.412465	4.242266	0.711732
10.401147	8.913587	-2.334296
10.389829	-5.141117	-1.206434
10.378511	2.957160	11.352421
10.367194	-7.814717	0.756935
10.355876	-6.254398	1.087541
10.344558	8.088125	-0.032438
10.333240	-2.233884	7.023096
10.321922	3.518290	2.680062
10.310604	-3.729972	5.657261
10.299286	3.367579	-2.390754
10.287968	-3.001676	-1.474452
10.276650	0.575449	-3.944155
10.265333	-3.682503	-5.471009
10.254015	3.228835	4.793303
10.242697	0.492380	-0.764932
10.231379	0.943919	10.137986
10.220061	-0.113531	-6.763330
10.208743	0.731514	0.445387
10.197425	-4.686809	-11.825690
10.186107	0.544233	3.295480
10.174789	3.465157	9.605361
10.163471	-6.766647	-7.656954
10.152154	-3.456789	-2.436351
10.140836	-8.726519	-1.847781
10.129518	-3.542794	4.420451
10.118200	-5.859926	-4.304903
10.106882	5.139870	1.525539
10.095564	2.539629	4.672334
10.084246	-1.319048	-0.379126
10.072928	7.383582	9.511602
10.061610	1.943803	3.220562
10.050292	-1.494007	5.738707
10.038975	11.498612	0.018251
10.027657	-3.250449	-7.557638
10.016339	-5.951544	7.687121
10.005021	-3.498450	4.016993
9.993703	1.640015	-12.537395
9.982385	-3.729421	5.940145
9.971067	0.223494	7.676120
9.959749	-0.436447	-6.231381
9.948431	-2.452941	-4.766905
9.937113	-1.636817	-0.754250
9.925796	-0.392003	8.102601
9.914478	4.832636	1.428801
9.903160	-0.471304	2.194770
9.891842	0.137350	6.017247
9.880524	2.847316	-0.013637
9.869206	2.789100	9.308280
9.857888	-7.587788	5.682230
9.846570	6.899238	6.054365
9.835252	-3.977224	10.287683
9.823935	0.299832	3.146212
9.812617	5.946128	0.876725
9.801299	4.479575	-1.516982
9.789981	5.949880	8.686204
9.778663	-5.122371	2.602996
9.767345	-5.717719	-9.090574
9.756027	1.437490	7.194711
9.744709	-1.184807	5.934716
9.733391	5.734452	-5.159600
9.722073	-2.471087	5.581059
9.710756	5.307909	-7.791888
9.699438	-0.173779	0.968369
9.688120	-5.494590	2.846130
9.676802	-4.442734	-1.692172
9.665484	1.346000	-2.639653
9.654166	1.339572	0.518659
9.642848	-2.382061	0.271877
9.631530	-0.224418	4.168047
9.620212	-4.823463	11.937811
9.608894	-1.433916	6.014341
9.597577	-4.658446	-11.275130
9.586259	-1.168860	-8.544829
9.574941	-0.000545	10.355904
9.563623	-1.186623	3.558212
9.552305	-5.343166	-2.864025
9.540987	-5.954282	-6.340847
9.529669	2.063385	4.313402
9.518351	0.049659	8.393207
9.507033	3.281665	-1.023777
9.495716	-8.839913	6.307428
9.484398	2.699861	-1.347198
9.473080	10.670805	11.578358
9.461762	-10.899378	3.549044
9.450444	-0.021588	-6.101066
9.439126	-3.453358	-0.112684
9.427808	1.188933	0.470502
9.416490	2.552321	-1.790111
9.405172	2.716849	0.965641
9.393854	3.170451	0.604952
9.382537	-8.989736	11.035702
9.371219	11.426207	-1.451051
9.359901	-6.519870	4.472684
9.348583	5.665949	2.131953
9.337265	-0.939486	3.460612
9.325947	-0.813704	4.617020
9.314629	0.471581	3.416266
9.303311	1.306264	3.469319
9.291993	-10.464112	-3.434021
9.280675	-2.529761	-1.313536
9.269358	-5.275398	-2.872416
9.258040	-5.555321	-4.826512
9.246722	8.083133	6.290701
9.235404	4.076535	0.749339
9.224086	1.598093	-6.254633
9.212768	-8.305103	5.830171
9.201450	3.465445	2.598727
9.190132	-4.647597	-2.350433
9.178814	-7.356371	3.078348
9.167497	9.132082	9.553070
9.156179	1.026518	0.517695
9.144861	0.890000	-4.333537
9.133543	3.330679	6.204087
9.122225	5.543388	2.480367
9.110907	-1.015703	11.653459
9.099589	4.541819	3.581261
9.088271	5.246926	-4.269773
9.076953	-0.924605	-1.412295
9.065635	-8.995506	-5.413186
9.054318	4.505898	5.122827
9.043000	-6.820174	7.780186
9.031682	0.031009	-3.748849
9.020364	6.109850	-6.400906
9.009046	-0.582647	-3.595665
8.997728	8.402451	3.304038
8.986410	-5.965923	-0.162332
8.975092	5.125638	-5.645162
8.963774	3.785050	0.302082
8.952456	-2.343590	-1.258372
8.941139	3.390903	5.050056
8.929821	-11.344558	3.757098
8.918503	-7.723232	-0.976273
8.907185	-1.767910	3.340820
8.895867	5.625840	-3.166700
8.884549	13.020409	8.820674
8.873231	-0.389422	-4.815701
8.861913	-0.826101	4.809978
8.850595	0.558372	0.555161
8.839277	2.038773	6.452906
8.827960	5.328863	0.405953
8.816642	-3.596285	-3.940703
8.805324	2.453763	1.707254
8.794006	-0.050120	4.324264
8.782688	13.253795	-4.346499
8.771370	4.190150	1.913748
8.760052	-1.787560	5.551004
8.748734	-1.824543	2.331929
8.737416	-1.275284	3.459349
8.726099	4.850400	3.570901
8.714781	1.319981	8.456167
8.703463	1.366466	0.896114
8.692145	5.403360	2.278853
8.680827	-0.138555	4.321605
8.669509	0.324585	-2.229041
8.658191	-2.427755	0.222388
8.646873	-4.236147	-5.674943
8.635555	-1.346241	8.696225
8.624237	-4.507662	4.892067
8.612920	-2.440494	-18.729952
8.601602	-2.055034	15.298716
8.590284	-12.408604	-5.814960
8.578966	-3.627619	4.141706
8.567648	0.183115	-5.266510
8.556330	7.346687	4.821091
8.545012	-7.521079	-2.585592
8.533694	-5.827493	4.578676
8.522376	4.346999	-1.831352
8.511058	3.387211	1.563309
8.499741	-0.492931	-0.140701
8.488423	2.088616	-6.071762
8.477105	-1.551728	-1.389284
8.465787	4.807266	-2.365612
8.454469	-8.141951	0.272391
8.443151	-4.997371	-6.092143
8.431833	9.159255	9.132889
8.420515	-6.955725	2.910888
8.409197	6.644858	-2.951094
8.397880	-1.898733	1.368231
8.386562	3.137423	-4.062117
8.375244	0.108960	5.777224
8.363926	-1.278691	5.352600
8.352608	-2.727057	3.023420
8.341290	8.836773	3.173964
8.329972	-0.277589	-4.685795
8.318654	-1.711046	6.052175
8.307336	0.792090	-6.487232
8.296018	-2.136465	-2.252582
8.284701	-0.538991	-4.090059
8.273383	8.298633	-2.627676
8.262065	3.005288	-4.552698
8.250747	3.576094	-5.166388
8.239429	2.420344	-4.260389
8.228111	-0.910352	-3.072114
8.216793	-3.308928	2.954305
8.205475	-2.567200	-3.533662
8.194157	4.835450	3.708333
8.182839	-3.287751	7.493504
8.171522	0.411664	8.014475
8.160204	1.981978	-7.485616
8.148886	3.432523	-3.575107
8.137568	4.467460	1.201669
8.126250	0.541777	1.936194
8.114932	-2.174909	6.749090
8.103614	1.526890	-9.148572
8.092296	-2.406091	3.040223
8.080978	3.536808	-0.434103
8.069661	-0.805150	1.987510
8.058343	-0.920963	-3.216021
8.047025	-1.058494	0.541253
8.035707	8.995472	9.107001
8.024389	-0.119805	-2.583096
8.013071	-3.812335	-3.205671
8.001753	-9.097685	4.674320
7.990435	3.672988	-9.905413
7.979117	1.637820	8.107454
7.967799	-3.450965	-8.618166
7.956482	4.518083	3.778154
7.945164	-4.679112	0.445128
7.933846	6.656660	-2.360316
7.922528	-5.021670	-5.029269
7.911210	2.009253	12.654386
7.899892	-3.335698	-4.429947
7.888574	-3.937967	8.150582
7.877256	1.629303	4.012931
7.865938	4.883260	1.374027
7.854620	5.222024	-3.574737
7.843303	5.790331	-4.695817
7.831985	-6.228660	0.201892
7.820667	-4.030879	-10.352497
7.809349	1.080341	-6.045410
7.798031	2.344762	-4.212934
7.786713	1.558196	1.661692
7.775395	6.283948	0.910277
7.764077	-3.726527	0.849587
7.752759	-8.139822	-0.811368
7.741441	-6.805190	4.401172
7.730124	3.432575	15.075453
7.718806	-2.486517	7.332724
7.707488	1.046176	5.555232
7.696170	3.056499	-5.182745
7.684852	6.281957	7.525817
7.673534	-2.769751	10.305012
7.662216	4.572469	-2.527587
7.650898	-1.036005	0.257269
7.639580	11.778476	9.785846
7.628263	-11.129330	-0.251375
7.616945	2.497183	1.413325
7.605627	-3.877537	-0.948599
7.594309	4.189369	-5.282218
7.582991	-4.538465	-3.098540
7.571673	2.080586	0.839506
7.560355	8.619812	3.991234
7.549037	-7.588006	1.645642
7.537719	1.099310	6.263784
7.526401	-5.118207	1.987468
7.515084	3.244381	-0.387508
7.503766	-1.618844	8.448899
7.492448	1.021275	-2.740735
7.481130	4.571343	5.321167
7.469812	-8.872047	4.841021
7.458494	7.723754	-2.457915
7.447176	5.366338	8.127470
7.435858	-7.729730	-9.736876
7.424540	7.690631	-2.749291
7.413222	-2.016403	4.543170
7.401905	12.229559	-1.607309
7.390587	0.768498	2.733590
7.379269	0.245487	-0.142769
7.367951	7.038455	2.248884
7.356633	1.448234	5.305422
7.345315	6.690482	9.095210
7.333997	-1.153747	5.243447
7.322679	3.702412	-3.923663
7.311361	3.788987	-2.861076
7.300044	3.760201	0.078615
7.288726	0.243025	1.308816
7.277408	-4.444678	6.919409
7.266090	-3.860335	4.597418
7.254772	2.109899	-2.203041
7.243454	-4.299999	-0.343623
7.232136	9.720803	5.881866
7.220818	3.104303	-6.164649
7.209500	-10.608018	6.049642
7.198182	5.151384	-5.090691
7.186865	2.505644	3.240549
7.175547	6.129056	-3.442420
7.164229	-2.806471	0.358097
7.152911	-3.045350	-0.986672
7.141593	-4.911750	5.530426
7.130275	0.701959	-7.234847
7.118957	0.868562	4.978445
7.107639	12.039058	6.355693
7.096321	0.729799	8.166641
7.085003	6.465871	-2.430101
7.073686	2.784405	-3.550230
7.062368	2.021642	1.137292
7.051050	0.272858	4.503242
7.039732	-8.320515	0.214297
7.028414	3.406520	-1.259546
7.017096	-1.754860	7.640132
7.005778	-2.310222	0.243002
6.994460	3.808258	1.286109
6.983142	1.450457	-5.924933
6.971825	-0.434948	-2.093256
6.960507	4.899244	6.768446
6.949189	6.536640	-4.201524
6.937871	3.789000	-4.411941
6.926553	4.818049	-1.811319
6.915235	-1.746019	0.288017
6.903917	-5.103261	2.129240
6.892599	6.605910	2.925724
6.881281	1.114885	3.796345
6.869963	0.272861	-4.921385
6.858646	3.750969	-1.871376
6.847328	5.451785	-0.697884
6.836010	-0.625692	-8.363335
6.824692	-0.942288	0.436818
6.813374	4.875516	3.684244
6.802056	3.120117	-0.557107
6.790738	0.981997	5.108293
6.779420	1.933243	5.364911
6.768102	-0.268306	6.361157
6.756784	-5.260064	-0.627758
6.745467	-2.218930	1.960147
6.734149	2.913007	-5.487349
6.722831	-2.683444	-5.707401
6.711513	0.009806	0.515297
6.700195	-8.789788	4.270290
6.688877	-3.150642	-0.872281
6.677559	-2.979757	-1.659119
6.666241	-0.494704	-1.424596
6.654923	2.395108	3.780722
6.643605	-3.396814	6.933967
6.632288	-0.354713	-1.031643
6.620970	-5.808182	-3.639894
6.609652	2.164737	-7.801218
6.598334	-2.843951	2.750922
6.587016	2.825285	-0.037036
6.575698	-8.065369	0.864465
6.564380	-5.449165	8.247802
6.553062	7.383011	3.895374
6.541744	-1.607381	0.597505
6.530427	-2.991189	-8.494739
6.519109	-2.952082	-5.169704
6.507791	5.324848	-4.863926
6.496473	5.597179	3.977192
6.485155	9.279950	10.171513
6.473837	-3.320329	2.264302
6.462519	1.819371	-2.554805
6.451201	0.843045	-5.468602
6.439883	-2.861013	1.859439
6.428565	0.444352	0.344999
6.417248	1.205796	-1.923139
6.405930	7.120393	0.286631
6.394612	3.756188	4.395792
6.383294	5.549581	-1.953872
6.371976	2.648178	-4.004613
6.360658	-3.969930	8.329456
6.349340	-0.837131	3.188572
6.338022	-5.977380	6.722736
6.326704	3.705656	-7.377544
6.315386	0.151175	3.570130
6.304069	-3.088115	2.119983
6.292751	-3.404368	-6.292990
6.281433	-0.756540	0.988242
6.270115	-1.493135	-4.090011
6.258797	4.558019	0.375656
6.247479	-1.493154	4.582211
6.236161	-0.508170	5.901779
6.224843	-1.335085	4.785368
6.213525	-0.531952	-0.768606
6.202208	9.395367	5.576739
6.190890	-6.956070	1.597284
6.179572	-6.286470	7.808579
6.168254	-3.483254	-1.346288
6.156936	6.062728	-11.285893
6.145618	4.833223	6.740942
6.134300	-1.047910	1.968997
6.122982	-3.448918	-1.704891
6.111664	-1.017309	7.140714
6.100346	8.434558	0.448037
6.089029	-0.067716	6.799408
6.077711	-0.604217	1.229371
6.066393	13.902728	1.820950
6.055075	-1.823645	-6.103170
6.043757	-1.573810	-6.557837
6.032439	3.843491	-0.288331
6.021121	-5.705130	2.885904
6.009803	-2.717697	2.107702
5.998485	-2.920150	-8.360968
5.987167	4.563673	3.733014
5.975850	-8.234455	-1.517192
5.964532	1.939251	-3.583204
5.953214	-1.049157	7.275287
5.941896	-6.669276	5.106884
5.930578	-2.831148	-5.765014
5.919260	5.137333	3.762919
5.907942	3.799794	-7.491601
5.896624	-4.216209	8.658200
5.885306	4.267925	-0.687874
5.873989	5.302305	7.418434
5.862671	3.300461	16.617599
5.851353	3.854013	-2.018266
5.840035	0.118243	-4.992821
5.828717	3.468306	-8.886505
5.817399	-0.595711	-4.873497
5.806081	8.784317	-2.181686
5.794763	-0.537437	-6.033864
5.783445	2.411734	11.380365
5.772127	-5.276828	-6.049945
5.760810	4.814947	-1.067496
5.749492	5.645292	-3.308864
5.738174	8.246198	0.704676
5.726856	-4.181249	3.597400
5.715538	-0.250361	1.706755
5.704220	1.434421	-0.425800
5.692902	9.093214	0.486837
5.681584	-0.208347	1.414648
5.670266	-2.320075	-5.123963
5.658948	0.541600	1.032795
5.647631	3.838144	-4.558321
5.636313	-0.810500	7.453771
5.624995	1.464436	5.019022
5.613677	-3.312948	2.305683
5.602359	2.256502	-9.380366
5.591041	2.114401	-11.049989
5.579723	9.075363	2.102393
5.568405	-9.733547	-8.842788
5.557087	11.158933	-5.895656
5.545769	-1.427950	4.763374
5.534452	13.493615	0.228784
5.523134	-1.523446	-2.603053
5.511816	1.853055	-9.431005
5.500498	-2.935880	3.129001
5.489180	-3.725563	5.416378
5.477862	2.686195	-6.543787
5.466544	0.698701	10.356479
5.455226	9.748641	-5.281981
5.443908	-4.021372	4.074474
5.432591	-3.648313	0.315726
5.421273	1.575078	-4.560002
5.409955	0.200625	-8.018076
5.398637	6.946859	2.044706
5.387319	-3.092587	11.026036
5.376001	6.323004	10.955466
5.364683	3.443251	7.678401
5.353365	0.900313	-4.203210
5.342047	0.603762	11.998330
5.330729	-5.382729	4.427626
5.319412	-3.306356	3.990741
5.308094	0.848113	2.707636
5.296776	-3.623357	13.332178
5.285458	7.410296	-2.372064
5.274140	-11.175998	3.657992
5.262822	6.392467	-2.834938
5.251504	-1.896628	0.520285
5.240186	3.813819	11.791282
5.228868	1.866061	-0.198710
5.217550	-0.191917	6.878154
5.206233	-0.155964	-9.577365
5.194915	-0.112247	-0.230261
5.183597	-0.972988	1.541053
5.172279	0.773062	-15.692569
5.160961	-0.873121	2.972956
5.149643	-3.229614	-1.622391
5.138325	-1.486693	-2.489260
5.127007	-9.585443	-1.888150
5.115689	2.556434	-4.090997
5.104372	-5.531550	-0.029979
5.093054	-13.777040	-2.158937
5.081736	-3.164488	4.314995
5.070418	0.474378	0.262139
5.059100	-2.563799	-0.412800
5.047782	3.780541	12.045220
5.036464	-0.912212	9.595091
5.025146	-0.545700	-1.964512
5.013828	-0.887039	1.031344
5.002510	7.568533	0.022194
4.991193	5.725818	-2.962367
4.979875	4.518240	1.160090
4.968557	-8.531481	-2.711941
4.957239	6.850753	-5.943533
4.945921	-1.708816	-1.995940
4.934603	5.458622	2.867058
4.923285	-3.999640	-5.574414
4.911967	0.934537	2.284144
4.900649	-0.968889	-1.383146
4.889331	-8.526211	-2.888427
4.878014	3.410032	-14.100596
4.866696	-3.958721	-4.122396
4.855378	1.319278	12.934467
4.844060	-5.684677	0.094623
4.832742	-3.600967	-1.060312
4.821424	-3.822655	5.033395
4.810106	3.847569	1.752071
4.798788	-0.631681	5.137553
4.787470	1.142453	-0.837678
4.776153	6.104058	-3.768717
4.764835	-0.638783	7.204990
4.753517	-2.405574	7.147062
4.742199	-0.307621	0.605847
4.730881	-2.788095	8.093045
4.719563	-10.251131	-2.167684
4.708245	-2.833200	1.800765
4.696927	-10.439551	8.820102
4.685609	1.097676	7.783617
4.674291	4.954348	7.424860
4.662974	4.560225	3.083365
4.651656	6.032752	3.581767
4.640338	-0.510614	4.271909
4.629020	-7.350877	0.963259
4.617702	-4.882269	5.118762
4.606384	-3.443693	0.686279
4.595066	4.373657	2.011013
4.583748	5.556824	-5.294607
4.572430	-0.654577	5.831530
4.561112	-6.010505	6.945716
4.549795	1.240843	1.535505
4.538477	0.072849	8.266646
4.527159	-3.865287	2.540101
4.515841	2.788804	2.658791
4.504523	1.286000	6.300790
4.493205	3.009667	-1.519603
4.481887	-2.693320	10.163451
4.470569	-3.690071	-6.163583
4.459251	-6.541728	-2.640443
4.447933	-5.025536	-3.656954
4.436616	5.417466	2.747952
4.425298	-0.067982	6.913566
4.413980	1.407500	-2.173525
4.402662	15.104317	9.747959
4.391344	-0.497573	4.827563
4.380026	-4.332828	8.400975
4.368708	-2.988214	10.342980
4.357390	-5.618710	2.138586
4.346072	11.714886	0.643538
4.334755	-3.504100	-5.205509
4.323437	11.031593	-4.199447
4.312119	2.316499	-1.868912
4.300801	4.084410	-4.298806
4.289483	-3.490358	10.996684
4.278165	-0.351112	3.174485
4.266847	10.028977	0.987284
4.255529	5.199289	8.717733
4.244211	-0.257279	-0.985422
4.232893	-3.050986	5.140793
4.221576	7.756920	-0.309803
4.210258	0.868165	-4.793865
4.198940	1.367797	0.289121
4.187622	0.792881	3.255354
4.176304	-0.287061	-2.999469
4.164986	-7.927006	2.228745
4.153668	-1.757718	0.878275
4.142350	2.258461	0.355810
4.131032	-4.188624	-0.842076
4.119714	9.055206	2.250644
4.108397	-6.109410	-6.276690
4.097079	-2.919301	-3.232152
4.085761	6.271529	-4.885842
4.074443	-1.247996	4.538759
4.063125	1.269284	11.096946
4.051807	2.716905	13.578083
4.040489	-2.326979	-1.999978
4.029171	3.271656	-3.235129
4.017853	5.943269	3.072222
4.006536	7.098594	12.056887
3.995218	3.361458	2.706316
3.983900	-11.085180	0.805567
3.972582	-4.803387	3.460001
3.961264	-0.773764	-2.062661
3.949946	2.008790	4.199589
3.938628	-8.949955	3.379407
3.927310	-3.887269	0.970949
3.915992	-12.908564	-3.588154
3.904674	-4.296543	1.541629
3.893357	-1.464649	6.331804
3.882039	-8.148377	1.153846
3.870721	-0.407167	-10.831728
3.859403	1.891104	1.257461
3.848085	-0.342839	1.230591
3.836767	-3.223533	-1.640735
3.825449	-7.628550	-2.372607
3.814131	-0.670136	0.223004
3.802813	-0.719286	-1.881959
3.791495	-7.534535	-1.314448
3.780178	2.415925	9.045234
3.768860	5.761722	-4.320029
3.757542	-5.331030	2.821292
3.746224	-5.118390	-0.626808
3.734906	6.098417	-0.287516
3.723588	0.341067	2.161853
3.712270	-6.086619	2.788228
3.700952	3.007013	-2.765523
3.689634	2.414830	-3.866614
3.678317	2.129808	4.740539
3.666999	0.026509	6.667459
3.655681	-2.251891	-1.826146
3.644363	-6.911533	-1.238007
3.633045	-1.545230	-2.140767
3.621727	3.903929	3.726812
3.610409	-6.960464	9.553833
3.599091	-3.167649	-4.304864
3.587773	1.312693	12.586959
3.576455	0.712169	3.157174
3.565138	2.893442	-2.401283
3.553820	-1.220547	12.410367
3.542502	-10.093481	0.011852
3.531184	4.946921	-0.456015
3.519866	1.666543	-0.331752
3.508548	0.213573	-10.985380
3.497230	-2.591928	11.692127
3.485912	1.072524	2.619387
3.474594	-5.203483	2.923295
3.463276	-7.334723	2.090267
3.451959	8.949344	-1.547626
3.440641	0.076972	7.361402
3.429323	8.381583	7.718040
3.418005	6.817461	-3.315835
3.406687	0.207453	2.121941
3.395369	3.912787	2.138965
3.384051	1.244880	2.806921
3.372733	-4.573625	2.485232
3.361415	6.404952	2.152936
3.350097	4.179371	2.440769
3.338780	3.933112	-7.206899
3.327462	5.291960	-6.022475
3.316144	3.681756	2.380781
3.304826	1.967721	3.968741
3.293508	-5.040906	5.429396
3.282190	3.782463	7.825661
3.270872	-9.218836	4.358359
3.259554	1.800721	-3.003064
3.248236	-1.046496	8.462043
3.236919	2.153088	-5.488587
3.225601	-0.223907	-0.796628
3.214283	5.577882	4.339231
3.202965	-5.978079	2.212893
3.191647	-5.431239	5.784776
3.180329	-0.777462	2.250183
3.169011	0.556547	-4.525136
3.157693	-10.933523	1.290517
3.146375	-2.652822	2.503209
3.135057	-0.465886	4.628010
3.123740	-4.014617	-2.203660
3.112422	-4.036790	-7.884948
3.101104	-11.907148	3.694744
3.089786	1.208576	8.614985
3.078468	3.053899	-1.902339
3.067150	-0.753292	-2.240134
3.055832	1.704683	4.443150
3.044514	-1.668985	5.620363
3.033196	-4.687309	0.334404
3.021878	4.006100	2.260122
3.010561	-0.791638	3.845993
2.999243	5.297561	9.533211
2.987925	9.732874	10.275486
2.976607	-2.738185	-0.717176
2.965289	2.420343	2.640603
2.953971	-0.989446	10.069997
2.942653	12.064596	3.852194
2.931335	-1.686897	9.264076
2.920017	-3.131279	1.004022
2.908700	0.309871	-0.391644
2.897382	1.400200	-0.940063
2.886064	1.433891	-1.841786
2.874746	5.255828	-1.349235
2.863428	0.480048	-0.492260
2.852110	2.236961	3.977515
2.840792	0.017250	-8.682055
2.829474	7.947404	-1.703962
2.818156	4.022958	7.148478
2.806838	2.829385	1.992329
2.795521	-0.788811	-0.545094
2.784203	-2.769192	-5.617535
2.772885	4.798823	-3.963596
2.761567	-10.868215	11.810352
2.750249	7.284655	4.166616
2.738931	2.106498	-12.463102
2.727613	-6.244519	-13.153571
2.716295	0.507319	0.485640
2.704977	0.842767	9.845210
2.693659	5.479487	-1.618213
2.682342	1.296171	-5.260766
2.671024	1.805315	4.418127
2.659706	6.240385	0.272255
2.648388	9.241134	-4.748311
2.637070	3.235351	11.262308
2.625752	3.901445	-4.362959
2.614434	-8.167424	-8.648237
2.603116	7.778580	4.934179
2.591798	9.393757	11.531967
2.580480	-12.190362	0.951420
2.569163	1.339303	9.747277
2.557845	-1.512825	1.210051
2.546527	14.843803	-0.515542
2.535209	4.409285	5.042172
2.523891	4.696692	2.131354
2.512573	-3.792704	12.596147
2.501255	-15.476242	0.689250
2.489937	2.451906	6.007092
2.478619	-2.104750	3.583307
2.467302	-13.642427	11.326838
2.455984	2.182774	-1.599019
2.444666	-4.971711	-3.735073
2.433348	-2.095060	1.237301
2.422030	-6.977808	10.089439
2.410712	-11.031921	8.078723
2.399394	-3.097006	-0.952377
2.388076	-8.314691	1.776395
2.376758	2.381868	3.067440
2.365440	5.353537	6.018610
2.354123	-8.114061	-6.377720
2.342805	-3.771042	-0.469362
2.331487	4.637241	4.340202
2.320169	0.800356	-6.422235
2.308851	-1.707887	-3.501813
2.297533	-3.040098	-0.793454
2.286215	-1.947845	3.962215
2.274897	5.796119	12.233786
2.263579	-4.538572	8.782907
2.252261	0.492318	-0.901367
2.240944	10.838166	-9.464788
2.229626	5.113833	3.740143
2.218308	1.898364	0.313596
2.206990	-2.833495	1.015937
2.195672	0.615843	2.475715
2.184354	-0.314138	6.657092
2.173036	-4.790733	0.728811
2.161718	-14.132133	-3.558208
2.150400	3.061564	-15.771027
2.139083	-0.289153	7.526620
2.127765	2.980570	-0.404719
2.116447	8.881066	-0.955446
2.105129	-8.629128	2.754853
2.093811	-0.795171	2.474696
2.082493	9.475550	3.243936
2.071175	-1.571912	-4.468556
2.059857	-8.583892	3.348894
2.048539	4.467063	-1.390298
2.037221	5.731997	-2.080086
2.025904	-3.150740	-1.052726
2.014586	9.554111	1.985280
2.003268	-3.583573	7.255526
1.991950	-2.831222	-3.324957
1.980632	-2.724249	-6.323409
1.969314	-0.158205	5.865164
1.957996	2.179183	5.937204
1.946678	-1.062124	0.511564
1.935360	-3.895209	7.458989
1.924042	-2.032469	-7.391825
1.912725	-2.311939	-5.722319
1.901407	5.394203	-0.376813
1.890089	-1.128178	5.014518
1.878771	-4.563622	3.619265
1.867453	-1.089498	-1.387366
1.856135	2.212335	-1.138167
1.844817	0.033032	0.764255
1.833499	0.193815	-1.792170
1.822181	0.879427	3.156774
1.810864	1.019622	-4.308929
1.799546	-1.110849	-0.002644
1.788228	-9.047764	-1.013168
1.776910	5.356458	3.466127
1.765592	11.473528	3.441437
1.754274	5.541731	-3.457492
1.742956	-2.149871	4.029600
1.731638	8.029175	-2.603550
1.720320	-5.927635	0.745496
1.709002	0.603897	-8.175087
1.697685	-7.801962	1.787286
1.686367	2.814132	-6.495399
1.675049	7.551115	-0.658612
1.663731	-0.551384	2.329353
1.652413	-15.791232	2.075042
1.641095	9.960994	2.308975
1.629777	4.990648	-1.394941
1.618459	4.447911	4.984734
1.607141	-6.478521	0.826491
1.595823	1.054103	-0.075028
1.584506	-3.676059	-0.129268
1.573188	12.264114	-1.301022
1.561870	6.382362	1.139082
1.550552	-0.300931	8.807839
1.539234	-3.364623	1.064012
1.527916	-0.666844	2.438348
1.516598	-2.500698	1.691862
1.505280	5.429925	2.631752
1.493962	-9.859584	10.392416
1.482644	-8.362075	5.797757
1.471327	-4.397905	-3.281327
1.460009	-7.721172	4.837202
1.448691	9.337165	-5.275845
1.437373	-0.626564	-0.090178
1.426055	-2.248014	-2.891118
1.414737	-7.001567	3.470105
1.403419	10.536958	-9.791902
1.392101	-0.521361	-2.538733
1.380783	4.093159	6.251793
1.369466	-2.099354	-1.914165
1.358148	2.288301	-8.336143
1.346830	-1.767733	-1.900338
1.335512	2.755133	3.026288
1.324194	3.498665	2.420172
1.312876	-3.806754	-2.950895
1.301558	-0.255371	9.038436
1.290240	-2.082852	4.784769
1.278922	-2.189928	-12.831777
1.267604	0.349472	3.109539
1.256287	5.008481	-2.749147
1.244969	2.386923	2.816749
1.233651	-8.329768	4.113720
1.222333	0.665335	5.717186
1.211015	-5.590395	-7.778743
1.199697	4.701731	-8.647179
1.188379	-1.890141	-1.093005
1.177061	-3.466199	1.607839
1.165743	5.436237	-0.173805
1.154425	6.701168	-2.705226
1.143108	-2.103042	8.452415
1.131790	-2.440126	1.387399
1.120472	2.151742	3.693908
1.109154	1.399471	-3.805042
1.097836	-3.604139	-0.479008
1.086518	-4.840531	6.678245
1.075200	-13.890127	4.247988
1.063882	0.362273	-7.923172
1.052564	-0.420375	2.802851
1.041247	-1.360535	11.702327
1.029929	-6.170657	11.087304
1.018611	1.814038	3.680812
1.007293	-8.514852	-7.826976
0.995975	6.864489	8.365306
0.984657	3.185338	3.211668
0.973339	-8.366259	2.777994
0.962021	-1.033209	-4.302334
0.950703	0.959164	-2.697825
0.939385	9.443974	-0.096206
0.928068	-3.068384	-0.034030
0.916750	-0.178385	-1.021278
0.905432	-1.346600	-0.646945
0.894114	7.976967	2.382402
0.882796	8.474627	3.996353
0.871478	-4.799148	-4.559190
0.860160	-4.598947	7.785886
0.848842	-8.428287	-0.054942
0.837524	-4.194530	-11.104771
0.826206	10.586007	-3.967394
0.814889	4.898379	1.634846
0.803571	0.673526	4.107617
0.792253	1.926190	1.929976
0.780935	4.402332	-2.190492
0.769617	-4.951245	-3.021634
0.758299	0.770077	9.638387
0.746981	-3.536825	-4.998493
0.735663	-2.369412	-7.543183
0.724345	-9.986113	8.698107
0.713028	0.538610	-0.581356
0.701710	0.411592	7.201513
0.690392	-3.932987	4.452111
0.679074	5.905929	2.623448
0.667756	2.336133	-7.175222
0.656438	0.299681	8.974852
0.645120	5.787008	-2.039771
0.633802	-4.074708	5.532346
0.622484	-2.460414	-1.033586
0.611166	0.485690	3.392163
0.599849	0.476412	-5.773225
0.588531	7.127465	-1.095652
0.577213	1.171233	-3.291127
0.565895	-4.731159	5.958664
0.554577	3.932629	-2.486001
0.543259	0.612762	4.047987
0.531941	0.241590	-6.226578
0.520623	-1.269561	-1.447421
0.509305	-3.574629	6.941180
0.497987	-1.662459	-3.947162
0.486670	-0.043379	-3.981488
0.475352	-0.402615	-5.275210
0.464034	1.014895	0.979733
0.452716	-11.567289	8.546602
0.441398	0.838115	4.515330
0.430080	1.134974	2.534105
0.418762	2.563981	2.129085
0.407444	-4.897158	2.429374
0.396126	1.313882	10.725312
0.384808	2.626405	0.636576
0.373491	18.212784	1.359844
0.362173	0.030319	3.680411
0.350855	1.317635	-6.749741
0.339537	7.405904	-6.304852
0.328219	-10.536337	-13.765382
0.316901	-0.594144	-1.619945
0.305583	1.454278	-1.015344
0.294265	-3.842985	-0.341191
0.282947	2.153303	6.390276
0.271630	-3.950310	3.478010
0.260312	6.384232	0.711233
0.248994	-3.740333	0.539371
0.237676	8.834113	0.690447
0.226358	5.024636	-0.232560
0.215040	-0.578574	-13.189829
0.203722	1.034023	-2.980367
0.192404	8.250624	2.241880
0.181086	3.699068	-2.233484
0.169768	-12.421548	5.675797
0.158451	-3.239187	-1.422201
0.147133	-1.413790	0.120556
0.135815	-4.443582	-5.958124
0.124497	4.293701	4.708922
0.113179	1.999446	6.098279
0.101861	0.383770	-3.463852
0.090543	-3.153912	0.837653
0.079225	0.153906	4.864686
0.067907	0.843373	-5.676057
0.056589	-0.996064	5.007871
0.045272	3.434599	-1.047984
0.033954	8.633508	4.183236
0.022636	-2.235298	-1.589246
0.011318	3.322007	2.106548
0.000000	-1.958251	-0.439181
-0.011318	-5.681771	10.111656
-0.022636	-1.018438	3.059414
-0.033954	-6.580543	-7.286280
-0.045272	-2.479411	0.335107
-0.056589	5.439395	-3.132019
-0.067907	5.562070	6.132912
-0.079225	0.459990	2.105901
-0.090543	-1.168263	1.509879
-0.101861	-1.657126	0.761939
-0.113179	-2.338565	5.310099
-0.124497	3.672355	1.760209
-0.135815	0.275399	6.019414
-0.147133	-0.909104	-1.811194
-0.158451	5.406487	-5.158491
-0.169768	0.552217	-0.834043
-0.181086	0.184735	-0.831439
-0.192404	8.410972	-10.217304
-0.203722	-0.996160	4.310405
-0.215040	1.237098	0.693385
-0.226358	-3.939019	-0.348660
-0.237676	-3.132326	-1.515607
-0.248994	6.431006	11.509206
-0.260312	-7.763030	-0.282390
-0.271630	1.535727	-4.914025
-0.282947	-2.828357	5.980219
-0.294265	4.372566	-0.877389
-0.305583	6.254546	-3.674082
-0.316901	-3.407199	-0.331343
-0.328219	0.542266	-6.432423
-0.339537	3.692849	2.151494
-0.350855	-1.265087	1.199309
-0.362173	-0.282377	8.390707
-0.373491	-3.780270	3.857834
-0.384808	6.832850	-1.988423
-0.396126	-5.827908	5.595801
-0.407444	2.339698	-2.285069
-0.418762	0.406712	-8.586614
-0.430080	2.801172	7.248678
-0.441398	-0.907517	-1.532534
-0.452716	5.111372	4.893868
-0.464034	-9.671903	-0.833759
-0.475352	2.010585	3.747823
-0.486670	-2.037583	-5.419466
-0.497987	-3.205898	-4.852763
-0.509305	-5.306060	3.306217
-0.520623	9.292660	-3.043046
-0.531941	-4.197474	7.154967
-0.543259	2.303241	-3.750264
-0.554577	4.054554	7.950249
-0.565895	0.944993	-2.567294
-0.577213	5.447341	3.099230
-0.588531	-7.710212	3.710737
-0.599849	-6.112575	-3.334718
-0.611166	5.165514	1.231942
-0.622484	2.552924	-0.780351
-0.633802	-8.298221	-4.910312
-0.645120	-2.296341	2.772434
-0.656438	-1.108546	-5.690737
-0.667756	-5.709163	-2.338051
-0.679074	-2.948574	1.146649
-0.690392	7.306390	-6.426036
-0.701710	3.658174	3.780139
-0.713028	-5.835572	-2.521459
-0.724345	5.742877	5.237016
-0.735663	-5.837269	-2.270119
-0.746981	-1.383512	4.122342
-0.758299	1.308899	0.206397
-0.769617	-6.899664	1.178413
-0.780935	-6.729968	3.510491
-0.792253	-2.646894	9.582742
-0.803571	0.484642	-4.217165
-0.814889	2.326842	2.047380
-0.826206	-1.328475	3.092722
-0.837524	-3.364608	-7.804783
-0.848842	-3.746222	-2.395674
-0.860160	4.505707	2.434808
-0.871478	0.938011	5.802455
-0.882796	-1.714480	3.209345
-0.894114	2.621870	16.955120
-0.905432	-1.412594	-1.296755
-0.916750	-1.209062	-1.269529
-0.928068	-7.147389	-2.411002
-0.939385	-9.154533	0.930480
-0.950703	8.422295	2.058106
-0.962021	6.560079	0.962163
-0.973339	-0.034563	0.309243
-0.984657	0.708152	3.344139
-0.995975	-2.730437	-7.658103
-1.007293	13.198230	-5.038273
-1.018611	-9.716865	2.473963
-1.029929	-3.261263	1.960231
-1.041247	3.862745	9.078054
-1.052564	-8.369550	1.907811
-1.063882	-1.626840	3.960013
-1.075200	3.834892	10.147544
-1.086518	-2.991547	1.895183
-1.097836	-9.821170	12.973763
-1.109154	5.096765	-2.764170
-1.120472	1.111898	-4.566243
-1.131790	-0.116217	-3.494609
-1.143108	3.702793	2.221538
-1.154425	-2.363529	9.749085
-1.165743	1.842043	-5.569167
-1.177061	-1.843098	5.239594
-1.188379	-0.047140	1.683019
-1.199697	1.375302	-4.632718
-1.211015	-0.069967	5.998190
-1.222333	-2.063354	0.245281
-1.233651	6.907361	-2.114438
-1.244969	5.646761	-6.428973
-1.256287	-0.821998	6.684913
-1.267604	-1.304109	3.647050
-1.278922	1.234576	-3.301723
-1.290240	-1.638718	4.233907
-1.301558	2.237878	5.324811
-1.312876	1.877485	3.812987
-1.324194	-3.985688	6.047995
-1.335512	-2.744550	5.474210
-1.346830	1.697001	-0.224757
-1.358148	-10.063108	4.646744
-1.369466	-9.137187	-0.579815
-1.380783	-7.979644	6.585303
-1.392101	-0.141331	4.994701
-1.403419	2.817763	-3.315536
-1.414737	5.583684	5.650818
-1.426055	-0.491994	0.419479
-1.437373	4.520764	-1.168212
-1.448691	-3.272418	-4.189283
-1.460009	2.547443	-3.724383
-1.471327	4.407969	0.003258
-1.482644	-11.344133	3.920663
-1.493962	0.723638	6.305788
-1.505280	-15.058220	7.865572
-1.516598	-0.970088	-1.969526
-1.527916	-1.685167	1.864321
-1.539234	2.956921	0.744193
-1.550552	-3.392342	3.902987
-1.561870	-0.016801	-0.564084
-1.573188	-2.970073	2.597314
-1.584506	-9.776000	-6.793417
-1.595823	-0.786956	1.635311
-1.607141	6.791162	8.849948
-1.618459	-6.320878	4.851822
-1.629777	0.454450	13.872349
-1.641095	4.784600	3.291263
-1.652413	-0.849942	-7.424758
-1.663731	-12.150261	12.558949
-1.675049	0.599845	-5.632284
-1.686367	6.016582	5.453142
-1.697685	1.800312	2.167063
-1.709002	7.324522	-0.263649
-1.720320	-5.075670	-6.039303
-1.731638	-2.880114	-3.821429
-1.742956	-0.837738	12.637792
-1.754274	-3.880896	-0.896609
-1.765592	2.577284	6.628865
-1.776910	6.061539	9.703465
-1.788228	1.911234	-4.714830
-1.799546	2.978364	2.109412
-1.810864	2.439359	3.886698
-1.822181	3.181890	-5.154876
-1.833499	2.041949	0.185370
-1.844817	2.614991	-1.357786
-1.856135	-5.651737	0.913978
-1.867453	-3.832156	-1.437354
-1.878771	2.559516	-5.710489
-1.890089	-3.629110	10.932842
-1.901407	-3.184099	3.732126
-1.912725	-4.977744	5.424413
-1.924042	4.133249	-3.710433
-1.935360	-0.091021	4.217373
-1.946678	-0.678350	-2.093468
-1.957996	4.583945	-0.269709
-1.969314	-3.944931	0.689576
-1.980632	6.667186	1.431051
-1.991950	3.056278	-1.703945
-2.003268	-6.483005	-1.201550
-2.014586	5.387300	-3.717727
-2.025904	1.756777	1.955533
-2.037221	2.927729	0.042127
-2.048539	5.806907	0.333335
-2.059857	-1.551670	4.655622
-2.071175	-10.553637	-0.846425
-2.082493	3.352002	1.755784
-2.093811	6.349455	3.731061
-2.105129	-2.026540	5.613974
-2.116447	0.810904	-0.452816
-2.127765	3.931338	-13.828053
-2.139083	-0.671250	8.112155
-2.150400	-3.166386	-5.624669
-2.161718	4.182253	-2.899282
-2.173036	1.619453	15.306067
-2.184354	-11.370854	5.473935
-2.195672	6.021421	0.851932
-2.206990	-0.384706	1.699647
-2.218308	8.154279	-0.313178
-2.229626	-3.308445	-3.435405
-2.240944	3.973317	-2.218943
-2.252261	-5.000114	3.214511
-2.263579	-0.604256	-10.318253
-2.274897	1.179737	-4.065011
-2.286215	-10.241518	7.533474
-2.297533	3.368933	2.888963
-2.308851	-3.329272	-0.272077
-2.320169	-5.777789	-7.880663
-2.331487	2.539267	-1.962421
-2.342805	2.872977	6.498883
-2.354123	1.076438	-2.364967
-2.365440	-3.855384	5.652323
-2.376758	-1.300079	-4.863726
-2.388076	3.388481	3.163369
-2.399394	-3.590262	9.523813
-2.410712	-3.600459	-3.769596
-2.422030	-0.791242	-8.614899
-2.433348	4.984745	2.079665
-2.444666	-0.464410	4.665625
-2.455984	1.530627	1.484584
-2.467302	4.315553	8.174767
-2.478619	4.755770	-3.363795
-2.489937	-4.597711	-5.390109
-2.501255	7.871320	7.454211
-2.512573	-8.620894	3.208821
-2.523891	8.144464	11.517795
-2.535209	-2.025475	-2.990177
-2.546527	1.876176	-1.646987
-2.557845	7.840489	1.992350
-2.569163	-2.526739	-1.111939
-2.580480	-4.374921	1.000512
-2.591798	-2.521586	2.288004
-2.603116	-1.472334	0.996879
-2.614434	0.071912	-1.762251
-2.625752	-1.624111	-1.871116
-2.637070	3.378635	-4.715501
-2.648388	-4.513453	-5.257565
-2.659706	-8.951057	-2.269599
-2.671024	-4.779346	7.166195
-2.682342	-5.027962	1.607447
-2.693659	-3.173240	0.916768
-2.704977	-3.052831	6.374047
-2.716295	0.975662	-0.819942
-2.727613	-2.040856	-3.069740
-2.738931	6.042703	1.959186
-2.750249	-2.984661	-4.573811
-2.761567	-6.683614	3.445676
-2.772885	1.490569	-0.851299
-2.784203	2.643521	-0.253504
-2.795521	-1.361092	-2.385444
-2.806838	-0.763381	8.516547
-2.818156	2.049231	7.205975
-2.829474	-0.120711	4.980727
-2.840792	12.734937	10.447412
-2.852110	-9.041902	1.834105
-2.863428	-4.596176	-5.156747
-2.874746	-0.920204	0.207525
-2.886064	1.807095	-5.179847
-2.897382	0.769950	2.017555
-2.908700	3.053829	4.233861
-2.920017	-1.326680	6.607106
-2.931335	0.876740	12.638507
-2.942653	-6.373266	1.617847
-2.953971	-3.151394	2.720153
-2.965289	-5.378554	-0.715879
-2.976607	7.819953	3.391443
-2.987925	-3.707330	8.448006
-2.999243	7.566024	0.833385
-3.010561	8.709646	-7.269937
-3.021878	1.548156	-6.682982
-3.033196	10.601763	1.451324
-3.044514	-3.045466	-1.859044
-3.055832	7.711421	-3.613399
-3.067150	0.407156	-3.789806
-3.078468	5.559216	1.079450
-3.089786	9.322570	-2.112367
-3.101104	7.636074	13.611787
-3.112422	1.542387	-0.286343
-3.123740	7.569479	1.354968
-3.135057	-1.259971	7.115293
-3.146375	-7.755466	1.438720
-3.157693	-3.959942	-5.986225
-3.169011	-6.033145	-2.556420
-3.180329	13.695049	6.861304
-3.191647	-5.129358	-1.220210
-3.202965	11.384470	15.696234
-3.214283	-8.087604	8.006330
-3.225601	-0.227871	-2.005173
-3.236919	7.368154	3.027395
-3.248236	-0.893172	2.922087
-3.259554	4.145231	-4.782506
-3.270872	5.290791	4.058281
-3.282190	-4.461785	-3.839693
-3.293508	13.142580	-2.157003
-3.304826	10.669023	3.826316
-3.316144	-11.007987	3.217951
-3.327462	6.605419	-1.126270
-3.338780	0.675352	-0.354685
-3.350097	0.719853	-12.450238
-3.361415	2.626179	9.264688
-3.372733	11.314853	0.822428
-3.384051	-2.391985	-0.875503
-3.395369	-5.750947	-6.864659
-3.406687	-0.804750	3.959137
-3.418005	-2.453202	3.778930
-3.429323	1.400764	2.802979
-3.440641	-4.284212	2.692253
-3.451959	-2.866225	0.603158
-3.463276	2.499822	3.605304
-3.474594	5.397919	0.183895
-3.485912	3.701719	1.762397
-3.497230	-0.203269	11.587977
-3.508548	-1.197891	0.903108
-3.519866	-1.454688	5.128983
-3.531184	-3.822746	0.316753
-3.542502	-2.689290	9.104436
-3.553820	-1.157161	-0.283191
-3.565138	-7.811097	-0.147462
-3.576455	-4.119479	4.664999
-3.587773	6.780499	-2.708804
-3.599091	4.117291	-1.687925
-3.610409	-7.337072	0.464768
-3.621727	-7.461318	-7.046953
-3.633045	-2.303016	-5.834245
-3.644363	6.203946	8.869532
-3.655681	-3.038257	9.464798
-3.666999	4.090361	4.686902
-3.678317	-3.018160	-0.827491
-3.689634	7.077897	1.700083
-3.700952	0.051860	-4.667726
-3.712270	-5.094228	2.286054
-3.723588	2.501887	-6.760476
-3.734906	-3.986315	0.365705
-3.746224	-1.654560	7.582319
-3.757542	3.462652	2.152552
-3.768860	2.284424	6.964731
-3.780178	3.292704	-1.582214
-3.791495	1.716498	7.079251
-3.802813	6.623547	3.017557
-3.814131	6.350081	-0.571101
-3.825449	-1.787320	-5.549087
-3.836767	-1.210416	5.902796
-3.848085	-2.236232	6.110820
-3.859403	-6.483434	3.009996
-3.870721	3.742774	-5.695752
-3.882039	-3.896065	1.935809
-3.893357	-0.395965	8.739218
-3.904674	9.550278	-6.885974
-3.915992	-5.127059	2.089760
-3.927310	11.652041	-4.087981
-3.938628	6.650067	-5.085043
-3.949946	-0.393435	6.981834
-3.961264	1.771384	4.646582
-3.972582	3.817254	-0.508600
-3.983900	-3.074046	-7.787002
-3.995218	1.003314	9.001226
-4.006536	4.636924	1.885967
-4.017853	0.713454	5.026416
-4.029171	5.869968	9.472293
-4.040489	2.973002	-0.542049
-4.051807	1.135811	9.909801
-4.063125	-8.147897	6.290133
-4.074443	-0.764409	0.876410
-4.085761	0.062121	5.648218
-4.097079	4.989183	-1.911530
-4.108397	1.968323	-0.124370
-4.119714	-8.214962	-7.205345
-4.131032	4.918161	2.858801
-4.142350	7.192533	3.378906
-4.153668	6.176543	2.494136
-4.164986	-2.639382	8.103498
-4.176304	2.651571	1.025261
-4.187622	6.198112	0.068376
-4.198940	2.737212	0.244361
-4.210258	6.970178	2.170565
-4.221576	4.440710	1.459362
-4.232893	-6.144348	1.093415
-4.244211	6.469470	-5.339481
-4.255529	6.227990	4.638404
-4.266847	-8.638099	5.205642
-4.278165	2.111315	-5.368044
-4.289483	10.136806	2.225510
-4.300801	10.499614	-0.483507
-4.312119	1.293953	2.983834
-4.323437	-3.240518	-2.361397
-4.334755	3.205735	7.745060
-4.346072	13.690570	3.736431
-4.357390	1.024012	-1.410049
-4.368708	1.381202	5.543026
-4.380026	-0.880510	1.960537
-4.391344	-2.351684	5.850756
-4.402662	9.249322	6.372204
-4.413980	3.370772	1.799861
-4.425298	3.386255	-4.005226
-4.436616	-1.761608	3.329165
-4.447933	-3.270884	-3.077110
-4.459251	6.486648	2.578523
-4.470569	4.154252	0.503993
-4.481887	-6.885110	-3.850918
-4.493205	-2.790558	1.784472
-4.504523	0.889238	-2.005529
-4.515841	-8.308061	-0.608534
-4.527159	-0.774046	-2.998314
-4.538477	-2.342863	0.782302
-4.549795	-4.800063	0.650989
-4.561112	4.702336	0.543578
-4.572430	-1.937485	0.709141
-4.583748	5.514481	9.624883
-4.595066	-5.223105	7.999231
-4.606384	-3.079890	1.489538
-4.617702	2.797441	3.906363
-4.629020	-5.558602	14.908872
-4.640338	0.581210	-1.177660
-4.651656	6.136936	-6.349967
-4.662974	3.457945	-4.294993
-4.674291	4.538584	-7.798598
-4.685609	6.991944	-3.966369
-4.696927	2.142782	-4.443601
-4.708245	-3.990480	9.740866
-4.719563	-5.168200	-3.658792
-4.730881	6.564731	5.734263
-4.742199	1.748203	1.266895
-4.753517	6.321815	3.783112
-4.764835	0.067678	7.637890
-4.776153	2.512973	-0.599049
-4.787470	-0.324265	2.119302
-4.798788	7.003749	-8.661606
-4.810106	3.701295	5.895576
-4.821424	-7.927616	2.969867
-4.832742	0.500577	-5.022562
-4.844060	4.577317	0.191450
-4.855378	-1.541520	5.004439
-4.866696	8.649044	2.886564
-4.878014	-6.239981	4.390265
-4.889331	3.566563	-8.944853
-4.900649	10.207419	-0.011865
-4.911967	1.523224	2.547752
-4.923285	-4.477113	8.217891
-4.934603	-4.268245	-3.016999
-4.945921	1.721901	-6.304615
-4.957239	6.833425	2.082780
-4.968557	-1.735559	0.520271
-4.979875	-2.362601	-1.193881
-4.991193	-6.201989	1.527894
-5.002510	4.454789	-3.432786
-5.013828	0.909752	2.149053
-5.025146	-3.942431	-2.969492
-5.036464	7.003787	-2.796319
-5.047782	0.375407	3.294347
-5.059100	-4.638221	-8.187634
-5.070418	4.063088	2.044370
-5.081736	-1.976952	0.493763
-5.093054	0.603872	6.259674
-5.104372	-5.603246	0.343967
-5.115689	0.001724	6.270646
-5.127007	8.707149	9.973231
-5.138325	5.612365	6.239302
-5.149643	3.815404	2.580735
-5.160961	-12.974028	-1.617992
-5.172279	7.446272	2.036215
-5.183597	-5.358601	-0.098099
-5.194915	6.232168	-0.786555
-5.206233	3.286381	-6.562778
-5.217550	9.131291	3.884580
-5.228868	-3.880437	0.214748
-5.240186	-0.461311	6.652036
-5.251504	-7.109009	-0.544185
-5.262822	0.381999	9.808662
-5.274140	1.893589	10.854217
-5.285458	3.541765	1.845778
-5.296776	-4.797464	6.906712
-5.308094	-2.800867	-2.403314
-5.319412	0.647173	0.347763
-5.330729	-11.275955	1.343599
-5.342047	6.849771	1.582545
-5.353365	-3.044751	0.126945
-5.364683	-2.468637	-1.207669
-5.376001	6.863490	-4.216675
-5.387319	-6.885509	6.717975
-5.398637	6.329752	-6.201411
-5.409955	0.231733	5.792022
-5.421273	-2.576186	5.786693
-5.432591	0.632804	9.485497
-5.443908	-5.139013	1.207880
-5.455226	6.338495	2.638551
-5.466544	-3.041503	9.373754
-5.477862	0.847139	0.406096
-5.489180	1.917265	2.374200
-5.500498	-3.962998	5.768543
-5.511816	5.082118	5.448245
-5.523134	-1.397220	4.137554
-5.534452	-2.870665	-2.405895
-5.545769	-5.779438	-2.503319
-5.557087	-1.322227	5.245892
-5.568405	-0.905047	1.015596
-5.579723	-1.725757	1.270247
-5.591041	3.079327	-8.712995
-5.602359	5.351337	-0.568486
-5.613677	5.295053	-1.164621
-5.624995	4.325752	1.331425
-5.636313	-7.004743	-1.477458
-5.647631	0.128702	-7.684209
-5.658948	0.679739	-3.695442
-5.670266	-1.603109	-1.099880
-5.681584	1.124163	-1.374166
-5.692902	4.560992	-0.535016
-5.704220	-5.052800	2.569757
-5.715538	2.270559	2.757647
-5.726856	-1.358587	4.173673
-5.738174	-5.255627	3.633985
-5.749492	2.101377	-1.657693
-5.760810	3.990953	-0.376501
-5.772127	-0.907460	10.314020
-5.783445	-13.318026	6.102369
-5.794763	-3.540493	6.604264
-5.806081	3.959953	4.679276
-5.817399	2.208999	-5.685364
-5.828717	8.257531	6.328158
-5.840035	0.416629	3.835338
-5.851353	3.618084	-6.567700
-5.862671	-3.921545	4.075456
-5.873989	-4.065833	1.468225
-5.885306	9.643841	-3.711488
-5.896624	-1.906332	0.847620
-5.907942	-0.027019	4.585217
-5.919260	-5.241902	8.296754
-5.930578	-10.269281	4.458021
-5.941896	1.414687	5.966194
-5.953214	-0.513766	-2.512381
-5.964532	7.222052	8.926179
-5.975850	-1.343325	9.288293
-5.987167	1.258542	4.343249
-5.998485	1.387967	-1.996586
-6.009803	3.033739	1.543861
-6.021121	3.588549	8.816462
-6.032439	-3.180650	3.041913
-6.043757	2.586154	-2.229678
-6.055075	-0.276264	9.835694
-6.066393	3.659603	1.991768
-6.077711	8.788158	2.561291
-6.089029	-4.361523	0.804629
-6.100346	2.596575	7.189564
-6.111664	1.112248	4.297747
-6.122982	-4.145127	3.215497
-6.134300	1.421872	-7.223859
-6.145618	-4.308844	3.143646
-6.156936	9.541015	-5.088362
-6.168254	-2.382004	4.676885
-6.179572	6.669830	5.050174
-6.190890	7.299452	8.026514
-6.202208	7.408536	0.656554
-6.213525	-2.397025	-0.478439
-6.224843	0.901698	2.684891
-6.236161	-2.461309	1.180982
-6.247479	4.945024	4.988597
-6.258797	-0.761617	11.713235
-6.270115	12.535436	-4.828786
-6.281433	-6.988965	3.085691
-6.292751	-3.988570	3.030552
-6.304069	2.689955	-1.812880
-6.315386	4.198683	-1.508295
-6.326704	6.359198	-3.102926
-6.338022	-1.882733	-4.205337
-6.349340	-1.195310	1.184843
-6.360658	-2.761571	6.090007
-6.371976	-1.818221	-2.824798
-6.383294	-4.977854	0.524908
-6.394612	-0.863590	1.185265
-6.405930	-0.771419	-4.694848
-6.417248	2.669798	-5.540867
-6.428565	-0.768364	-0.666224
-6.439883	6.740632	1.848029
-6.451201	1.336995	12.073195
-6.462519	-0.976162	1.649299
-6.473837	-7.808323	3.169527
-6.485155	-3.480267	8.359940
-6.496473	0.360390	-6.140521
-6.507791	-5.087532	5.312961
-6.519109	-11.274566	0.322609
-6.530427	3.609467	-1.603359
-6.541744	-4.977737	3.930370
-6.553062	4.491260	-1.208511
-6.564380	7.841599	12.754075
-6.575698	-4.862780	2.026998
-6.587016	4.059410	5.096676
-6.598334	-3.680579	1.684135
-6.609652	-0.618583	-2.995523
-6.620970	-4.302513	-0.557305
-6.632288	5.287175	-7.554289
-6.643605	2.612097	3.810281
-6.654923	-1.087901	-4.492450
-6.666241	2.721996	-14.425455
-6.677559	3.165401	2.618175
-6.688877	15.679359	5.377110
-6.700195	1.114878	0.674726
-6.711513	-2.031238	3.463427
-6.722831	-1.951895	-5.895078
-6.734149	5.385157	0.585781
-6.745467	0.882035	-9.105799
-6.756784	-0.028366	11.533622
-6.768102	-4.372824	-1.519987
-6.779420	2.731665	-9.019191
-6.790738	1.243006	8.374163
-6.802056	2.791879	5.497114
-6.813374	-1.459418	-3.425858
-6.824692	-5.431217	-3.275818
-6.836010	0.040094	14.310623
-6.847328	-2.522508	6.813229
-6.858646	-15.611170	2.567260
-6.869963	6.785628	5.281542
-6.881281	-1.782057	5.629149
-6.892599	9.622042	-1.986884
-6.903917	4.346738	3.930586
-6.915235	3.660385	3.339458
-6.926553	-0.833073	-0.673914
-6.937871	-2.686983	-0.977759
-6.949189	-9.270226	-4.534360
-6.960507	3.641531	1.097243
-6.971825	-5.089582	-8.654552
-6.983142	7.423624	2.434809
-6.994460	0.985894	3.406882
-7.005778	2.440569	-3.916931
-7.017096	-3.413457	-2.461376
-7.028414	-0.354264	3.815253
-7.039732	6.232954	-7.615833
-7.051050	-1.887551	3.902276
-7.062368	-5.779332	2.097190
-7.073686	-0.599367	-1.905158
-7.085003	-2.777842	-1.005378
-7.096321	-2.386848	-5.399333
-7.107639	-3.979545	5.612719
-7.118957	1.382990	-0.595163
-7.130275	-0.434939	6.891595
-7.141593	-4.174415	-2.063013
-7.152911	-3.032510	-2.372250
-7.164229	-2.602274	5.412036
-7.175547	-6.314377	-2.670388
-7.186865	-5.565185	1.211078
-7.198182	4.717522	0.816053
-7.209500	-0.490997	8.441221
-7.220818	-1.006036	1.002221
-7.232136	-2.665672	3.631945
-7.243454	3.538865	4.143808
-7.254772	-3.085510	-4.495381
-7.266090	2.663399	10.002553
-7.277408	1.683269	-1.032060
-7.288726	-2.379939	7.392985
-7.300044	-6.771044	7.689707
-7.311361	-8.082291	2.917473
-7.322679	-2.596366	3.152534
-7.333997	-6.809025	0.276164
-7.345315	0.153964	1.809868
-7.356633	3.112585	-0.070426
-7.367951	4.682973	-7.409261
-7.379269	4.559144	7.307606
-7.390587	-6.911565	0.368750
-7.401905	-11.157232	3.476464
-7.413222	-5.663198	-2.512338
-7.424540	1.899695	0.030055
-7.435858	4.191185	-2.016070
-7.447176	-2.347814	10.265897
-7.458494	-1.136470	-2.679715
-7.469812	-8.079637	0.250231
-7.481130	-4.911572	-5.340622
-7.492448	-5.107228	12.779822
-7.503766	-4.130530	8.535848
-7.515084	-4.456543	1.491303
-7.526401	-3.145251	5.111305
-7.537719	0.234420	3.212232
-7.549037	6.313014	1.695327
-7.560355	-4.951665	-1.167690
-7.571673	-9.982817	-4.455756
-7.582991	-5.781061	4.475521
-7.594309	-1.917594	-1.010578
-7.605627	4.163620	7.819025
-7.616945	1.673373	-2.619893
-7.628263	5.983288	-0.615825
-7.639580	0.436519	6.312174
-7.650898	3.779159	-3.268811
-7.662216	-1.132542	-2.523398
-7.673534	1.626028	6.408463
-7.684852	2.649886	1.667891
-7.696170	-1.688484	-3.324382
-7.707488	4.728593	2.302841
-7.718806	7.986587	0.783787
-7.730124	-0.332189	8.414453
-7.741441	-5.367074	-0.852782
-7.752759	2.469862	8.211196
-7.764077	-4.317677	-1.770275
-7.775395	14.773966	5.472794
-7.786713	1.861730	-5.587731
-7.798031	-0.043062	-6.221823
-7.809349	2.571057	4.880142
-7.820667	-2.692217	-1.963191
-7.831985	4.598396	4.757585
-7.843303	0.197510	4.206640
-7.854620	8.557749	2.442672
-7.865938	7.831018	3.719635
-7.877256	-4.164258	-1.734281
-7.888574	0.686134	-6.789673
-7.899892	-0.212616	5.050657
-7.911210	1.747065	-6.644423
-7.922528	-14.761037	0.504283
-7.933846	-0.974385	-2.555751
-7.945164	13.382658	2.215573
-7.956482	-9.569401	-5.423496
-7.967799	7.975513	0.121534
-7.979117	-3.789451	4.491362
-7.990435	-1.476154	5.204926
-8.001753	1.524046	9.116982
-8.013071	8.638487	-3.311209
-8.024389	5.696527	11.165233
-8.035707	-7.489245	12.408738
-8.047025	-4.816841	-4.695223
-8.058343	3.616419	0.369786
-8.069661	1.230315	0.095753
-8.080978	4.739594	-2.306397
-8.092296	0.268697	9.048106
-8.103614	3.659753	-8.614211
-8.114932	1.571039	0.884636
-8.126250	-2.057303	-6.182901
-8.137568	-0.623268	7.550977
-8.148886	-0.738509	9.795675
-8.160204	-5.046915	0.745583
-8.171522	4.113917	1.263564
-8.182839	3.499393	-5.306416
-8.194157	1.868541	4.124186
-8.205475	7.691685	5.752968
-8.216793	4.044677	-5.377244
-8.228111	-2.980027	11.720757
-8.239429	1.837726	3.070637
-8.250747	6.540381	9.951585
-8.262065	-4.469470	-1.540746
-8.273383	-7.804554	-0.386424
-8.284701	3.722755	-2.820065
-8.296018	-1.052347	-4.007730
-8.307336	-2.021971	4.264208
-8.318654	0.205913	4.929185
-8.329972	-1.462960	-0.463077
-8.341290	3.107629	3.236997
-8.352608	-3.533194	1.186909
-8.363926	3.534956	1.467472
-8.375244	-6.707554	1.477229
-8.386562	3.809512	-1.943913
-8.397880	1.250334	3.894027
-8.409197	7.642244	5.937738
-8.420515	-9.198598	4.862285
-8.431833	1.132012	-1.677863
-8.443151	3.576493	-7.842447
-8.454469	-1.001639	-0.855779
-8.465787	-2.974303	-2.350128
-8.477105	0.887920	9.022348
-8.488423	0.897606	12.710413
-8.499741	3.970734	-2.058164
-8.511058	-3.588482	-1.687132
-8.522376	5.500749	0.127631
-8.533694	4.084891	-1.941929
-8.545012	-8.425361	1.570685
-8.556330	-11.354310	-9.357963
-8.567648	-2.812906	-2.845114
-8.578966	-3.358752	-2.522907
-8.590284	1.284009	3.849260
-8.601602	-11.384686	1.122819
-8.612920	-2.373129	4.332935
-8.624237	4.532239	3.129072
-8.635555	-4.005098	0.789377
-8.646873	-2.675746	10.851165
-8.658191	-6.797825	7.257663
-8.669509	8.674629	1.117905
-8.680827	-0.719458	-2.631662
-8.692145	-1.346288	-5.213350
-8.703463	10.900649	5.131386
-8.714781	-2.632622	-2.893404
-8.726099	-3.752036	5.050521
-8.737416	-3.174452	-1.899871
-8.748734	-5.346116	2.559479
-8.760052	2.098237	15.461120
-8.771370	-1.928047	11.450254
-8.782688	-11.221014	6.665749
-8.794006	1.202513	3.213292
-8.805324	-6.323353	6.628418
-8.816642	-1.429480	10.497389
-8.827960	-1.689872	6.909964
-8.839277	-5.086041	-2.661052
-8.850595	8.453484	1.996968
-8.861913	-1.125311	-4.919195
-8.873231	5.580287	-0.917955
-8.884549	-0.877174	2.018131
-8.895867	6.538496	1.841029
-8.907185	7.395523	2.507056
-8.918503	4.653025	0.542194
-8.929821	1.679033	6.972563
-8.941139	-1.896677	7.546977
-8.952456	-3.928681	2.972425
-8.963774	3.607771	6.707386
-8.975092	-4.199654	-6.894961
-8.986410	-3.265365	6.653027
-8.997728	-3.836434	2.707507
-9.009046	6.013237	-7.248507
-9.020364	-2.622230	3.250107
-9.031682	6.110776	-2.863731
-9.043000	3.492954	18.796698
-9.054318	4.023922	-0.073518
-9.065635	-2.833749	1.191875
-9.076953	-0.418031	-7.954648
-9.088271	-0.373000	-3.231089
-9.099589	5.791361	2.161408
-9.110907	-1.679475	5.806779
-9.122225	-0.463784	-3.004742
-9.133543	-3.783361	3.739729
-9.144861	-2.928714	-3.818797
-9.156179	1.679087	10.288603
-9.167497	-2.416003	10.089920
-9.178814	0.426129	-1.815559
-9.190132	-2.209619	4.136299
-9.201450	5.389780	-6.185686
-9.212768	-0.859608	-4.268280
-9.224086	6.067830	-10.390314
-9.235404	-0.678916	0.308643
-9.246722	-3.877707	9.140933
-9.258040	3.154242	-8.771661
-9.269358	6.032489	14.545481
-9.280675	-3.865991	-4.343098
-9.291993	-6.359849	2.796964
-9.303311	-9.665699	0.036112
-9.314629	5.740022	-2.198385
-9.325947	-0.462417	5.597816
-9.337265	-1.307857	6.073031
-9.348583	3.988179	4.207626
-9.359901	-3.952297	4.845613
-9.371219	2.069442	-4.523004
-9.382537	13.145007	0.210357
-9.393854	4.546352	-2.766613
-9.405172	-7.642461	6.884256
-9.416490	3.249219	9.900970
-9.427808	1.934989	8.049064
-9.439126	2.781272	2.506506
-9.450444	-8.640594	10.933794
-9.461762	-9.625284	6.250490
-9.473080	-4.138006	0.004313
-9.484398	-11.143195	1.108809
-9.495716	-0.172131	-1.625663
-9.507033	-6.106471	0.367885
-9.518351	8.980974	8.661622
-9.529669	-1.634603	-6.607812
-9.540987	1.053016	-6.462377
-9.552305	2.964158	3.451642
-9.563623	-0.749811	0.351566
-9.574941	6.997719	8.328345
-9.586259	-1.149413	3.171717
-9.597577	1.735502	7.916282
-9.608894	10.629307	0.840168
-9.620212	-1.482459	7.411422
-9.631530	4.148708	5.611943
-9.642848	-5.978629	1.251513
-9.654166	0.321603	-1.394927
-9.665484	6.637881	10.045259
-9.676802	-0.713306	-4.474385
-9.688120	0.959216	0.746620
-9.699438	2.629682	4.086065
-9.710756	3.879435	-1.042027
-9.722073	6.423769	-2.786962
-9.733391	4.957544	-1.686663
-9.744709	3.431996	-1.677591
-9.756027	-1.574057	-3.161541
-9.767345	4.437724	0.591443
-9.778663	-2.237851	11.057477
-9.789981	-3.752125	-7.443182
-9.801299	5.639583	3.393235
-9.812617	1.912184	3.287944
-9.823935	-1.716620	6.760185
-9.835252	0.562533	-0.663354
-9.846570	1.959686	-1.916106
-9.857888	6.546674	14.427022
-9.869206	-6.855519	-1.735617
-9.880524	14.797552	-5.410981
-9.891842	14.783282	1.834730
-9.903160	1.540467	1.013168
-9.914478	5.260938	-4.495913
-9.925796	-4.002929	0.949807
-9.937113	-0.362624	2.074108
-9.948431	2.513118	1.400361
-9.959749	3.547538	6.362002
-9.971067	-10.406415	-2.885179
-9.982385	-3.157595	3.111895
-9.993703	-0.917363	-2.023430
-10.005021	-0.281166	2.334590
-10.016339	2.143932	6.595425
-10.027657	0.138180	1.819070
-10.038975	-8.424743	5.219610
-10.050292	6.161099	-0.524411
-10.061610	1.822640	-0.529370
-10.072928	-5.180752	-5.511123
-10.084246	0.826047	10.107977
-10.095564	-9.257192	-1.645150
-10.106882	-9.651408	5.096400
-10.118200	0.351022	2.962981
-10.129518	4.293643	-11.424288
-10.140836	1.616542	2.211710
-10.152154	2.133919	1.990056
-10.163471	-0.025033	0.633336
-10.174789	5.979887	2.468946
-10.186107	3.116384	3.719804
-10.197425	1.097658	6.929056
-10.208743	2.461071	3.543298
-10.220061	0.215996	-3.947478
-10.231379	-5.876783	-3.280085
-10.242697	7.939698	-6.002056
-10.254015	3.832202	0.603935
-10.265333	2.848402	-3.264096
-10.276650	2.367067	4.781623
-10.287968	0.216547	-6.565971
-10.299286	-2.702263	3.316441
-10.310604	-5.058626	-1.136512
-10.321922	-1.035550	2.091111
-10.333240	2.510349	6.601677
-10.344558	-8.347107	0.421461
-10.355876	-1.318299	5.138050
-10.367194	-0.747342	3.484567
-10.378511	1.425362	2.002635
-10.389829	7.846070	-1.611340
-10.401147	-5.875534	-1.522116
-10.412465	1.103699	-2.113477
-10.423783	8.552832	9.166709
-10.435101	5.304030	3.940009
-10.446419	0.425429	11.211827
-10.457737	0.444193	2.105549
-10.469055	-1.447558	-0.062602
-10.480373	8.256652	4.345158
-10.491690	-0.828235	3.117600
-10.503008	9.971467	7.188186
-10.514326	0.819890	6.312037
-10.525644	-6.035775	-5.257856
-10.536962	4.147768	4.777043
-10.548280	5.996492	-8.487001
-10.559598	-5.504655	3.822097
-10.570916	-6.200504	-0.929229
-10.582234	5.838345	-10.537197
-10.593552	3.063401	3.928584
-10.604869	4.787632	-6.331412
-10.616187	2.576860	-2.215053
-10.627505	0.458720	-2.004289
-10.638823	2.048050	-6.221321
-10.650141	-0.193550	-7.357682
-10.661459	10.222482	-8.569272
-10.672777	3.792000	3.122704
-10.684095	4.734221	3.807792
-10.695413	-2.142027	-3.369454
-10.706730	-0.118157	8.013971
-10.718048	-8.464691	-2.523479
-10.729366	0.005071	2.684452
-10.740684	5.574041	-4.579677
-10.752002	8.069014	1.582737
-10.763320	4.751355	4.783885
-10.774638	-7.541459	7.806775
-10.785956	-2.061481	12.402923
-10.797274	-11.375894	2.920942
-10.808592	1.123438	-8.190140
-10.819909	-2.475454	-4.766003
-10.831227	5.764296	5.376691
-10.842545	2.655045	4.953461
-10.853863	3.204895	5.400395
-10.865181	0.053335	-4.456852
-10.876499	3.245010	3.198897
-10.887817	-2.620853	7.322236
-10.899135	5.015959	4.193514
-10.910453	-6.032980	-6.210430
-10.921771	-3.207542	-4.364987
-10.933088	1.927504	6.797230
-10.944406	-3.420538	-1.302590
-10.955724	-1.191800	3.897125
-10.967042	-1.895768	-0.148664
-10.978360	0.835749	-2.023237
-10.989678	-6.764765	-5.121015
-11.000996	-4.972105	-0.122216
-11.012314	6.089490	-0.684984
-11.023632	0.421652	-7.521769
-11.034950	2.577235	0.536246
-11.046267	8.974520	11.472439
-11.057585	1.381227	6.071787
-11.068903	-3.041548	-0.375613
-11.080221	-3.981383	-2.771548
-11.091539	-0.268418	-2.184952
-11.102857	1.609110	4.491702
-11.114175	-2.533737	1.139479
-11.125493	-4.633980	-3.268251
-11.136811	-9.760385	3.492862
-11.148128	-4.403877	-4.591280
-11.159446	14.458314	-1.665438
-11.170764	-11.640427	6.499368
-11.182082	-1.926704	-1.376878
-11.193400	0.937695	-6.830055
-11.204718	1.580144	-2.060624
-11.216036	0.564717	2.904731
-11.227354	2.250342	-4.458365
-11.238672	-5.511439	-3.417444
-11.249990	4.604732	0.811262
-11.261307	8.795774	-0.589540
-11.272625	-4.071709	6.014973
-11.283943	2.910180	-1.584792
-11.295261	0.976019	7.321363
-11.306579	1.682394	10.133966
-11.317897	-0.330208	3.922271
-11.329215	1.249108	-1.219858
-11.340533	1.053464	4.993335
-11.351851	13.018282	1.009124
-11.363169	-0.944615	11.748627
-11.374486	7.087570	-1.420014
-11.385804	4.637526	-1.119158
-11.397122	1.029915	1.299616
-11.408440	2.799119	3.299328
-11.419758	-1.213058	0.307822
-11.431076	-2.977695	-0.615049
-11.442394	1.006112	13.045204
-11.453712	-1.209114	-0.373401
-11.465030	-8.380145	2.784497
-11.476347	-4.061497	-2.953269
-11.487665	-4.399610	-6.840257
-11.498983	-4.123235	2.133889
-11.510301	-4.448223	-0.976479
-11.521619	1.520611	5.305611
-11.532937	-3.571187	0.945807
-11.544255	1.906434	-2.052929
-11.555573	-2.369935	-0.053548
-11.566891	0.387155	2.072652
-11.578209	-0.442172	3.949371
-11.589526	7.255073	-0.800776
-11.600844	3.674222	2.736544
-11.612162	4.809884	1.688170
-11.623480	4.143844	-0.332682
-11.634798	6.394363	-0.427738
-11.646116	-12.547515	0.381585
-11.657434	4.218005	3.076415
-11.668752	3.611296	-3.863832
-11.680070	3.844483	-0.046262
-11.691388	17.044060	10.252283
-11.702705	0.890221	-5.901453
-11.714023	3.614912	5.897543
-11.725341	-7.917780	7.177774
-11.736659	-6.013142	2.420441
-11.747977	-2.009290	-2.979223
-11.759295	-2.072116	8.268747
-11.770613	-8.057633	0.397144
-11.781931	-0.170331	5.164326
-11.793249	-4.949004	3.378093
-11.804566	5.452253	-3.026985
-11.815884	0.207425	-8.756701
-11.827202	4.868760	0.650476
-11.838520	1.283212	1.558375
-11.849838	6.293032	13.901114
-11.861156	7.282462	8.255161
-11.872474	0.372910	-1.919171
-11.883792	9.758800	-9.701728
-11.895110	-3.004973	-0.535818
-11.906428	1.917872	-0.982559
-11.917745	-1.611640	-1.462642
-11.929063	2.542735	-0.515015
-11.940381	13.836723	0.858688
-11.951699	-7.975277	1.466118
-11.963017	6.746659	2.923998
-11.974335	-7.758155	6.763680
-11.985653	-4.821671	-1.875051
-11.996971	-5.596380	-2.579382
-12.008289	-4.712752	-5.339363
-12.019607	-0.082127	1.559874
-12.030924	6.637571	3.676962
-12.042242	1.690739	0.998928
-12.053560	-5.336329	8.544771
-12.064878	-4.892727	-3.984096
-12.076196	1.097695	6.780742
-12.087514	-1.986265	13.148594
-12.098832	-2.900677	7.306146
-12.110150	5.876005	1.363592
-12.121468	0.432431	6.231570
-12.132786	-0.460339	7.448184
-12.144103	11.484723	-1.321056
-12.155421	-6.785924	4.063339
-12.166739	4.029088	0.029913
-12.178057	-7.879503	-7.112000
-12.189375	-5.316559	1.285877
-12.200693	0.523622	-8.355358
-12.212011	-1.499905	-9.690092
-12.223329	-5.657802	-1.654104
-12.234647	-6.555819	4.923130
-12.245964	-1.074560	6.168777
-12.257282	-4.407480	1.984630
-12.268600	-3.633025	-3.443515
-12.279918	9.049395	-6.258713
-12.291236	-1.201417	2.059090
-12.302554	-0.291913	-4.149765
-12.313872	4.734105	0.244664
-12.325190	-3.671412	4.024683
-12.336508	5.471528	-14.818135
-12.347826	4.217614	1.313238
-12.359143	-4.472889	0.524860
-12.370461	13.628115	7.061077
-12.381779	-2.894331	-1.712528
-12.393097	3.399897	0.589068
-12.404415	-3.854565	0.984530
-12.415733	-1.710459	6.170917
-12.427051	4.457427	15.653218
-12.438369	9.067881	-3.799800
-12.449687	-11.485734	4.703095
-12.461005	0.798481	4.326369
-12.472322	-2.455345	-6.334156
-12.483640	0.471252	-0.352254
-12.494958	-8.082633	7.053360
-12.506276	-4.617334	1.497640
-12.517594	-2.239125	-3.832299
-12.528912	-0.201593	5.847557
-12.540230	2.329260	9.301777
-12.551548	1.042898	0.833263
-12.562866	4.118103	0.380368
-12.574183	1.484701	11.748203
-12.585501	3.291668	1.518143
-12.596819	5.308926	3.699749
-12.608137	-4.060606	-7.647108
-12.619455	11.441990	-5.020728
-12.630773	-1.903058	0.816538
-12.642091	-6.241556	-7.808588
-12.653409	14.674316	-3.453839
-12.664727	1.002662	-6.361469
-12.676045	2.115551	1.762925
-12.687362	-1.624891	-0.053267
-12.698680	1.486308	1.042181
-12.709998	2.758310	-7.058329
-12.721316	5.643457	5.399822
-12.732634	-1.110417	1.775911
-12.743952	-8.388630	4.574235
-12.755270	0.801604	-2.705159
-12.766588	0.156219	-3.974190
-12.777906	0.365370	4.672786
-12.789224	-5.811913	4.810634
-12.800541	-7.546044	3.688667
-12.811859	5.149744	0.777999
-12.823177	8.859454	1.520875
-12.834495	-3.168910	4.261302
-12.845813	-0.585493	4.648073
-12.857131	2.095619	2.276664
-12.868449	12.917395	-0.159021
-12.879767	-5.679457	2.397779
-12.891085	-3.309031	9.084208
-12.902402	7.762186	3.212098
-12.913720	-4.639228	7.110338
-12.925038	-2.376777	-6.961404
-12.936356	1.706885	-4.020801
-12.947674	3.717119	1.969146
-12.958992	-4.751744	4.130066
-12.970310	-7.600376	6.571256
-12.981628	-3.385606	-4.983759
-12.992946	-4.400858	1.835953
-13.004264	1.981479	-2.616784
-13.015581	-0.931748	7.232216
-13.026899	-2.243958	8.389491
-13.038217	3.369268	1.167303
-13.049535	-2.979342	4.849401
-13.060853	-5.189153	-1.373919
-13.072171	-2.493785	-0.267217
-13.083489	-9.828453	6.371488
-13.094807	-3.342011	1.612447
-13.106125	4.014963	-3.215684
-13.117443	-7.234849	2.325785
-13.128760	-2.396482	-5.793095
-13.140078	-0.477806	3.616646
-13.151396	0.006669	2.607960
-13.162714	6.646807	-0.045402
-13.174032	9.589328	13.852595
-13.185350	-6.665118	0.526066
-13.196668	-7.023977	-5.268936
-13.207986	-2.994516	-6.664368
-13.219304	-1.490225	3.146353
-13.230622	-11.800086	2.303210
-13.241939	-6.517737	-0.976414
-13.253257	-9.205218	-4.359093
-13.264575	1.538283	1.698886
-13.275893	-4.565423	2.613482
-13.287211	-8.656222	4.208192
-13.298529	3.468698	2.929571
-13.309847	-5.714885	-3.885977
-13.321165	4.408343	-8.337053
-13.332483	0.723700	-0.123918
-13.343800	-7.976203	0.728325
-13.355118	3.723392	7.661511
-13.366436	-2.384516	4.761044
-13.377754	0.302896	3.262844
-13.389072	-10.889552	5.220387
-13.400390	-5.214257	3.295195
-13.411708	-4.566247	10.126113
-13.423026	5.963486	6.093469
-13.434344	-1.395783	-9.678622
-13.445662	-1.455039	-0.427509
-13.456979	-5.694547	-1.757676
-13.468297	2.157591	-2.478285
-13.479615	5.446275	-9.760041
-13.490933	2.268702	-0.916900
-13.502251	-7.797448	7.148832
-13.513569	-5.475292	-0.464765
-13.524887	-0.842191	3.272338
-13.536205	4.510269	3.446273
-13.547523	2.950556	-1.094663
-13.558841	0.751748	9.123033
-13.570158	3.927706	-11.428188
-13.581476	1.043925	-0.061692
-13.592794	-0.433853	-8.611174
-13.604112	2.809455	-9.692017
-13.615430	-9.732010	0.697066
-13.626748	2.632730	-1.551876
-13.638066	6.272583	8.660313
-13.649384	-0.087124	-4.994561
-13.660702	7.368427	-6.372678
-13.672019	7.484934	4.696144
-13.683337	5.075567	-3.626765
-13.694655	-4.519850	8.046475
-13.705973	-8.490611	5.082126
-13.717291	-1.577448	3.668994
-13.728609	-8.889122	-7.210742
-13.739927	2.742710	7.435496
-13.751245	9.103216	6.300439
-13.762563	-5.054083	0.760071
-13.773881	-6.481158	4.783935
-13.785198	-1.307067	1.607378
-13.796516	-5.240696	2.179846
-13.807834	-0.775726	1.149082
-13.819152	-2.345677	6.649172
-13.830470	-4.248397	3.722902
-13.841788	-4.902247	-0.258699
-13.853106	4.561111	-4.959200
-13.864424	6.517074	-3.218635
-13.875742	-8.494371	-4.021077
-13.887060	-5.244985	6.334694
-13.898377	0.495643	1.767528
-13.909695	-0.753490	1.534744
-13.921013	5.457269	3.313919
-13.932331	-10.136359	3.412007
-13.943649	2.099097	-0.828712
-13.954967	-0.292825	-2.583318
-13.966285	6.262033	-4.588333
-13.977603	-2.667290	9.314162
-13.988921	-0.439746	-2.376873
-14.000238	-0.001027	1.498799
-14.011556	-3.811304	3.144797
-14.022874	-0.554580	3.068037
-14.034192	2.085085	1.371416
-14.045510	-2.638479	-0.185557
-14.056828	7.812792	6.555069
-14.068146	1.036515	6.457561
-14.079464	9.350841	4.318956
-14.090782	-10.676543	-0.834139
-14.102100	-2.751401	-3.596468
-14.113417	1.642249	2.443756
-14.124735	-5.238150	-2.657300
-14.136053	-1.637794	-4.573020
-14.147371	-3.904677	14.825430
-14.158689	-1.016568	1.525711
-14.170007	-0.438390	3.241789
-14.181325	0.645789	2.778273
-14.192643	-2.751267	10.057550
-14.203961	1.253511	0.539435
-14.215279	4.588314	2.473347
-14.226596	-10.300829	2.648613
-14.237914	-3.844966	-1.258498
-14.249232	3.866766	-5.579917
-14.260550	2.796230	-1.814450
-14.271868	4.259964	-6.328331
-14.283186	-2.312183	7.103811
-14.294504	-4.992648	2.707572
-14.305822	3.924689	-5.189498
-14.317140	5.238066	6.210155
-14.328458	-0.767175	1.497553
-14.339775	-8.476715	-2.978260
-14.351093	0.480704	-1.718856
-14.362411	4.269924	4.506245
-14.373729	1.010640	0.382023
-14.385047	-5.909944	-1.851928
-14.396365	14.575508	8.683839
-14.407683	-0.491629	2.196985
-14.419001	-2.902266	0.569319
-14.430319	2.155015	12.284705
-14.441636	5.323030	-7.842554
-14.452954	-5.800416	-6.890283
-14.464272	1.108917	-1.159787
-14.475590	10.688053	5.399058
-14.486908	-3.290958	11.819761
-14.498226	4.874869	0.663182
-14.509544	1.645555	-0.566016
-14.520862	-2.917030	-2.060805
-14.532180	4.291441	0.479811
-14.543498	7.774607	8.925282
-14.554815	1.773079	2.065742
-14.566133	-2.675089	0.871179
-14.577451	-3.010230	-3.781799
-14.588769	2.076498	-1.711500
-14.600087	9.323993	5.324824
-14.611405	-6.083296	7.645043
-14.622723	1.158295	0.733693
-14.634041	-2.263048	6.461885
-14.645359	7.098205	10.151020
-14.656677	1.046965	-0.515107
-14.667994	1.434458	10.486288
-14.679312	2.057792	-0.834358
-14.690630	-3.342057	-1.458610
-14.701948	7.446640	-2.557553
-14.713266	7.455414	0.694141
-14.724584	-0.303064	-0.158183
-14.735902	1.832875	0.523892
-14.747220	4.420681	0.434714
-14.758538	0.873969	1.431997
-14.769855	2.249526	2.858423
-14.781173	-1.482662	-0.843219
-14.792491	1.326566	1.310709
-14.803809	0.702989	0.385659
-14.815127	-0.886593	-11.119350
-14.826445	6.889876	5.858361
-14.837763	4.162812	2.496280
-14.849081	0.100379	-7.691816
-14.860399	-1.867678	-0.099067
-14.871717	1.783862	-3.067627
-14.883034	-8.892742	3.148304
-14.894352	4.614386	9.405963
-14.905670	3.645021	13.295259
-14.916988	5.875617	11.479227
-14.928306	-0.359039	7.086240
-14.939624	0.540759	3.227087
-14.950942	2.202355	6.701819
-14.962260	5.665344	-1.546911
-14.973578	-14.139251	1.370508
-14.984896	6.989289	-2.683728
-14.996213	-3.000067	4.958932
-15.007531	-8.510167	4.749569
-15.018849	-5.125569	1.562291
-15.030167	-6.075291	5.660203
-15.041485	-3.423733	-0.245563
-15.052803	1.646606	-1.253502
-15.064121	2.583004	-1.259772
-15.075439	3.842141	0.748225
-15.086757	5.412990	1.787146
-15.098074	-1.365200	-4.246575
-15.109392	6.208532	-0.930094
-15.120710	5.194401	3.375482
-15.132028	-5.689838	-0.098124
-15.143346	1.253083	-1.111485
-15.154664	2.528198	-5.608407
-15.165982	-0.473642	4.753107
-15.177300	6.511515	-4.123680
-15.188618	1.718784	5.730275
-15.199936	-5.292757	6.877450
-15.211253	2.733008	-3.704100
-15.222571	5.458440	-7.797816
-15.233889	7.993788	-0.720358
-15.245207	1.244887	-1.352326
-15.256525	-0.742185	6.115976
-15.267843	2.161110	-5.345207
-15.279161	-2.812259	9.459229
-15.290479	8.706614	-4.926965
-15.301797	3.460226	3.491560
-15.313115	-9.021626	0.877599
-15.324432	9.715265	3.080512
-15.335750	-1.786933	1.561962
-15.347068	-4.336388	-0.745662
-15.358386	-1.985112	-1.160514
-15.369704	12.470034	-7.216208
-15.381022	-2.095197	-4.273220
-15.392340	2.027642	-2.264663
-15.403658	-1.805166	-3.474691
-15.414976	4.048610	2.674534
-15.426294	0.128144	7.399075
-15.437611	6.602282	3.039528
-15.448929	-1.152633	-0.550422
-15.460247	3.366750	0.222615
-15.471565	-6.376323	8.998098
-15.482883	-7.311790	3.095798
-15.494201	5.568473	0.297295
-15.505519	2.398555	-3.175557
-15.516837	7.764771	1.404353
-15.528155	7.863738	0.291967
-15.539472	-13.078719	-10.264738
-15.550790	5.391382	4.919444
-15.562108	5.826987	-0.762162
-15.573426	7.202772	-1.778779
-15.584744	-11.215635	6.228688
-15.596062	-0.154536	-2.114503
-15.607380	8.348742	-0.360123
-15.618698	9.485666	-3.354245
-15.630016	-5.984191	-3.319757
-15.641334	-1.596808	6.476449
-15.652651	-3.942571	11.236817
-15.663969	0.224913	-4.617567
-15.675287	4.646859	6.561551
-15.686605	9.729355	3.031495
-15.697923	2.726484	0.215936
-15.709241	-1.866311	4.428231
-15.720559	-2.946759	0.403557
-15.731877	1.122819	0.025078
-15.743195	-1.972580	3.067195
-15.754513	-2.888364	5.933320
-15.765830	4.590418	-9.313637
-15.777148	4.247872	-1.440207
-15.788466	3.644870	6.147046
-15.799784	7.118721	5.041832
-15.811102	1.433046	2.006525
-15.822420	-8.225236	-3.985503
-15.833738	3.818224	2.537948
-15.845056	1.372266	1.257713
-15.856374	9.959309	-3.089779
-15.867691	3.624152	-2.144931
-15.879009	-9.672571	-2.336801
-15.890327	4.697297	-5.905844
-15.901645	6.361554	0.767995
-15.912963	1.338722	-5.844515
-15.924281	5.736382	10.673489
-15.935599	4.768590	-2.069892
-15.946917	4.418146	-1.678467
-15.958235	-3.524339	0.695481
-15.969553	1.359284	-1.367875
-15.980870	5.860540	11.136565
-15.992188	4.632514	-1.538011
-16.003506	0.396739	-17.231802
-16.014824	7.230478	-0.002720
-16.026142	3.816931	1.839356
-16.037460	-1.494616	6.659201
-16.048778	-5.384343	-1.200629
-16.060096	2.319126	1.679784
-16.071414	-4.598144	-5.646580
-16.082732	-4.859629	4.905550
-16.094049	-1.471651	11.432311
-16.105367	-12.406564	8.998475
-16.116685	-0.487728	3.337967
-16.128003	-2.613371	-0.095376
-16.139321	-3.983264	5.024140
-16.150639	11.885434	-5.544611
-16.161957	8.795536	-0.529106
-16.173275	-3.567901	-0.422905
-16.184593	-1.219442	-2.932784
-16.195910	-3.520095	4.057098
-16.207228	4.753327	1.764538
-16.218546	-1.294368	1.234865
-16.229864	4.067298	-6.315550
-16.241182	0.752117	3.728439
-16.252500	6.305564	-0.611204
-16.263818	7.759950	8.467761
-16.275136	-0.644652	2.006147
-16.286454	-0.874376	0.438136
-16.297772	-11.875603	-4.648323
-16.309089	5.166514	-2.412547
-16.320407	-6.518080	-2.246023
-16.331725	-1.941932	-14.395518
-16.343043	12.081781	3.750513
-16.354361	-3.717494	-3.025630
-16.365679	-1.861466	7.226228
-16.376997	1.798659	3.274835
-16.388315	0.716542	-6.064945
-16.399633	-3.654188	2.940444
-16.410951	-2.821296	-9.457435
-16.422268	-6.960390	-2.391663
-16.433586	-3.824269	-4.307127
-16.444904	0.454940	-0.376796
-16.456222	-4.962286	6.761166
-16.467540	-4.454370	-1.438777
-16.478858	6.414386	-0.360402
-16.490176	-0.429725	-2.104511
-16.501494	-9.376089	-7.153621
-16.512812	5.846907	-2.686438
-16.524130	1.112475	-5.014598
-16.535447	9.742403	-0.786420
-16.546765	0.821752	1.682902
-16.558083	-2.666499	0.250789
-16.569401	-1.418366	3.886727
-16.580719	-4.967599	-2.882420
-16.592037	3.999532	-0.608604
-16.603355	12.859862	3.669924
-16.614673	3.253052	4.590216
-16.625991	2.101537	5.617474
-16.637308	-0.798802	1.755448
-16.648626	-4.596894	5.315201
-16.659944	-3.903813	-1.573773
-16.671262	5.118684	-0.681349
-16.682580	-2.671577	-1.690716
-16.693898	0.074575	-6.126370
-16.705216	9.685808	10.282121
-16.716534	-4.558813	2.376483
-16.727852	9.484523	7.426007
-16.739170	2.974967	5.385844
-16.750487	-0.579241	2.377504
-16.761805	1.529399	4.210799
-16.773123	4.816216	3.175211
-16.784441	0.995608	-0.855613
-16.795759	-2.216639	0.353406
-16.807077	-0.034648	2.644972
-16.818395	-6.256597	-4.375273
-16.829713	-3.948919	1.835356
-16.841031	5.908545	2.527478
-16.852349	1.177913	6.109775
-16.863666	-7.383178	-4.700495
-16.874984	8.563437	8.274619
-16.886302	-8.867593	-0.271568
-16.897620	-3.883929	7.385873
-16.908938	-4.936605	2.122022
-16.920256	-0.066485	-0.924530
-16.931574	0.338368	5.666226
-16.942892	-0.767157	-2.914618
-16.954210	2.038583	-4.270440
-16.965527	-6.688883	1.281873
-16.976845	0.547298	1.445877
-16.988163	0.963478	7.924273
-16.999481	-0.729867	3.685918
-17.010799	3.752542	1.924594
-17.022117	7.069427	-3.587856
-17.033435	-0.486273	1.520829
-17.044753	5.322892	3.407018
-17.056071	-6.871488	-0.229461
-17.067389	-1.544734	0.127073
-17.078706	12.293187	11.053803
-17.090024	-6.119870	-4.437949
-17.101342	14.134914	0.008611
-17.112660	-1.608538	5.298400
-17.123978	-1.760882	7.823084
-17.135296	-6.327003	7.250236
-17.146614	-14.626592	1.885607
-17.157932	-5.325272	1.456655
-17.169250	-5.427207	0.817545
-17.180568	7.841720	-2.303378
-17.191885	-3.155777	6.191630
-17.203203	-2.384934	-0.669060
-17.214521	-14.113743	-3.863156
-17.225839	-2.116542	-2.364933
-17.237157	7.753744	7.788947
-17.248475	3.297573	7.125546
-17.259793	-5.331553	4.801946
-17.271111	-4.642855	0.316587
-17.282429	0.267580	5.992336
-17.293746	3.542564	2.448724
-17.305064	-9.749134	8.544534
-17.316382	-3.868718	4.709733
-17.327700	-3.428140	6.294381
-17.339018	-2.765217	10.242648
-17.350336	1.794895	0.826590
-17.361654	1.393777	14.598006
-17.372972	-3.957283	5.878864
-17.384290	-0.641657	2.900231
-17.395608	6.806821	-2.003859
-17.406925	-5.624424	4.356406
-17.418243	-0.519864	-1.740457
-17.429561	-1.400020	-6.889472
-17.440879	11.215388	6.662159
-17.452197	-0.519158	4.578815
-17.463515	-0.517422	6.873018
-17.474833	-0.779915	3.747486
-17.486151	-1.350130	12.903264
-17.497469	-2.186052	6.775283
-17.508787	-8.315311	7.985522
-17.520104	7.381087	-5.126418
-17.531422	-2.748755	7.635560
-17.542740	-1.360048	2.614787
-17.554058	-2.507958	4.995287
-17.565376	-6.861410	7.875461
-17.576694	0.081845	4.985057
-17.588012	5.663799	-4.923934
-17.599330	-5.329349	-6.416605
-17.610648	-6.521889	4.514701
-17.621966	11.738041	-1.962417
-17.633283	2.882867	-1.408774
-17.644601	7.248245	13.804981
-17.655919	-6.467149	-0.612035
-17.667237	-0.111034	-0.988129
-17.678555	-3.302145	-0.797787
-17.689873	-3.608968	0.915467
-17.701191	8.439988	6.919846
-17.712509	-2.419558	-10.077129
-17.723827	-1.427423	11.795081
-17.735144	-6.164946	4.829001
-17.746462	-3.569121	3.739024
-17.757780	-16.845716	2.542976
-17.769098	-0.859908	-2.503012
-17.780416	2.208082	7.058184
-17.791734	-8.196490	-1.272591
-17.803052	2.445894	-1.883221
-17.814370	-1.928860	-1.770564
-17.825688	-2.058648	1.881614
-17.837006	5.061337	5.344902
-17.848323	-2.196909	-3.717655
-17.859641	-2.606376	2.237710
-17.870959	0.750462	2.328118
-17.882277	-4.881186	4.371009
-17.893595	2.384604	3.505715
-17.904913	-8.137854	4.410673
-17.916231	3.289705	3.162823
-17.927549	8.814480	-5.941620
-17.938867	-8.842492	7.372910
-17.950185	0.066789	-3.861293
-17.961502	-3.872082	1.333225
-17.972820	3.490086	-6.456763
-17.984138	1.198474	1.062351
-17.995456	-1.433872	7.121711
-18.006774	4.967489	8.573589
-18.018092	-1.835641	-0.803550
-18.029410	2.499405	0.471904
-18.040728	5.400068	3.601068
-18.052046	5.387282	0.205098
-18.063363	-4.668637	6.497997
-18.074681	-0.681316	-2.563040
-18.085999	9.866799	4.310779
-18.097317	4.122932	1.352377
-18.108635	-5.822500	9.390707
-18.119953	6.324841	-3.711918
-18.131271	1.560834	-6.121925
-18.142589	-8.043952	1.221194
-18.153907	-1.394390	4.960813
-18.165225	3.436940	1.634256
-18.176542	-4.239191	11.026394
-18.187860	-0.312834	3.981023
-18.199178	5.008364	9.518534
-18.210496	6.961005	2.799775
-18.221814	-9.814196	-3.512819
-18.233132	-8.339658	2.095485
-18.244450	0.745542	-0.714018
-18.255768	-0.560000	-4.149823
-18.267086	-0.367690	9.132755
-18.278404	2.792206	0.450105
-18.289721	0.165505	4.461181
-18.301039	-2.849908	0.502150
-18.312357	13.957400	1.709164
-18.323675	-3.793985	5.601578
-18.334993	2.338638	6.848492
-18.346311	1.132003	11.069382
-18.357629	2.644753	1.224389
-18.368947	8.243666	0.545745
-18.380265	9.075311	5.394209
-18.391583	-5.598810	1.232708
-18.402900	-2.319183	2.641528
-18.414218	-1.740704	2.702811
-18.425536	1.024204	5.737628
-18.436854	-1.305960	14.720160
-18.448172	1.554076	4.162318
-18.459490	9.678907	4.649945
-18.470808	5.941389	-3.518679
-18.482126	-1.412894	-1.709525
-18.493444	-1.069201	3.450748
-18.504761	-5.595292	4.547088
-18.516079	1.684708	5.359844
-18.527397	-0.142461	-5.025179
-18.538715	-3.057370	4.082821
-18.550033	-9.272259	-1.089414
-18.561351	2.987398	4.462115
-18.572669	-4.893941	9.431411
-18.583987	2.779529	9.790606
-18.595305	-5.694824	-1.596923
-18.606623	7.612239	3.102252
-18.617940	1.623003	0.455927
-18.629258	5.891987	4.702528
-18.640576	5.760049	6.971420
-18.651894	2.540568	5.431160
-18.663212	-5.100976	11.712945
-18.674530	0.903163	-3.025786
-18.685848	0.292620	2.328396
-18.697166	-9.404462	0.215362
-18.708484	3.360075	-1.950619
-18.719802	3.064158	7.179635
-18.731119	6.485761	5.559147
-18.742437	3.163529	-1.363615
-18.753755	-2.054953	-5.513726
-18.765073	-8.126484	2.424353
-18.776391	0.825051	8.392832
-18.787709	-1.595034	1.774003
-18.799027	-0.353835	5.775774
-18.810345	2.906906	-1.821112
-18.821663	4.265617	3.856303
-18.832980	-3.723199	0.692028
-18.844298	7.943704	-2.157690
-18.855616	-3.469429	8.827769
-18.866934	0.117544	0.396357
-18.878252	4.553824	6.437053
-18.889570	2.412481	1.903623
-18.900888	7.729346	-4.926338
-18.912206	6.784575	14.145367
-18.923524	2.125552	3.091296
-18.934842	-1.123508	3.590923
-18.946159	5.682044	0.376971
-18.957477	-0.771265	-2.432935
-18.968795	-9.127543	12.913795
-18.980113	2.743143	-5.886336
-18.991431	2.481153	6.605310
-19.002749	5.503180	-3.744748
-19.014067	-0.243828	3.846761
-19.025385	1.204019	6.023760
-19.036703	-1.866353	-4.395456
-19.048021	-1.146112	2.285008
-19.059338	-6.952999	-3.381270
-19.070656	3.914680	-2.609613
-19.081974	-0.041545	11.101767
-19.093292	12.630972	-0.275451
-19.104610	0.913841	-0.043004
-19.115928	-0.182945	10.141818
-19.127246	-1.220551	5.244728
-19.138564	2.447881	2.190029
-19.149882	2.613501	0.873421
-19.161199	6.933677	-3.868693
-19.172517	-1.909300	0.995866
-19.183835	4.945313	6.309657
-19.195153	1.036829	3.746174
-19.206471	2.025829	-0.745390
-19.217789	-2.295532	4.663167
-19.229107	4.788081	-2.244356
-19.240425	-3.094712	-2.966752
-19.251743	-1.027890	9.460625
-19.263061	-6.621830	7.916827
-19.274378	3.643747	-2.113544
-19.285696	-0.448020	-3.028576
-19.297014	9.151175	5.049734
-19.308332	7.219435	5.270407
-19.319650	5.819831	8.302490
-19.330968	-2.348464	5.120940
-19.342286	4.502774	-3.145846
-19.353604	8.737514	4.272096
-19.364922	6.482905	3.214583
-19.376240	-0.798481	-3.811219
-19.387557	-8.734601	2.696585
-19.398875	-0.472901	-2.129292
-19.410193	-4.709827	4.765197
-19.421511	-0.154692	3.804869
-19.432829	2.963025	7.363589
-19.444147	1.273618	-4.794784
-19.455465	5.766317	-0.117704
-19.466783	-0.745789	11.234294
-19.478101	-6.207499	-0.347053
-19.489419	6.511301	9.389323
-19.500736	6.023682	4.503175
-19.512054	-2.828965	6.617610
-19.523372	5.551675	-4.251663
-19.534690	-5.838789	1.643222
-19.546008	2.288080	7.028070
-19.557326	8.075208	-3.927066
-19.568644	-0.628858	3.799215
-19.579962	4.129591	7.156580
-19.591280	-1.899148	1.022582
-19.602597	7.865350	-7.381175
-19.613915	-8.951959	4.938181
-19.625233	-2.039924	2.656067
-19.636551	2.924754	2.201334
-19.647869	3.101488	9.143969
-19.659187	-4.603796	-1.372985
-19.670505	3.424545	8.172819
-19.681823	2.917195	-3.788408
-19.693141	4.227550	5.977777
-19.704459	0.273185	0.944385
-19.715776	-3.611721	13.630229
-19.727094	9.008783	-5.372307
-19.738412	-8.017419	7.373110
-19.749730	8.068067	-3.464492
-19.761048	5.041899	6.215990
-19.772366	-4.518776	-9.735530
-19.783684	1.042732	3.691862
-19.795002	2.347372	3.739925
-19.806320	-5.676294	4.920020
-19.817638	0.791108	11.534628
-19.828955	-0.296699	4.313437
-19.840273	1.892117	10.908000
-19.851591	9.261895	-6.542373
-19.862909	9.010179	4.307236
-19.874227	-8.989209	12.918212
-19.885545	-3.858526	10.099596
-19.896863	2.763203	4.189202
-19.908181	-6.235129	-1.935211
-19.919499	-6.235974	0.522329
-19.930816	3.887215	0.788337
-19.942134	6.305160	7.562671
-19.953452	-6.114223	-5.520077
-19.964770	5.873752	-12.310988
-19.976088	-5.398276	15.095064
-19.987406	1.635652	3.887772
-19.998724	1.160051	7.578034
-20.010042	-1.118855	3.448425
-20.021360	-1.462018	-5.032761
-20.032678	6.718257	-6.948559
-20.043995	-6.945732	-0.859826
-20.055313	0.852959	0.798468
-20.066631	-2.932053	10.226037
-20.077949	-5.885861	-3.792527
-20.089267	3.255111	1.710299
-20.100585	2.583460	-3.208272
-20.111903	1.477571	0.735949
-20.123221	2.571654	6.010602
-20.134539	-2.022110	-5.638225
-20.145857	3.775431	2.800874
-20.157174	7.476009	-6.516113
-20.168492	6.525076	-3.769958
-20.179810	-13.345551	0.415864
-20.191128	-4.229533	-0.171673
-20.202446	1.047882	3.735442
-20.213764	5.414504	-3.523499
-20.225082	-5.493373	-8.231796
-20.236400	4.276801	2.768450
-20.247718	6.955239	3.238196
-20.259035	-9.595034	-5.744833
-20.270353	-2.512688	9.063453
-20.281671	8.483232	0.496209
-20.292989	-6.073090	6.886922
-20.304307	5.284243	-2.097145
-20.315625	4.750427	-3.602169
-20.326943	-15.660781	-0.262623
-20.338261	-4.009317	-0.478325
-20.349579	0.788236	7.539507
-20.360897	0.561830	-2.894976
-20.372214	-0.760224	0.754959
-20.383532	0.595300	-8.160093
-20.394850	1.805364	0.465570
-20.406168	-0.739358	3.800544
-20.417486	-1.075074	-0.228882
-20.428804	1.827210	2.648469
-20.440122	1.382584	3.156737
-20.451440	-1.938315	-3.401812
-20.462758	-1.088217	1.240830
-20.474076	2.597830	-6.852712
-20.485393	-2.364295	2.488510
-20.496711	1.088416	3.429722
-20.508029	3.156713	-0.673307
-20.519347	1.356377	8.812716
-20.530665	-1.108187	5.738340
-20.541983	3.174151	-4.936724
-20.553301	2.348897	7.233765
-20.564619	9.195438	3.602391
-20.575937	2.391681	0.054976
-20.587255	2.216405	1.790076
-20.598572	4.525880	0.919223
-20.609890	8.472538	0.663800
-20.621208	0.734980	-8.218563
-20.632526	4.045866	-1.136806
-20.643844	0.395130	11.034799
-20.655162	-3.409889	5.034241
-20.666480	-4.106925	1.736197
-20.677798	0.067830	9.700661
-20.689116	-2.039668	7.230575
-20.700433	-2.688820	6.176399
-20.711751	-2.183511	-1.853150
-20.723069	10.572738	-1.519877
-20.734387	2.707416	8.012019
-20.745705	1.299533	1.974647
-20.757023	-6.141634	-1.358626
-20.768341	10.055060	0.602053
-20.779659	10.650578	5.423192
-20.790977	-14.988976	-1.640378
-20.802295	-1.906103	1.336950
-20.813612	1.536691	3.438610
-20.824930	-7.533821	2.306540
-20.836248	3.719728	-9.271976
-20.847566	2.489396	5.582090
-20.858884	-0.323909	3.000186
-20.870202	-0.304748	-9.522860
-20.881520	3.181458	0.931199
-20.892838	-0.460785	6.901888
-20.904156	5.795969	4.568183
-20.915474	-3.614676	4.324408
-20.926791	3.990966	-7.159745
-20.938109	1.096541	0.067281
-20.949427	-9.878395	-3.920151
-20.960745	-2.815495	-3.267903
-20.972063	6.927998	-11.994609
-20.983381	6.050802	7.113213
-20.994699	7.749390	-0.360908
-21.006017	5.874722	-3.255808
-21.017335	-0.353312	5.545539
-21.028652	1.160836	6.414711
-21.039970	-10.125060	-4.585692
-21.051288	-5.978586	-3.495094
-21.062606	5.770152	-5.331803
-21.073924	4.672928	-3.793219
-21.085242	-0.676983	-2.435970
-21.096560	4.198795	5.535451
-21.107878	1.358139	0.302139
-21.119196	0.636391	6.662358
-21.130514	1.425307	3.191280
-21.141831	2.125165	9.205983
-21.153149	-14.113992	0.789929
-21.164467	-0.628711	4.994178
-21.175785	-3.357157	6.184333
-21.187103	1.011984	-4.587589
-21.198421	-3.617332	15.448760
-21.209739	8.370335	0.817137
-21.221057	-1.310798	7.478976
-21.232375	-0.258566	-1.864841
-21.243693	11.508248	-3.858983
-21.255010	9.246005	1.503534
-21.266328	-2.083985	-8.468823
-21.277646	0.800342	-1.959283
-21.288964	-0.302874	0.563541
-21.300282	3.212649	-0.250305
-21.311600	-3.665019	8.968186
-21.322918	-1.457083	2.076056
-21.334236	-3.035425	5.087329
-21.345554	-12.783143	-6.088089
-21.356871	2.835457	0.690618
-21.368189	-1.798831	6.044963
-21.379507	-0.945776	-2.499306
-21.390825	-4.579839	-5.360933
-21.402143	-3.468284	-0.277404
-21.413461	4.619871	5.226624
-21.424779	1.187188	5.461526
-21.436097	5.130394	0.774999
-21.447415	-0.090703	-3.111542
-21.458733	0.283909	2.357054
-21.470050	5.916667	6.544129
-21.481368	5.414501	11.448655
-21.492686	4.595705	-7.022528
-21.504004	-2.132952	5.321892
-21.515322	-5.378053	-7.141902
-21.526640	7.852883	-8.990109
-21.537958	-0.732083	14.868269
-21.549276	7.521607	-0.175964
-21.560594	0.777087	2.549153
-21.571912	0.216506	0.236365
-21.583229	-3.903337	6.959105
-21.594547	2.297283	6.610865
-21.605865	-5.224593	-0.614647
-21.617183	3.761755	3.050633
-21.628501	5.115991	7.210454
-21.639819	8.005257	1.850965
-21.651137	-7.399844	3.477403
-21.662455	8.205830	4.290947
-21.673773	1.545636	6.013862
-21.685091	-4.857925	0.562898
-21.696408	2.359302	-3.213733
-21.707726	2.799593	6.197036
-21.719044	-1.931681	6.616878
-21.730362	-5.647086	3.529118
-21.741680	-2.147648	-8.764079
-21.752998	10.301654	-0.463282
-21.764316	2.686200	0.487550
-21.775634	-4.164135	3.787340
-21.786952	-0.804482	2.790998
-21.798269	-2.107506	-0.730286
-21.809587	-2.748751	8.443228
-21.820905	5.422186	4.891572
-21.832223	-1.063948	-0.076111
-21.843541	-3.575872	5.019591
-21.854859	-2.616166	-1.107265
-21.866177	8.530349	11.517410
-21.877495	2.131337	5.219452
-21.888813	-11.302120	-1.866417
-21.900131	-7.580414	7.406522
-21.911448	1.363358	5.780900
-21.922766	1.605028	-0.066785
-21.934084	-2.337483	4.564072
-21.945402	5.421051	3.101546
-21.956720	-3.963059	2.519295
-21.968038	0.906013	-3.499591
-21.979356	2.158163	1.173037
-21.990674	-4.607780	1.731231
-22.001992	3.499079	4.147414
-22.013310	4.001465	5.718181
-22.024627	-2.189414	3.067896
-22.035945	7.531490	-0.315257
-22.047263	-3.412156	-0.105984
-22.058581	-3.321510	5.993184
-22.069899	-0.625013	-0.556023
-22.081217	2.138282	-1.436079
-22.092535	3.946573	-5.216419
-22.103853	0.395296	-5.198305
-22.115171	5.818037	0.756783
-22.126488	-3.311855	-8.351485
-22.137806	3.809053	-2.622017
-22.149124	8.657709	4.788392
-22.160442	-5.645300	3.172421
-22.171760	3.754687	0.999816
-22.183078	-0.876293	-4.079257
-22.194396	-2.214383	-0.450544
-22.205714	3.955166	-3.847893
-22.217032	1.783032	-3.563396
-22.228350	9.722469	-4.562806
-22.239667	2.716170	7.885725
-22.250985	-3.646805	-1.173782
-22.262303	4.050131	1.476777
-22.273621	-0.300449	-3.122408
-22.284939	1.927973	8.585798
-22.296257	-0.070874	0.248610
-22.307575	-6.410318	-2.608635
-22.318893	8.540446	-0.285712
-22.330211	-0.267349	8.326084
-22.341529	5.363274	-1.795601
-22.352846	5.833254	5.498109
-22.364164	3.922709	6.874031
-22.375482	7.237325	-3.785482
-22.386800	-7.243021	2.313721
-22.398118	3.548306	4.831830
-22.409436	-14.678463	-6.320411
-22.420754	0.221976	2.325030
-22.432072	-0.497425	0.768512
-22.443390	-5.031704	-16.181944
-22.454707	5.603742	1.701202
-22.466025	-0.001371	6.169981
-22.477343	-2.670286	-3.283049
-22.488661	8.026267	1.138287
-22.499979	1.586063	-4.941512
-22.511297	5.227115	9.016914
-22.522615	-2.887083	2.106095
-22.533933	-4.487498	1.625712
-22.545251	3.048811	-1.231173
-22.556569	1.306627	-10.366719
-22.567886	7.857901	4.601469
-22.579204	5.045269	6.861433
-22.590522	-4.852058	12.627419
-22.601840	3.259102	-6.301865
-22.613158	-6.921505	0.846488
-22.624476	1.486977	-0.240346
-22.635794	-0.695417	0.709666
-22.647112	-5.386323	3.401158
-22.658430	-5.590755	-1.421416
-22.669748	0.662454	6.038814
-22.681065	2.068672	6.499498
-22.692383	-0.403430	3.185045
-22.703701	2.786691	-2.863607
-22.715019	2.492236	-5.337850
-22.726337	-5.595977	-0.611937
-22.737655	11.170975	0.149081
-22.748973	-2.823326	0.700476
-22.760291	2.265782	-7.981960
-22.771609	4.015961	4.813711
-22.782927	-2.749774	-10.604528
-22.794244	1.573043	-0.334650
-22.805562	0.388266	4.260435
-22.816880	5.901996	-1.763320
-22.828198	5.434284	-2.341989
-22.839516	-2.841911	0.304439
-22.850834	5.007215	-4.888845
-22.862152	0.739875	6.875971
-22.873470	-8.336938	0.680365
-22.884788	-6.759417	0.464359
-22.896105	-1.044738	-6.350245
-22.907423	-3.871961	6.468029
-22.918741	-13.085438	8.462186
-22.930059	5.230037	0.248770
-22.941377	-0.326898	6.127990
-22.952695	0.976454	2.966001
-22.964013	4.003890	-0.849162
-22.975331	10.278371	0.975651
-22.986649	-0.607196	-0.645887
-22.997967	0.444786	6.031412
-23.009284	-5.739577	4.523534
-23.020602	-0.822515	4.700971
-23.031920	-5.584941	-4.728220
-23.043238	11.940686	-3.389290
-23.054556	-0.909812	3.579909
-23.065874	1.660416	6.076034
-23.077192	-3.213471	3.975789
-23.088510	-3.652850	9.552922
-23.099828	4.472825	6.296402
-23.111146	-0.904095	3.162864
-23.122463	-1.226057	-12.567559
-23.133781	7.433401	8.453009
-23.145099	-1.051424	-7.569836
-23.156417	-2.347342	-0.141510
-23.167735	5.889561	3.200917
-23.179053	-1.971030	-0.473699
-23.190371	9.909687	0.363031
-23.201689	-7.737545	12.750547
-23.213007	-7.571982	6.532983
-23.224324	1.457525	-0.002839
-23.235642	-1.847405	-2.547122
-23.246960	2.586364	-2.443869
-23.258278	3.120579	11.539279
-23.269596	1.985203	4.232561
-23.280914	-6.431585	6.005752
-23.292232	-4.753057	6.537592
-23.303550	9.747490	-1.356835
-23.314868	-2.767004	3.481381
-23.326186	-0.852591	6.047771
-23.337503	-1.514071	0.219981
-23.348821	-1.125977	-9.468119
-23.360139	5.241087	12.038252
-23.371457	-3.898703	-1.417125
-23.382775	-0.287524	-2.780683
-23.394093	1.502556	8.758799
-23.405411	8.160530	-4.265681
-23.416729	1.545682	7.374201
-23.428047	2.895412	5.152091
-23.439365	-3.139423	-5.668911
-23.450682	-6.645268	7.217324
-23.462000	-0.421347	-2.081114
-23.473318	8.757010	9.691829
-23.484636	-7.517276	5.783578
-23.495954	11.606983	-3.801237
-23.507272	12.381668	0.137372
-23.518590	2.597501	-0.199508
-23.529908	4.930140	-0.438887
-23.541226	-4.343651	-2.768836
-23.552543	6.604160	-4.605913
-23.563861	5.162102	-7.329589
-23.575179	-0.116896	1.280755
-23.586497	20.676804	-2.578867
-23.597815	-9.865042	5.245749
-23.609133	6.072241	-0.689750
-23.620451	-7.898675	2.443949
-23.631769	-2.746715	4.663059
-23.643087	-8.126382	3.164130
-23.654405	-2.104092	-5.386216
-23.665722	8.146040	5.687347
-23.677040	-8.951158	6.556295
-23.688358	-4.172338	-4.682426
-23.699676	1.343762	7.538800
-23.710994	6.182431	-5.820952
-23.722312	-0.797944	4.264246
-23.733630	-5.088274	4.332986
-23.744948	-6.018252	-1.286529
-23.756266	8.646776	6.821967
-23.767584	1.954635	5.529603
-23.778901	2.526624	10.382901
-23.790219	-6.985731	0.531543
-23.801537	-8.452949	2.635426
-23.812855	5.962661	7.092343
-23.824173	4.748810	4.640873
-23.835491	8.506566	8.108138
-23.846809	-7.851640	8.801889
-23.858127	7.818581	-7.003224
-23.869445	-5.740746	15.204675
-23.880763	-5.239243	5.439394
-23.892080	-4.501043	-3.480762
-23.903398	2.695011	5.321200
-23.914716	-3.517425	6.135317
-23.926034	3.083902	-1.958055
-23.937352	3.834422	-0.191146
-23.948670	8.926183	9.874164
-23.959988	-4.404436	5.768751
-23.971306	-0.599620	2.852129
-23.982624	-5.107767	-1.137240
-23.993941	-3.048554	-2.132349
-24.005259	6.381876	-0.670330
-24.016577	-3.459427	5.590511
-24.027895	3.578571	-7.445226
-24.039213	2.278044	1.234947
-24.050531	1.939121	-3.141166
-24.061849	2.619981	5.722560
-24.073167	3.390166	-3.766557
-24.084485	0.444255	-7.499942
-24.095803	1.427751	4.761375
-24.107120	-9.544715	-4.775656
-24.118438	6.862324	4.309683
-24.129756	-8.569578	-4.840065
-24.141074	-4.577279	-0.999586
-24.152392	3.027203	3.484551
-24.163710	-3.278882	-4.588376
-24.175028	-2.377432	2.875076
-24.186346	-4.305148	3.550796
-24.197664	0.161785	5.422468
-24.208982	-3.021888	1.920828
-24.220299	0.901472	-2.994013
-24.231617	3.756662	4.156361
-24.242935	-3.688285	-1.909310
-24.254253	-8.157685	8.319860
-24.265571	4.889742	-4.588858
-24.276889	-2.109255	14.489275
-24.288207	7.400181	5.749745
-24.299525	-5.647173	8.100227
-24.310843	0.620891	3.581176
-24.322160	-6.939190	0.074139
-24.333478	1.781459	-2.870349
-24.344796	-3.995139	1.042256
-24.356114	-0.353389	5.622176
-24.367432	-3.469555	-1.890542
-24.378750	1.227298	8.117706
-24.390068	3.959364	-7.786174
-24.401386	4.620066	18.170376
-24.412704	-2.534519	6.680304
-24.424022	-8.704586	10.778202
-24.435339	0.147615	-3.618897
-24.446657	1.939156	-0.116828
-24.457975	3.352496	-4.916203
-24.469293	-5.048436	-0.024158
-24.480611	2.863817	9.105592
-24.491929	-11.174791	4.348387
-24.503247	-6.683865	4.110514
-24.514565	1.821167	9.234881
-24.525883	-5.030727	-0.643499
-24.537201	6.699394	-2.522729
-24.548518	0.676880	2.955722
-24.559836	1.172700	-3.406408
-24.571154	-15.140767	7.716452
-24.582472	-3.720845	0.700585
-24.593790	-2.659323	5.115697
-24.605108	3.638483	11.678446
-24.616426	1.305134	-8.631988
-24.627744	-6.506470	5.642474
-24.639062	2.265265	10.213041
-24.650379	2.339672	6.656320
-24.661697	1.826455	4.999825
-24.673015	3.212387	-0.157419
-24.684333	-7.282867	4.139129
-24.695651	8.671296	2.836827
-24.706969	-2.625938	-10.506124
-24.718287	3.637172	8.600805
-24.729605	-2.641667	5.737565
-24.740923	11.704085	3.911567
-24.752241	4.340569	0.471987
-24.763558	-6.670924	1.200499
-24.774876	-2.859599	-6.452911
-24.786194	-3.803034	3.964470
-24.797512	0.001678	0.546850
-24.808830	-1.744569	2.638635
-24.820148	-6.853197	0.430329
-24.831466	-0.383748	6.654132
-24.842784	10.627751	-5.626000
-24.854102	15.687334	4.561114
-24.865420	-0.507874	-2.798342
-24.876737	2.996840	0.767567
-24.888055	1.034806	1.449795
-24.899373	-5.033908	1.585741
-24.910691	0.073153	4.579897
-24.922009	6.123288	4.166038
-24.933327	-0.392977	-0.599577
-24.944645	0.012765	4.222974
-24.955963	4.170872	-7.694572
-24.967281	4.864732	1.785422
-24.978599	6.614176	4.892148
-24.989916	-1.785128	-1.430330
-25.001234	3.348379	5.049032
-25.012552	6.422142	-2.073629
-25.023870	-3.619207	3.892518
-25.035188	8.459161	-0.278105
-25.046506	0.063974	7.220411
-25.057824	4.987947	8.433724
-25.069142	-2.041153	6.616860
-25.080460	5.968143	-1.098352
-25.091777	-2.794667	-1.556439
-25.103095	-1.583329	1.879168
-25.114413	0.781218	-6.857798
-25.125731	-0.084366	5.402446
-25.137049	7.030881	6.789426
-25.148367	9.797672	11.007407
-25.159685	-6.640826	-0.319255
-25.171003	10.504375	7.202230
-25.182321	3.000895	2.896074
-25.193639	-4.265433	-2.657823
-25.204956	1.773218	9.287585
-25.216274	0.507695	-0.233128
-25.227592	0.149585	4.082613
-25.238910	3.061425	-3.872226
-25.250228	-4.850935	2.675976
-25.261546	1.056937	0.485505
-25.272864	-9.733890	5.283693
-25.284182	1.790269	0.256861
-25.295500	-2.626181	-1.306881
-25.306818	1.397778	-4.433058
-25.318135	-2.529101	-2.413908
-25.329453	-9.729386	5.635268
-25.340771	-7.582086	-2.595803
-25.352089	-2.464010	-7.879863
-25.363407	2.151315	6.876954
-25.374725	-7.962008	2.357840
-25.386043	5.598045	-1.325991
-25.397361	-3.904761	-4.514237
-25.408679	3.878303	-2.657341
-25.419996	2.968477	5.327606
-25.431314	8.680745	3.706198
-25.442632	7.720435	6.120990
-25.453950	1.811978	11.047719
-25.465268	-4.528566	0.433755
-25.476586	5.997897	2.936024
-25.487904	-0.399132	2.324535
-25.499222	-3.012163	5.131769
-25.510540	-2.367646	3.653414
-25.521858	0.341416	7.536218
-25.533175	-5.647637	7.627237
-25.544493	-6.423293	9.433078
-25.555811	3.851524	-2.036955
-25.567129	2.669766	0.041243
-25.578447	-1.607911	-7.293449
-25.589765	-0.639396	5.781154
-25.601083	-7.698311	4.766428
-25.612401	-7.215333	13.458704
-25.623719	1.715727	2.657871
-25.635037	-2.383844	-0.467223
-25.646354	-7.201521	-4.275784
-25.657672	1.754574	7.306824
-25.668990	2.291108	7.775630
-25.680308	-0.177043	8.458705
-25.691626	-2.677523	2.064661
-25.702944	-1.863472	-0.621503
-25.714262	-4.209853	3.964061
-25.725580	1.283361	7.120639
-25.736898	-1.523507	6.383937
-25.748216	5.585110	1.224730
-25.759533	-4.597522	0.645957
-25.770851	-6.904831	-1.036269
-25.782169	4.436938	6.864497
-25.793487	-0.810086	-6.222502
-25.804805	0.746244	-6.264649
-25.816123	0.009339	5.088634
-25.827441	9.765809	7.016428
-25.838759	5.113213	6.247967
-25.850077	-8.439455	7.862777
-25.861394	-0.897692	-7.965639
-25.872712	-2.844277	0.576762
-25.884030	6.702083	-5.870671
-25.895348	5.687906	0.921609
-25.906666	3.052518	4.433438
-25.917984	-1.094376	-0.618982
-25.929302	-3.214529	-1.481751
-25.940620	1.823417	3.817346
-25.951938	-2.175216	8.807004
-25.963256	-2.681820	0.683200
-25.974573	0.913874	-2.919324
-25.985891	-1.497656	8.012612
-25.997209	5.879471	-1.675986
-26.008527	2.860085	16.550432
-26.019845	-4.054158	5.078645
-26.031163	7.224179	1.745846
-26.042481	-11.897091	4.161738
-26.053799	-2.461461	-3.992474
-26.065117	7.584039	0.545956
-26.076435	-12.018219	7.852854
-26.087752	9.649342	-8.081572
-26.099070	1.863580	1.305602
-26.110388	-10.173720	-1.407025
-26.121706	3.089326	-1.423577
-26.133024	-9.226596	-1.863999
-26.144342	8.939815	1.482532
-26.155660	3.901008	0.026779
-26.166978	-3.185529	3.007929
-26.178296	7.380794	3.839083
-26.189613	0.220487	5.263739
-26.200931	4.945330	1.851441
-26.212249	-5.594704	-4.619515
-26.223567	-2.868820	5.261681
-26.234885	0.432977	5.060808
-26.246203	-9.785260	-8.855733
-26.257521	-6.039520	-0.608792
-26.268839	-1.008646	-3.309498
-26.280157	2.855138	-5.756381
-26.291475	3.145649	4.334946
-26.302792	-7.454940	3.873914
-26.314110	1.949373	0.519740
-26.325428	5.530287	-1.504618
-26.336746	1.911581	-6.921875
-26.348064	8.229108	0.769826
-26.359382	1.379503	2.281177
-26.370700	-5.415206	4.439260
-26.382018	-4.943186	5.528481
-26.393336	1.338910	-8.492060
-26.404654	0.806920	6.998202
-26.415971	-6.350857	-0.964273
-26.427289	4.992998	-7.049506
-26.438607	-9.941608	2.815894
-26.449925	-0.118796	5.235134
-26.461243	-0.680550	-0.665987
-26.472561	2.087203	8.888776
-26.483879	4.334952	-2.412009
-26.495197	0.940087	0.837642
-26.506515	-0.489793	-16.095402
-26.517832	9.641833	6.714030
-26.529150	-0.003863	2.501777
-26.540468	-2.127052	1.032466
-26.551786	-3.288189	12.658247
-26.563104	-1.649085	-0.414362
-26.574422	-0.835107	2.346980
-26.585740	3.004343	-5.226836
-26.597058	5.261086	2.893993
-26.608376	-8.247767	1.918603
-26.619694	-2.864178	-3.264084
-26.631011	2.891154	8.017208
-26.642329	8.597564	7.149722
-26.653647	1.285903	-5.600067
-26.664965	-5.953350	4.984716
-26.676283	3.447134	-14.437383
-26.687601	5.354959	5.701878
-26.698919	1.688341	5.982342
-26.710237	6.499002	9.182687
-26.721555	7.323798	-0.289011
-26.732873	8.323416	-0.938950
-26.744190	1.494545	-8.491978
-26.755508	3.909735	-2.949172
-26.766826	1.630755	-4.855139
-26.778144	-1.587882	2.482788
-26.789462	3.718745	-4.066369
-26.800780	2.257798	-3.542688
-26.812098	-4.100219	8.836558
-26.823416	3.962598	3.004987
-26.834734	-0.577213	0.000584
-26.846052	3.746389	-0.816139
-26.857369	2.870904	-1.722367
-26.868687	-3.532004	2.088723
-26.880005	6.240290	-0.166182
-26.891323	-3.066527	2.009136
-26.902641	3.473423	3.165033
-26.913959	2.906703	4.920214
-26.925277	2.103609	4.577212
-26.936595	-5.339507	-2.699211
-26.947913	-1.097624	2.338818
-26.959230	-1.641809	-11.287237
-26.970548	6.769115	4.079882
-26.981866	2.280054	2.413175
-26.993184	-1.602718	5.350448
-27.004502	-1.791012	3.739370
-27.015820	1.525780	-7.784698
-27.027138	0.692923	-0.849472
-27.038456	-0.487977	7.030003
-27.049774	-0.125084	-3.261521
-27.061092	3.906880	-2.533578
-27.072409	6.917970	-0.489872
-27.083727	5.018145	1.114006
-27.095045	3.190711	8.966966
-27.106363	3.537892	-1.082618
-27.117681	-4.219529	-4.188213
-27.128999	5.951951	2.357895
-27.140317	-7.258807	2.380334
-27.151635	-2.880957	-0.329244
-27.162953	-6.731111	-2.328411
-27.174271	-5.132976	-0.295695
-27.185588	6.855588	6.667072
-27.196906	3.019676	-0.353528
-27.208224	1.103812	5.052236
-27.219542	1.717713	0.650120
-27.230860	8.720733	-8.201727
-27.242178	2.344145	3.759605
-27.253496	2.319238	12.905199
-27.264814	-8.730716	11.251111
-27.276132	0.660024	1.606427
-27.287449	1.129804	4.992987
-27.298767	4.548300	-9.751921
-27.310085	3.147719	1.425035
-27.321403	0.057372	-6.929631
-27.332721	-1.631441	0.408032
-27.344039	-9.503437	1.246858
-27.355357	13.538361	-0.666775
-27.366675	9.017052	-1.224710
-27.377993	-2.402295	4.344948
-27.389311	3.257190	11.324524
-27.400628	-0.727563	-2.910759
-27.411946	-0.640353	5.854808
-27.423264	-12.923353	9.418880
-27.434582	-3.293845	-5.279512
-27.445900	1.784178	5.329477
-27.457218	-1.477035	4.157050
-27.468536	2.519604	-3.117842
-27.479854	-6.706011	9.926078
-27.491172	5.300906	-3.761082
-27.502490	2.900756	7.253340
-27.513807	-5.602565	-6.893205
-27.525125	10.330152	1.369745
-27.536443	-0.921020	1.667954
-27.547761	-3.480947	6.371100
-27.559079	-3.250565	2.153600
-27.570397	-3.876672	2.570926
-27.581715	6.038094	-9.612027
-27.593033	1.533377	-3.192167
-27.604351	-11.252232	1.362839
-27.615668	4.362573	6.728259
-27.626986	-8.485251	2.490151
-27.638304	5.346020	1.641452
-27.649622	-8.302688	5.278056
-27.660940	6.262817	1.214341
-27.672258	-1.152763	1.700998
-27.683576	-0.188343	6.456790
-27.694894	-4.718553	-0.377262
-27.706212	-0.365195	0.667012
-27.717530	7.775490	1.275010
-27.728847	-6.870675	-1.332036
-27.740165	-6.974904	-3.362477
-27.751483	0.980703	-3.629121
-27.762801	-0.435273	5.668583
-27.774119	2.362914	-4.433698
-27.785437	6.324633	2.412213
-27.796755	-6.204549	8.266878
-27.808073	6.644806	-0.526161
-27.819391	10.920284	2.992121
-27.830709	1.452859	0.191712
-27.842026	6.896410	7.539725
-27.853344	-0.562467	-0.702814
-27.864662	2.495792	0.007222
-27.875980	2.151636	2.108653
-27.887298	-0.748077	0.083896
-27.898616	0.318464	3.078174
-27.909934	-3.858790	6.532439
-27.921252	-2.846636	0.401241
-27.932570	1.707471	-2.150169
-27.943888	0.414403	5.363103
-27.955205	4.727825	4.782474
-27.966523	-1.830848	2.219322
-27.977841	10.170151	-8.139686
-27.989159	-1.131080	-2.010610
-28.000477	2.227805	5.833298
-28.011795	1.175378	3.560843
-28.023113	-2.353327	-0.328525
-28.034431	5.296350	-1.049138
-28.045749	-1.663162	-5.380314
-28.057066	-0.929886	3.518020
-28.068384	-4.222534	-0.386335
-28.079702	-3.276896	3.401576
-28.091020	5.520893	-3.310299
-28.102338	-0.850074	5.800196
-28.113656	4.478082	-5.750097
-28.124974	10.326159	5.798463
-28.136292	-0.174473	1.568335
-28.147610	4.989995	-5.569654
-28.158928	5.921309	-1.822471
-28.170245	4.555358	-2.143346
-28.181563	1.299519	-3.123766
-28.192881	2.617624	3.295026
-28.204199	5.892306	4.511440
-28.215517	-3.273193	10.904383
-28.226835	-3.701285	1.448185
-28.238153	4.481308	1.349615
-28.249471	0.495986	8.671412
-28.260789	2.031443	4.950879
-28.272107	-1.383271	-0.884394
-28.283424	-0.761508	4.419800
-28.294742	-5.263515	10.515925
-28.306060	-6.975099	-10.307795
-28.317378	-3.932173	7.077481
-28.328696	-0.399018	-1.757721
-28.340014	-8.978902	-3.780855
-28.351332	6.956835	2.900381
-28.362650	-5.250481	-3.389221
-28.373968	2.064797	3.576152
-28.385285	1.591229	-5.074388
-28.396603	7.547352	-5.062168
-28.407921	4.684217	-3.702433
-28.419239	0.204453	-0.288905
-28.430557	2.674170	-2.124961
-28.441875	-3.950007	4.977225
-28.453193	-6.144083	-1.652642
-28.464511	-3.422556	1.942001
-28.475829	-5.648160	0.884121
-28.487147	3.590912	-5.522854
-28.498464	-6.043888	-3.273966
-28.509782	11.763724	-1.884769
-28.521100	7.561191	5.090445
-28.532418	7.544439	6.684056
-28.543736	2.553593	-8.601948
-28.555054	1.936578	3.729141
-28.566372	-1.841443	-8.015666
-28.577690	6.163768	-2.957597
-28.589008	-1.871914	2.461915
-28.600326	1.617390	1.304694
-28.611643	2.966808	6.676680
-28.622961	3.961166	0.798415
-28.634279	5.178710	-0.359487
-28.645597	3.971521	-2.437625
-28.656915	4.512055	4.860395
-28.668233	-4.124053	5.133872
-28.679551	5.157195	-9.225650
-28.690869	-2.321386	7.554527
-28.702187	-8.117782	1.988762
-28.713504	-1.351564	1.924263
-28.724822	-3.820879	3.825152
-28.736140	-0.394049	2.945927
-28.747458	7.494811	6.078551
-28.758776	-3.792571	1.375253
-28.770094	2.819950	4.909802
-28.781412	5.497442	9.941438
-28.792730	-5.426595	-3.982695
-28.804048	6.068832	12.641022
-28.815366	7.323461	3.527429
-28.826683	14.067393	4.835398
-28.838001	3.223658	1.296089
-28.849319	4.460403	-10.341021
-28.860637	1.430204	1.379506
-28.871955	1.136971	-4.779697
-28.883273	-1.567198	11.951634
-28.894591	-0.027225	-6.624317
-28.905909	3.086459	-1.978945
-28.917227	-7.033567	-6.044122
-28.928545	3.940405	-1.815016
-28.939862	1.838977	-8.757318
-28.951180	-2.949091	4.420199
-28.962498	-1.335758	-3.216155
-28.973816	4.630145	4.198731
-28.985134	0.836259	13.897872
-28.996452	-3.292348	-5.366948
-29.007770	-8.005808	3.975678
-29.019088	-4.983913	-7.373203
-29.030406	12.602540	-6.811226
-29.041724	-1.656708	-9.650524
-29.053041	5.616239	2.164789
-29.064359	-7.837305	-1.814219
-29.075677	2.674919	-0.556873
-29.086995	-3.486186	-1.261170
-29.098313	-2.846006	-0.409858
-29.109631	-3.756079	6.459851
-29.120949	-5.713215	-3.023816
-29.132267	-0.079601	3.439151
-29.143585	-2.382266	-5.720900
-29.154902	-2.943652	-5.190607
-29.166220	-0.115238	-2.591264
-29.177538	-1.476667	1.726720
-29.188856	3.414592	1.228354
-29.200174	4.010697	-0.748866
-29.211492	0.036635	-0.663010
-29.222810	2.135618	-0.352222
-29.234128	-2.575819	2.496349
-29.245446	2.891446	7.284349
-29.256764	2.916523	-3.931383
-29.268081	5.999251	-2.761320
-29.279399	2.086739	4.467138
-29.290717	-6.675449	0.113233
-29.302035	-9.796117	-1.505021
-29.313353	0.848178	0.556496
-29.324671	-2.334409	6.686030
-29.335989	0.826227	7.628271
-29.347307	3.439825	3.887986
-29.358625	9.283255	-10.024444
-29.369943	-2.001580	3.203293
-29.381260	1.839294	1.471400
-29.392578	10.264126	0.948057
-29.403896	0.409097	-3.693859
-29.415214	-6.054883	9.211348
-29.426532	-1.879440	-4.252700
-29.437850	-2.834668	3.263199
-29.449168	-1.852754	13.774845
-29.460486	4.299469	1.518168
-29.471804	6.746171	8.070031
-29.483121	5.908073	-10.667491
-29.494439	3.389736	8.058272
-29.505757	12.018196	4.124656
-29.517075	5.375013	-1.095262
-29.528393	-6.458564	1.156088
-29.539711	4.778979	0.080857
-29.551029	15.192325	-1.602238
-29.562347	0.936603	9.394055
-29.573665	-2.412367	1.218204
-29.584983	8.532242	2.359880
-29.596300	-8.499187	0.087127
-29.607618	10.265991	-1.293023
-29.618936	-1.704196	-5.863163
-29.630254	2.304436	-2.066434
-29.641572	14.208125	2.366096
-29.652890	-16.722260	-1.388806
-29.664208	1.295229	-6.867527
-29.675526	3.868322	4.143790
-29.686844	0.852849	8.330829
-29.698162	-1.502681	5.309788
-29.709479	-5.828553	5.166369
-29.720797	-0.844631	-7.820511
-29.732115	-4.926280	8.288191
-29.743433	-4.508567	3.197213
-29.754751	-0.826829	9.212997
-29.766069	4.366002	-1.054188
-29.777387	9.586199	6.651502
-29.788705	3.709690	6.779292
-29.800023	2.228380	3.194851
-29.811340	-5.024753	-3.077218
-29.822658	-7.400405	1.050694
-29.833976	7.473966	0.837773
-29.845294	4.998880	-1.066504
-29.856612	1.233920	0.744010
-29.867930	-1.320318	13.554666
-29.879248	-4.612805	4.066577
-29.890566	6.186806	0.577536
-29.901884	-1.707832	6.302385
-29.913202	-0.515799	1.444685
-29.924519	-4.430471	-5.936179
-29.935837	-8.132723	4.463046
-29.947155	8.574796	0.919391
-29.958473	-1.109143	1.900459
-29.969791	-11.542161	3.561863
-29.981109	11.400164	5.785432
-29.992427	0.759160	0.811329
-30.003745	4.380472	0.676903
-30.015063	3.709322	11.923023
-30.026381	-1.612633	6.148984
-30.037698	-3.527097	0.523101
-30.049016	-1.057194	11.499443
-30.060334	-3.420842	-1.611444
-30.071652	0.587517	2.172467
-30.082970	-2.020477	-4.212992
-30.094288	0.287260	-2.784193
-30.105606	-3.417122	-0.452281
-30.116924	-9.065700	-1.185349
-30.128242	-5.634989	14.903951
-30.139560	-3.403672	-2.242369
-30.150877	3.653688	0.542100
-30.162195	-3.040839	0.501626
-30.173513	1.489155	-2.331490
-30.184831	2.839292	4.645370
-30.196149	-5.289900	1.816119
-30.207467	-1.015678	2.557502
-30.218785	-0.609742	-7.187790
-30.230103	13.000130	-10.991611
-30.241421	13.094033	4.568277
-30.252738	-9.296064	-1.765093
-30.264056	-2.112132	2.431618
-30.275374	-8.700548	2.183359
-30.286692	7.291634	-2.289531
-30.298010	-1.664631	1.505521
-30.309328	-3.243440	2.757019
-30.320646	-0.503219	4.471105
-30.331964	-3.275877	10.046891
-30.343282	5.180214	1.901009
-30.354600	1.788482	2.098673
-30.365917	-11.622740	5.762328
-30.377235	2.359928	5.653646
-30.388553	1.981971	3.480665
-30.399871	3.743771	-6.310020
-30.411189	-1.031701	7.779794
-30.422507	-2.675542	-2.088532
-30.433825	-1.541439	4.563959
-30.445143	-3.957822	-2.352682
-30.456461	4.086012	-9.471356
-30.467779	-0.264529	3.444996
-30.479096	3.349000	6.190248
-30.490414	5.594714	6.092693
-30.501732	7.444654	2.923376
-30.513050	4.718272	7.058272
-30.524368	3.358167	9.668048
-30.535686	-6.397528	4.263403
-30.547004	10.642076	-2.500890
-30.558322	6.431276	1.089236
-30.569640	3.562532	1.466667
-30.580957	-4.554941	0.462990
-30.592275	-0.841624	2.727250
-30.603593	-9.709030	9.424471
-30.614911	-3.552311	-0.415510
-30.626229	5.658392	5.520974
-30.637547	7.081820	2.332450
-30.648865	-1.982220	-0.132586
-30.660183	-3.129745	11.830404
-30.671501	-2.362541	-1.252102
-30.682819	-4.510464	1.303771
-30.694136	0.463940	7.820407
-30.705454	3.480313	-3.971196
-30.716772	7.623994	-1.422801
-30.728090	2.007899	7.052234
-30.739408	3.895026	-2.291454
-30.750726	1.555711	-4.885172
-30.762044	0.789998	-0.498952
-30.773362	-1.537896	3.376918
-30.784680	-0.212327	6.841384
-30.795998	0.466654	-6.325032
-30.807315	-5.990996	-4.367990
-30.818633	-1.899331	0.484382
-30.829951	5.776457	11.870773
-30.841269	-7.365979	2.375494
-30.852587	-0.385116	-2.566273
-30.863905	-8.650759	7.541553
-30.875223	5.011729	6.552489
-30.886541	-1.037017	5.679601
-30.897859	-6.698937	-0.321986
-30.909176	6.978245	-1.714706
-30.920494	-3.910678	5.938210
-30.931812	1.048498	3.702413
-30.943130	-1.143351	1.390274
-30.954448	3.801775	5.311505
-30.965766	4.146955	-1.950269
-30.977084	8.369807	3.544976
-30.988402	1.832951	-4.981082
-30.999720	3.647032	-1.968601
-31.011038	-0.113759	2.028687
-31.022355	8.473452	-1.937861
-31.033673	4.785132	1.490032
-31.044991	8.074878	-4.416183
-31.056309	3.203540	-0.986375
-31.067627	-1.643260	5.935422
-31.078945	2.955386	0.299508
-31.090263	4.482991	-0.095045
-31.101581	5.171227	-6.614151
-31.112899	-1.893406	12.902566
-31.124217	0.328671	-3.718269
-31.135534	1.303845	2.452529
-31.146852	0.699804	7.336983
-31.158170	1.412510	4.790042
-31.169488	12.328331	5.237386
-31.180806	-9.205147	-5.313903
-31.192124	0.811998	-4.824694
-31.203442	5.329631	1.716707
-31.214760	9.594142	9.051318
-31.226078	-0.182987	5.995768
-31.237396	-3.160498	-1.837467
-31.248713	8.539828	-0.320719
-31.260031	-3.709729	4.656086
-31.271349	8.769761	-6.911157
-31.282667	-0.542289	0.265380
-31.293985	0.166925	8.039021
-31.305303	1.498320	-0.850494
-31.316621	-0.959290	-0.788873
-31.327939	4.214885	5.287936
-31.339257	1.050327	5.295334
-31.350574	-2.637777	-3.108469
-31.361892	3.159784	4.765601
-31.373210	1.948083	0.221865
-31.384528	8.681127	1.750174
-31.395846	-3.108516	12.969831
-31.407164	0.366441	6.047988
-31.418482	5.540411	9.687296
-31.429800	-1.540954	-7.390663
-31.441118	-3.011124	-5.375154
-31.452436	-6.457614	6.505292
-31.463753	-2.587724	-0.687143
-31.475071	9.483608	0.421104
-31.486389	6.660292	7.837048
-31.497707	7.118967	-2.803420
-31.509025	0.325485	9.040583
-31.520343	2.696469	7.283159
-31.531661	-0.090638	-0.370760
-31.542979	-2.954676	3.396297
-31.554297	0.463091	-3.355624
-31.565615	3.887886	0.144023
-31.576932	-4.184034	6.665634
-31.588250	7.873482	-2.017619
-31.599568	3.321917	4.412307
-31.610886	-4.599765	-9.824367
-31.622204	-6.687272	-2.863204
-31.633522	-8.978334	-2.197903
-31.644840	1.107694	0.989022
-31.656158	-5.029629	-1.683072
-31.667476	1.904637	-0.349648
-31.678793	4.322211	4.484170
-31.690111	-3.936669	1.495781
-31.701429	3.703075	1.864655
-31.712747	2.523047	0.668752
-31.724065	9.869984	-1.316485
-31.735383	0.220509	3.844987
-31.746701	-5.645904	6.992629
-31.758019	2.316319	3.253963
-31.769337	-1.401647	3.703508
-31.780655	3.502908	0.162655
-31.791972	-2.039382	2.465937
-31.803290	4.169973	0.142924
-31.814608	10.209480	10.055014
-31.825926	-7.451818	1.963705
-31.837244	1.065845	-6.141654
-31.848562	2.004364	0.799425
-31.859880	7.493521	-0.552012
-31.871198	0.155453	10.026348
-31.882516	-6.078185	-0.529193
-31.893834	-10.198307	-1.457862
-31.905151	5.532292	2.031941
-31.916469	8.182596	-2.243160
-31.927787	4.501582	-1.686622
-31.939105	6.987197	-1.675471
-31.950423	4.349514	-10.507679
-31.961741	2.216299	3.006562
-31.973059	8.678874	6.289004
-31.984377	4.243376	-8.108004
-31.995695	-7.353916	-4.304631
-32.007013	-0.627252	-9.697035
-32.018330	0.176731	5.262456
-32.029648	0.002636	-3.038471
-32.040966	4.108550	9.729821
-32.052284	4.960210	4.136124
-32.063602	-6.744827	1.341502
-32.074920	3.703834	-9.068709
-32.086238	-4.380626	0.738715
-32.097556	1.192749	3.301126
-32.108874	3.217100	2.239516
-32.120191	4.498578	-4.476837
-32.131509	5.576073	-4.736936
-32.142827	2.057257	-1.839082
-32.154145	0.744933	-3.801931
-32.165463	0.821991	1.539015
-32.176781	-6.255243	-5.191423
-32.188099	2.674146	5.510302
-32.199417	-0.885126	6.318356
-32.210735	-0.364659	7.318451
-32.222053	1.583784	3.168887
-32.233370	-8.656562	4.363183
-32.244688	-1.244318	-0.668039
-32.256006	2.303636	7.465523
-32.267324	4.415600	6.188074
-32.278642	-7.466597	4.982363
-32.289960	2.272299	3.283143
-32.301278	0.535093	5.633713
-32.312596	-2.286456	2.240979
-32.323914	1.270122	-3.946557
-32.335232	-0.331876	1.448064
-32.346549	5.406008	-15.620208
-32.357867	1.220290	8.546237
-32.369185	3.278630	-12.340282
-32.380503	5.907644	-1.652885
-32.391821	-5.986415	3.343950
-32.403139	0.919082	-2.150456
-32.414457	-0.163811	0.180098
-32.425775	-10.752084	0.857932
-32.437093	0.353355	6.527349
-32.448410	-7.094837	5.639294
-32.459728	4.592645	-4.571376
-32.471046	3.283522	1.742550
-32.482364	-4.585005	0.088720
-32.493682	-0.806476	-1.597171
-32.505000	-6.494659	2.599692
-32.516318	-0.644824	1.200485
-32.527636	5.348099	10.116978
-32.538954	3.140363	2.449400
-32.550272	-0.929230	-2.339166
-32.561589	-1.009188	-7.473094
-32.572907	-1.568749	-7.193433
-32.584225	-5.036920	0.872888
-32.595543	9.370428	-8.978539
-32.606861	3.378651	10.251369
-32.618179	-1.467032	-7.917695
-32.629497	-3.813611	-0.089899
-32.640815	7.985124	-9.618632
-32.652133	4.826407	2.822975
-32.663451	2.571975	5.923153
-32.674768	-0.655692	5.743569
-32.686086	-0.395597	7.330170
-32.697404	12.405406	1.012731
-32.708722	3.082699	3.842017
-32.720040	-4.102870	6.631607
-32.731358	-2.825991	-3.050461
-32.742676	4.901958	-3.506226
-32.753994	-8.558876	9.255075
-32.765312	2.572480	-0.337261
-32.776629	8.185186	-3.739768
-32.787947	1.025945	-0.882406
-32.799265	-7.535473	4.417924
-32.810583	-9.673403	4.154893
-32.821901	-2.446533	7.516337
-32.833219	-6.605116	-4.692700
-32.844537	-8.120410	-2.552725
-32.855855	2.550057	-0.795575
-32.867173	-0.735644	-4.812202
-32.878491	7.221125	-0.056164
-32.889808	1.128810	-1.497360
-32.901126	-0.353901	-2.703276
-32.912444	5.203629	-2.018478
-32.923762	-3.992381	3.789850
-32.935080	-1.016118	2.035879
-32.946398	-1.695157	4.565619
-32.957716	-3.259734	0.335030
-32.969034	4.654729	1.282786
-32.980352	0.116907	7.469655
-32.991670	0.712248	-0.435542
-33.002987	-1.647427	1.057479
-33.014305	-8.131861	8.739862
-33.025623	1.738102	3.367199
-33.036941	8.175141	6.687510
-33.048259	0.953557	2.500699
-33.059577	0.588593	-2.356553
-33.070895	-2.246799	0.977467
-33.082213	-0.263012	6.112224
-33.093531	-2.451540	4.731253
-33.104849	7.631947	1.406545
-33.116166	0.264764	-1.778715
-33.127484	6.396385	0.695973
-33.138802	5.277174	-0.018997
-33.150120	2.346364	3.830491
-33.161438	0.524560	0.549673
-33.172756	2.623982	4.850954
-33.184074	-3.362533	3.752387
-33.195392	-0.773269	-3.672275
-33.206710	5.926878	-2.424363
-33.218027	-8.402825	-1.089458
-33.229345	-6.125946	-2.641753
-33.240663	-1.575864	1.075779
-33.251981	4.583763	14.420337
-33.263299	-4.285862	-7.634350
-33.274617	0.435143	0.592160
-33.285935	1.281463	14.179790
-33.297253	-3.890168	5.852952
-33.308571	-0.305246	0.715292
-33.319889	14.925810	-3.073748
-33.331206	4.573272	-0.550198
-33.342524	-7.419947	3.830746
-33.353842	3.596809	3.469912
-33.365160	8.896074	2.120547
-33.376478	1.557318	-3.686429
-33.387796	-1.574372	8.462210
-33.399114	-4.736033	-2.846074
-33.410432	-2.067443	-5.434618
-33.421750	7.186485	-6.701612
-33.433068	-8.922727	-3.150125
-33.444385	0.982020	4.942852
-33.455703	4.048841	-0.745102
-33.467021	7.882502	-3.993713
-33.478339	6.143848	2.435721
-33.489657	-12.283320	6.580682
-33.500975	2.939477	-3.910013
-33.512293	-0.454810	8.191398
-33.523611	-2.782265	-1.091651
-33.534929	1.649671	-1.217653
-33.546246	-3.618254	-3.087520
-33.557564	4.194817	-3.572303
-33.568882	3.032108	6.695407
-33.580200	2.405499	-2.075148
-33.591518	4.137083	-1.892482
-33.602836	-4.051133	0.681193
-33.614154	-2.410664	-4.572778
-33.625472	4.421948	4.392354
-33.636790	-1.862589	4.586283
-33.648108	2.896394	0.883085
-33.659425	-7.874051	0.271508
-33.670743	4.951807	1.162415
-33.682061	3.735954	1.914476
-33.693379	-2.100468	-3.439872
-33.704697	4.671925	7.136206
-33.716015	-6.033846	7.277805
-33.727333	-1.440562	-4.805808
-33.738651	-1.669277	3.787100
-33.749969	4.940759	2.442912
-33.761287	-6.798958	4.383724
-33.772604	-1.282934	-0.466469
-33.783922	2.912224	-5.402164
-33.795240	-3.511351	-1.310258
-33.806558	0.705244	3.461794
-33.817876	2.080952	2.502001
-33.829194	1.895805	6.111077
-33.840512	5.542536	-7.853471
-33.851830	5.144614	4.329507
-33.863148	-0.666317	-2.433754
-33.874465	-1.482678	-0.812691
-33.885783	-1.307607	1.197737
-33.897101	7.235825	-1.516193
-33.908419	-0.209235	6.703547
-33.919737	-6.720325	3.236590
-33.931055	3.520866	-3.424112
-33.942373	7.800591	-3.646921
-33.953691	2.226870	-3.750648
-33.965009	8.727886	10.137109
-33.976327	-12.604340	0.370393
-33.987644	-5.719943	4.612989
-33.998962	-0.902250	-6.952819
-34.010280	-4.764874	-4.893518
-34.021598	-2.046074	4.336987
-34.032916	5.085485	-1.743162
-34.044234	3.449609	-2.699178
-34.055552	0.061319	0.751490
-34.066870	0.187536	-7.249036
-34.078188	-0.050918	11.001824
-34.089506	-3.163511	-2.009577
-34.100823	1.518704	0.076388
-34.112141	-0.946237	-2.037682
-34.123459	0.359761	2.218143
-34.134777	6.039368	-3.124603
-34.146095	4.526206	2.619414
-34.157413	3.595767	4.094346
-34.168731	-3.739597	-12.797428
-34.180049	4.995879	-6.631227
-34.191367	5.225708	5.448688
-34.202685	2.411251	7.047828
-34.214002	-1.476061	2.092200
-34.225320	-9.376451	-12.572717
-34.236638	11.655080	7.978375
-34.247956	-3.295071	8.718139
-34.259274	7.379907	-5.483544
-34.270592	5.345724	-2.685205
-34.281910	-0.992765	-2.461884
-34.293228	4.287785	-0.588071
-34.304546	1.725549	1.758745
-34.315863	4.274034	4.953102
-34.327181	7.040020	1.768557
-34.338499	-5.510944	-2.956760
-34.349817	-0.836485	-2.326251
-34.361135	-3.026912	17.418257
-34.372453	12.461456	-4.935776
-34.383771	3.437783	2.258443
-34.395089	-1.674725	-6.019970
-34.406407	1.461809	-3.829903
-34.417725	-4.049230	-2.202674
-34.429042	3.803100	-3.155231
-34.440360	8.742781	-1.846722
-34.451678	10.904921	-2.969920
-34.462996	4.458181	-7.095065
-34.474314	-5.643170	1.667588
-34.485632	3.062193	2.760808
-34.496950	-3.474034	9.259737
-34.508268	-2.646760	-1.926482
-34.519586	2.612091	-1.189456
-34.530904	3.107083	-0.332089
-34.542221	2.909271	11.764407
-34.553539	9.937384	-1.476157
-34.564857	-1.394696	-1.715265
-34.576175	2.292052	11.253986
-34.587493	-4.106387	1.607117
-34.598811	2.037521	3.944161
-34.610129	8.159012	6.706118
-34.621447	0.132288	2.746624
-34.632765	5.112847	5.153807
-34.644082	-0.101889	9.517714
-34.655400	-0.183865	-6.889323
-34.666718	-2.107143	1.765978
-34.678036	-2.412203	4.136099
-34.689354	3.720687	-0.752731
-34.700672	-1.869760	6.753280
-34.711990	5.721860	-1.777449
-34.723308	-5.662855	1.194059
-34.734626	-4.567889	-3.261437
-34.745944	-5.760640	3.621793
-34.757261	-8.964074	-0.279992
-34.768579	9.256095	8.407921
-34.779897	8.346573	6.381593
-34.791215	-0.218866	6.899211
-34.802533	-3.069387	-2.423708
-34.813851	0.611864	-3.840893
-34.825169	1.812338	2.400911
-34.836487	5.589369	12.701120
-34.847805	3.763374	-11.055150
-34.859123	1.343410	10.097096
-34.870440	7.856948	2.063419
-34.881758	6.612618	6.034179
-34.893076	6.962004	7.035288
-34.904394	1.055699	-3.601310
-34.915712	-7.504171	3.589766
-34.927030	3.468417	1.567099
-34.938348	4.420387	-0.821561
-34.949666	3.462371	-0.768994
-34.960984	-4.172566	7.990613
-34.972301	4.472691	7.037553
-34.983619	-10.923490	-2.740216
-34.994937	5.295362	-0.852327
-35.006255	6.295630	5.718085
-35.017573	-10.979360	0.027417
-35.028891	-3.598354	-5.426087
-35.040209	-4.042942	2.420577
-35.051527	1.549908	-6.384150
-35.062845	0.475661	3.447521
-35.074163	-5.923786	-0.166557
-35.085480	1.576808	10.886277
-35.096798	-4.558492	12.371125
-35.108116	8.692955	-5.369608
-35.119434	-2.518202	0.540302
-35.130752	2.176974	-3.236372
-35.142070	7.895082	-2.524185
-35.153388	3.291533	7.976871
-35.164706	1.161557	5.582582
-35.176024	1.788716	-3.733334
-35.187342	-1.946262	4.458982
-35.198659	-0.315114	-3.261912
-35.209977	-1.944883	3.238050
-35.221295	2.535371	1.661976
-35.232613	3.755042	-2.096847
-35.243931	-1.901492	4.179186
-35.255249	-4.497481	5.807953
-35.266567	-2.605357	-12.168624
-35.277885	3.953891	2.435545
-35.289203	-0.689389	9.760093
-35.300521	3.171079	-0.463814
-35.311838	6.187996	3.018771
-35.323156	2.157547	0.207825
-35.334474	6.168113	2.616482
-35.345792	-2.181894	-2.440816
-35.357110	-2.900372	0.156018
-35.368428	-1.722190	0.420255
-35.379746	-1.008743	-0.926512
-35.391064	2.048491	4.869956
-35.402382	4.001596	-0.191108
-35.413699	5.636921	-10.407615
-35.425017	1.934348	4.544755
-35.436335	3.213684	-5.538552
-35.447653	-0.388306	2.790314
-35.458971	-4.307079	-1.017999
-35.470289	4.780378	-0.538487
-35.481607	-0.733246	9.990178
-35.492925	-0.028957	0.646005
-35.504243	-1.946399	4.909067
-35.515561	5.838964	7.089981
-35.526878	6.007456	2.563037
-35.538196	-1.562926	5.536456
-35.549514	3.366337	4.799570
-35.560832	8.970318	-0.396074
-35.572150	-0.436154	-6.797069
-35.583468	1.433562	-1.817029
-35.594786	-3.554995	2.310082
-35.606104	-13.578433	-1.945810
-35.617422	4.283852	9.503842
-35.628740	8.824080	-2.585001
-35.640057	-4.294744	-4.002650
-35.651375	-1.771988	9.699609
-35.662693	-8.007092	-1.741310
-35.674011	-0.910469	-2.261634
-35.685329	-1.089525	0.447732
-35.696647	1.294577	4.282102
-35.707965	0.267368	2.412460
-35.719283	-2.477887	-2.301252
-35.730601	9.642559	0.817549
-35.741918	-1.060780	2.717453
-35.753236	-2.157442	2.122813
-35.764554	1.124417	-1.968934
-35.775872	-1.896424	-4.772481
-35.787190	0.094402	3.830766
-35.798508	-2.005710	4.075456
-35.809826	-1.430660	1.646633
-35.821144	2.557575	1.633078
-35.832462	-2.429435	0.821612
-35.843780	9.377177	-5.077027
-35.855097	6.824970	6.567109
-35.866415	6.339025	-10.935953
-35.877733	2.874899	4.907316
-35.889051	-6.280571	7.801813
-35.900369	9.643135	-0.350908
-35.911687	3.984304	1.512117
-35.923005	7.815457	1.349335
-35.934323	1.995436	4.119320
-35.945641	6.329495	-4.455121
-35.956959	-8.644390	-1.348259
-35.968276	-3.635814	0.996377
-35.979594	6.030398	-3.875137
-35.990912	2.183312	11.006934
-36.002230	-2.798838	-5.781136
-36.013548	1.496891	-1.172746
-36.024866	9.581760	1.215927
-36.036184	3.315495	-2.310323
-36.047502	-2.773262	18.001205
-36.058820	-2.010412	0.801329
-36.070137	3.644301	4.434541
-36.081455	-0.088655	-1.336162
-36.092773	8.035914	-3.817884
-36.104091	0.141531	2.788932
-36.115409	-0.439425	-2.674739
-36.126727	-8.150835	-0.079587
-36.138045	1.352336	-7.194822
-36.149363	-0.851113	1.514178
-36.160681	4.355148	9.913439
-36.171999	5.524071	-5.694625
-36.183316	-0.369967	1.380723
-36.194634	1.167535	4.502960
-36.205952	-1.720565	2.568874
-36.217270	-1.036189	3.892526
-36.228588	-3.690244	6.652583
-36.239906	12.033036	5.844111
-36.251224	-3.130398	-3.153595
-36.262542	-3.400308	-1.216082
-36.273860	-5.886321	7.947259
-36.285178	-1.423180	3.730499
-36.296495	1.713731	3.582795
-36.307813	-0.417238	2.296595
-36.319131	7.832415	3.736344
-36.330449	5.677929	10.973803
-36.341767	-0.485730	1.883722
-36.353085	-0.531908	-5.869389
-36.364403	2.960888	10.074283
-36.375721	4.979030	1.327142
-36.387039	5.631371	4.415051
-36.398357	-2.775962	5.450849
-36.409674	8.659677	-0.604702
-36.420992	8.472898	-1.296103
-36.432310	-1.040787	8.578801
-36.443628	-3.929883	6.212754
-36.454946	7.451566	-5.312961
-36.466264	10.195072	4.359767
-36.477582	-2.844375	0.483355
-36.488900	5.429006	2.598902
-36.500218	0.467425	7.907790
-36.511535	0.796226	7.805923
-36.522853	-6.978284	-7.302473
-36.534171	3.834066	7.761701
-36.545489	4.111397	3.482577
-36.556807	1.148723	5.079991
-36.568125	-1.891088	-1.412849
-36.579443	6.601623	-7.570330
-36.590761	-0.305166	0.081685
-36.602079	9.878351	2.547847
-36.613397	4.478120	-2.131210
-36.624714	7.906632	-2.571651
-36.636032	-0.295767	0.387495
-36.647350	7.352960	6.344769
-36.658668	1.857541	-7.838311
-36.669986	1.854282	7.240280
-36.681304	-10.396482	1.937060
-36.692622	10.479272	2.687452
-36.703940	-1.738220	1.553499
-36.715258	8.139901	2.401215
-36.726576	4.913846	13.597376
-36.737893	-5.249673	-3.289717
-36.749211	3.371950	-3.668631
-36.760529	-2.532273	14.207255
-36.771847	6.651761	-4.782567
-36.783165	1.956971	5.016277
-36.794483	8.118708	2.364314
-36.805801	1.829151	7.209930
-36.817119	-3.055920	4.655537
-36.828437	0.486721	0.887242
-36.839754	-5.661073	4.433212
-36.851072	-2.729667	3.691793
-36.862390	8.263772	-1.146817
-36.873708	3.577893	10.060038
-36.885026	-1.532264	-2.957464
-36.896344	4.363794	9.773319
-36.907662	4.599327	2.582044
-36.918980	4.739825	-1.514419
-36.930298	-0.269606	-8.933071
-36.941616	4.126357	5.047034
-36.952933	6.069725	4.769549
-36.964251	-2.484097	2.990916
-36.975569	-0.810235	-3.797853
-36.986887	7.265934	1.390547
-36.998205	2.035137	4.166056
-37.009523	3.281004	8.048235
-37.020841	-3.872180	3.691124
-37.032159	-2.601214	2.174263
-37.043477	-4.998570	-4.388660
-37.054795	3.802568	-0.549278
-37.066112	2.668371	3.639916
-37.077430	3.177028	0.293995
-37.088748	-1.418904	9.291132
-37.100066	-6.160766	-1.136311
-37.111384	0.780772	2.121434
-37.122702	2.577011	-1.731311
-37.134020	-0.861964	8.868046
-37.145338	0.155248	7.167963
-37.156656	-0.194552	0.374585
-37.167973	2.162785	5.811984
-37.179291	2.049865	7.085428
-37.190609	-10.419916	0.640209
-37.201927	0.219564	4.657372
-37.213245	-6.429472	-0.956501
-37.224563	4.919249	3.524237
-37.235881	-3.509067	-2.351933
-37.247199	-0.516113	1.076550
-37.258517	0.918445	-0.032713
-37.269835	-5.850085	-3.113943
-37.281152	-1.804345	-6.843778
-37.292470	-2.176443	-6.306832
-37.303788	9.990531	-7.207475
-37.315106	6.198678	2.541693
-37.326424	7.059855	0.620518
-37.337742	0.419117	6.644513
-37.349060	-2.474673	3.578789
-37.360378	7.364780	2.113026
-37.371696	-3.347003	-3.217247
-37.383014	5.731170	-7.673669
-37.394331	2.049688	2.219095
-37.405649	2.017388	-4.180840
-37.416967	5.158797	11.774957
-37.428285	4.074825	-2.045302
-37.439603	5.807604	-4.810042
-37.450921	-2.523430	2.554921
-37.462239	-6.101723	8.058210
-37.473557	0.510918	-4.630967
-37.484875	0.980455	-6.706982
-37.496193	-7.694469	-7.930655
-37.507510	3.083124	8.779479
-37.518828	-1.377919	2.310518
-37.530146	2.319788	-0.367139
-37.541464	0.371859	-6.722147
-37.552782	11.724116	-9.661474
-37.564100	-8.590611	1.701485
-37.575418	3.630987	-2.211743
-37.586736	0.276072	0.025456
-37.598054	-0.999124	-0.254754
-37.609371	3.481882	1.981318
-37.620689	-2.337211	1.203053
-37.632007	-2.665072	-1.879950
-37.643325	5.367127	4.473630
-37.654643	-2.987957	4.182845
-37.665961	0.729034	-1.920775
-37.677279	-1.505601	0.842269
-37.688597	5.793599	0.703811
-37.699915	2.019740	4.549735
-37.711233	5.301784	2.026504
-37.722550	-2.246594	-1.547077
-37.733868	-5.487527	5.184638
-37.745186	2.035700	1.265302
-37.756504	4.459726	-4.329483
-37.767822	-7.044971	5.829672
-37.779140	0.419168	3.641410
-37.790458	2.543790	1.246971
-37.801776	-0.095723	0.879481
-37.813094	6.518191	2.457346
-37.824412	-2.900200	2.241173
-37.835729	-0.655595	-2.555156
-37.847047	2.149404	2.121155
-37.858365	-7.415139	-3.253674
-37.869683	6.048276	4.351402
-37.881001	5.765079	1.668935
-37.892319	-7.183140	4.292409
-37.903637	18.670406	-0.221987
-37.914955	2.042315	3.036654
-37.926273	1.156296	5.577580
-37.937590	-3.401391	1.126603
-37.948908	-1.815588	-4.041232
-37.960226	5.632487	1.011177
-37.971544	-5.651603	3.228308
-37.982862	-4.816336	-10.987010
-37.994180	3.834505	15.765560
-38.005498	-1.723860	5.069953
-38.016816	0.905743	2.330957
-38.028134	1.643823	-4.188649
-38.039452	-0.413549	4.533706
-38.050769	-10.735590	7.910050
-38.062087	3.246392	-6.202768
-38.073405	1.001500	7.382954
-38.084723	0.844260	-2.456123
-38.096041	1.916560	0.325139
-38.107359	-0.926824	-3.460773
-38.118677	3.846833	-2.327670
-38.129995	7.780121	2.439272
-38.141313	-2.919927	0.129777
-38.152631	7.241638	1.603254
-38.163948	-1.222842	-6.726021
-38.175266	10.473281	-6.400213
-38.186584	2.092534	-13.753223
-38.197902	0.004352	-1.580148
-38.209220	0.662658	2.975365
-38.220538	-3.550655	-1.023415
-38.231856	2.984237	7.537794
-38.243174	-0.372737	5.843736
-38.254492	1.580098	-1.583746
-38.265809	9.361938	3.056528
-38.277127	-6.494254	-5.726326
-38.288445	10.087885	2.143625
-38.299763	-5.912003	13.363397
-38.311081	-1.303226	-0.568224
-38.322399	5.039248	2.002700
-38.333717	-4.368479	5.174714
-38.345035	-1.154342	0.528979
-38.356353	0.545810	-2.684255
-38.367671	3.245951	-3.931357
-38.378988	0.598717	6.288106
-38.390306	8.771876	-3.652848
-38.401624	8.100614	-3.783256
-38.412942	2.773068	0.802379
-38.424260	1.405635	8.274780
-38.435578	6.253611	1.810701
-38.446896	9.712871	-2.541426
-38.458214	-10.167504	-0.766737
-38.469532	10.618823	-0.474452
-38.480850	-2.600996	-6.708027
-38.492167	1.490825	-2.209286
-38.503485	-2.994240	1.939847
-38.514803	-4.903158	2.042410
-38.526121	1.442887	-1.541203
-38.537439	3.075245	-5.440451
-38.548757	1.282155	-8.306357
-38.560075	4.739725	3.535906
-38.571393	0.089663	4.292206
-38.582711	0.017525	-0.795312
-38.594029	-1.354533	1.344125
-38.605346	4.997794	-2.075538
-38.616664	-6.594727	6.023894
-38.627982	2.883534	2.625108
-38.639300	-7.410408	1.305502
-38.650618	4.258169	1.011226
-38.661936	-0.716339	-1.502506
-38.673254	-5.350439	1.660430
-38.684572	1.968435	-0.825479
-38.695890	0.588860	2.407193
-38.707207	9.869242	-0.221893
-38.718525	10.535796	3.878110
-38.729843	-4.962797	6.752557
-38.741161	4.129362	-8.117796
-38.752479	-0.891231	4.734029
-38.763797	2.552630	-3.015374
-38.775115	3.275558	6.520297
-38.786433	0.211066	3.057614
-38.797751	-9.853550	1.200776
-38.809069	2.446714	-4.887107
-38.820386	-0.066234	1.073925
-38.831704	-7.542903	-0.762319
-38.843022	2.188287	6.467233
-38.854340	-2.927991	4.390569
-38.865658	4.874798	5.013071
-38.876976	-3.587267	1.341956
-38.888294	10.290842	-3.582886
-38.899612	2.709985	10.090873
-38.910930	-2.217291	-7.603671
-38.922248	-1.588801	0.655657
-38.933565	3.504391	1.495798
-38.944883	7.532860	-1.383206
-38.956201	5.350160	5.758005
-38.967519	4.583825	-4.386955
-38.978837	1.012346	6.857255
-38.990155	-0.381552	1.985917
-39.001473	-0.138995	2.662539
-39.012791	2.898139	3.956559
-39.024109	11.194530	2.373343
-39.035426	5.752755	11.604685
-39.046744	-1.714651	-6.718945
-39.058062	8.080664	-2.124542
-39.069380	0.181878	2.618111
-39.080698	5.765915	-3.654308
-39.092016	2.131364	5.061686
-39.103334	9.619290	-4.672783
-39.114652	0.556169	6.009802
-39.125970	3.869906	-4.241020
-39.137288	0.755302	-3.848383
-39.148605	-0.167662	2.796774
-39.159923	5.261820	2.284588
-39.171241	-0.306949	1.240800
-39.182559	-3.109648	-5.672912
-39.193877	1.524688	-3.293886
-39.205195	2.540482	5.981569
-39.216513	-1.872186	4.700023
-39.227831	-4.345581	0.558376
-39.239149	2.231718	7.265116
-39.250467	1.558272	-0.627812
-39.261784	11.817796	6.226244
-39.273102	-6.092280	-3.271020
-39.284420	3.667225	-10.026292
-39.295738	4.155024	-0.234343
-39.307056	1.569251	1.833673
-39.318374	-6.279058	11.739284
-39.329692	2.842246	-6.890224
-39.341010	-1.920329	-3.419678
-39.352328	0.462893	1.782696
-39.363646	-6.747729	0.600506
-39.374963	-2.604452	6.708633
-39.386281	-3.855548	-1.312924
-39.397599	6.998626	0.623854
-39.408917	-3.889995	-2.402633
-39.420235	4.115648	9.985756
-39.431553	0.453972	6.910812
-39.442871	-2.157040	0.101041
-39.454189	-0.795988	3.102924
-39.465507	3.562724	5.146547
-39.476824	11.796867	1.982848
-39.488142	-1.534795	-0.224522
-39.499460	-0.877906	1.405861
-39.510778	2.479220	-5.425986
-39.522096	-4.656811	4.930083
-39.533414	3.833828	6.993963
-39.544732	-2.224942	6.390913
-39.556050	-4.714102	2.694776
-39.567368	0.221724	-2.855598
-39.578686	-8.089957	-5.261513
-39.590003	1.450971	-0.078728
-39.601321	-2.581022	-0.338467
-39.612639	7.374932	2.164336
-39.623957	0.821513	-6.062242
-39.635275	-4.319569	-5.350876
-39.646593	4.249873	3.461236
-39.657911	8.816724	1.823179
-39.669229	-5.003393	4.100780
-39.680547	0.362530	4.775613
-39.691865	0.817359	3.827376
-39.703182	9.410315	-3.021564
-39.714500	-3.338008	10.307062
-39.725818	-2.789001	3.618062
-39.737136	7.400496	0.322035
-39.748454	4.524051	1.780613
-39.759772	6.310867	13.448940
-39.771090	-1.600292	-0.484189
-39.782408	-0.062262	3.415036
-39.793726	4.323027	-2.164430
-39.805043	8.578756	1.193690
-39.816361	9.041322	2.324410
-39.827679	-6.885339	1.790574
-39.838997	2.445970	-1.331562
-39.850315	2.825081	3.792952
-39.861633	-7.257153	6.624318
-39.872951	-7.188906	2.630985
-39.884269	-4.955826	-1.248287
-39.895587	7.808743	-3.103361
-39.906905	1.811554	0.323062
-39.918222	2.813628	-4.018611
-39.929540	-2.369839	-2.800560
-39.940858	-13.612880	2.265783
-39.952176	-0.612174	-3.357533
-39.963494	2.206714	7.409275
-39.974812	2.503294	-7.227777
-39.986130	1.280135	2.000652
-39.997448	4.078721	9.068789
-40.008766	-8.739746	-8.099455
-40.020084	5.456793	-0.243847
-40.031401	-2.595669	-4.788222
-40.042719	4.222401	-1.422307
-40.054037	-2.850623	6.840564
-40.065355	6.382730	-2.718898
-40.076673	2.110599	3.028310
-40.087991	6.104640	1.660259
-40.099309	7.937610	-4.165439
-40.110627	15.381755	6.334774
-40.121945	0.008464	2.326658
-40.133262	-3.389127	-1.177224
-40.144580	-3.124362	1.524053
-40.155898	1.626580	0.827370
-40.167216	0.094513	1.474323
-40.178534	-6.453426	-1.435192
-40.189852	3.743486	-6.157370
-40.201170	-4.263587	0.161696
-40.212488	2.348101	-0.938219
-40.223806	0.865539	-8.396478
-40.235124	2.022074	0.710324
-40.246441	1.214536	-2.419657
-40.257759	1.075424	1.116622
-40.269077	8.319749	0.993366
-40.280395	6.667305	-4.351358
-40.291713	-2.101053	-1.578331
-40.303031	-4.832726	5.575723
-40.314349	1.523752	-6.716304
-40.325667	11.968425	-3.078299
-40.336985	2.397198	5.311222
-40.348303	1.651930	0.944350
-40.359620	-4.561430	2.116793
-40.370938	6.012258	0.471238
-40.382256	13.026153	4.845313
-40.393574	7.996595	4.745138
-40.404892	-0.672040	11.302042
-40.416210	16.587896	-2.258755
-40.427528	2.726505	2.635843
-40.438846	-6.726776	3.584658
-40.450164	-6.977346	5.937077
-40.461482	-5.965403	1.572077
-40.472799	-1.990032	-4.569034
-40.484117	0.763225	-6.232014
-40.495435	-0.055664	12.056543
-40.506753	0.268888	3.956759
-40.518071	-2.509165	4.571764
-40.529389	4.274083	1.203213
-40.540707	-4.901959	8.333570
-40.552025	4.871516	9.830441
-40.563343	1.688056	0.335255
-40.574660	1.190257	3.467306
-40.585978	5.857308	3.763024
-40.597296	1.743535	-2.685834
-40.608614	8.790994	3.214055
-40.619932	2.193433	2.786200
-40.631250	7.614066	10.794786
-40.642568	7.498785	5.370982
-40.653886	-4.750850	-0.879959
-40.665204	1.117775	4.642066
-40.676522	4.100258	-0.084651
-40.687839	-4.845009	2.248942
-40.699157	-2.662743	3.977698
-40.710475	-3.729542	-1.265811
-40.721793	9.346083	11.602094
-40.733111	3.974671	2.776931
-40.744429	-1.986026	-12.907396
-40.755747	-8.249591	-0.407501
-40.767065	-8.713880	0.003330
-40.778383	-4.288269	4.124208
-40.789701	1.907974	6.544625
-40.801018	1.708330	1.584713
-40.812336	-1.651772	5.449343
-40.823654	-0.152341	1.384400
-40.834972	4.037376	5.909088
-40.846290	2.764843	6.930015
-40.857608	3.526663	3.901236
-40.868926	4.494338	1.871951
-40.880244	-4.121573	-0.835302
-40.891562	4.587651	0.983281
-40.902879	10.970079	9.217525
-40.914197	3.544695	3.352768
-40.925515	1.481856	2.121685
-40.936833	-2.235127	8.376287
-40.948151	-2.576096	1.525343
-40.959469	-7.922165	0.381249
-40.970787	-10.380616	1.819144
-40.982105	2.949601	-5.421501
-40.993423	2.903791	3.580191
-41.004741	2.186398	3.530802
-41.016058	0.137378	5.881170
-41.027376	8.302003	12.207583
-41.038694	-9.778884	-4.425752
-41.050012	1.604324	-4.009460
-41.061330	5.902979	1.243800
-41.072648	3.049895	-1.778228
-41.083966	6.861741	7.733113
-41.095284	-1.145240	6.890944
-41.106602	-9.765882	8.442743
-41.117920	3.835483	-0.808411
-41.129237	1.078535	6.245525
-41.140555	-7.397686	-3.168316
-41.151873	-4.479225	7.584988
-41.163191	-4.720731	1.852465
-41.174509	-3.089817	13.044276
-41.185827	-6.567705	7.407505
-41.197145	7.152342	2.504016
-41.208463	3.952635	1.288521
-41.219781	4.023704	-0.076939
-41.231098	2.160475	0.450065
-41.242416	-3.851601	0.378524
-41.253734	10.391734	8.372935
-41.265052	-1.071501	2.432724
-41.276370	-2.369969	-1.768981
-41.287688	10.419404	7.968664
-41.299006	-3.462519	-0.199279
-41.310324	4.437106	6.954672
-41.321642	2.197931	-9.276888
-41.332960	-0.255940	0.361134
-41.344277	0.552405	-8.047225
-41.355595	2.129780	-1.505480
-41.366913	9.152555	6.716584
-41.378231	-0.071902	1.685419
-41.389549	1.787063	-3.951070
-41.400867	-0.703261	-1.535428
-41.412185	2.100015	1.748625
-41.423503	1.042225	0.946098
-41.434821	-1.564003	1.289031
-41.446139	-6.395697	-8.303007
-41.457456	11.872496	-2.051734
-41.468774	-2.456972	0.668043
-41.480092	7.681128	6.436210
-41.491410	4.087037	5.321967
-41.502728	6.825432	-8.776661
-41.514046	5.062407	-0.045627
-41.525364	1.386817	-6.347477
-41.536682	10.050550	5.285573
-41.548000	1.565226	4.447628
-41.559318	1.198714	-9.604931
-41.570635	1.265648	-1.223914
-41.581953	-4.166337	-9.993796
-41.593271	10.416183	3.751445
-41.604589	-2.627193	6.243721
-41.615907	-2.222365	-7.588543
-41.627225	-1.379428	3.650695
-41.638543	-8.925879	-9.384090
-41.649861	8.649334	6.715141
-41.661179	3.101499	2.512215
-41.672496	1.925800	0.310393
-41.683814	3.983070	2.939948
-41.695132	1.977219	7.399198
-41.706450	6.964906	3.608160
-41.717768	-1.519525	0.303606
-41.729086	-2.158695	-0.319946
-41.740404	2.176944	-1.252636
-41.751722	8.230422	5.954477
-41.763040	-1.966910	11.143494
-41.774358	5.508554	0.186136
-41.785675	1.781633	0.622443
-41.796993	5.693833	-2.420217
-41.808311	-2.850685	-2.311499
-41.819629	10.151237	12.846065
-41.830947	-0.644588	15.081633
-41.842265	-9.686023	-4.710805
-41.853583	3.200933	-0.920861
-41.864901	10.738211	-4.614328
-41.876219	8.756515	1.669454
-41.887537	-4.110437	3.461018
-41.898854	-0.784826	-7.877990
-41.910172	1.202539	-1.312315
-41.921490	-0.054890	-1.245213
-41.932808	4.545794	2.524595
-41.944126	-0.642238	4.897502
-41.955444	5.477856	6.092520
-41.966762	-1.006114	-3.671928
-41.978080	0.700397	-0.775860
-41.989398	5.041406	10.107313
-42.000715	4.657746	2.966697
-42.012033	3.712210	3.119746
-42.023351	11.444849	4.546536
-42.034669	-2.756432	-5.530471
-42.045987	12.616048	12.464827
-42.057305	-9.913105	3.392390
-42.068623	1.725735	-0.467637
-42.079941	1.226702	2.680285
-42.091259	-2.444631	-12.884385
-42.102577	1.107038	-2.479397
-42.113894	-5.511405	0.128600
-42.125212	-6.430131	1.015099
-42.136530	-0.875391	-3.639217
-42.147848	4.407738	-2.393287
-42.159166	3.442559	-6.705341
-42.170484	-4.113204	4.299168
-42.181802	1.745811	7.097867
-42.193120	0.054728	4.345198
-42.204438	2.794384	3.966104
-42.215756	3.605421	6.306450
-42.227073	0.540411	0.154568
-42.238391	-0.418467	6.568480
-42.249709	-3.282239	0.703727
-42.261027	-5.943090	0.166963
-42.272345	8.243476	4.222068
-42.283663	-6.377010	2.245663
-42.294981	8.325501	-9.066889
-42.306299	1.991356	-3.904141
-42.317617	3.584477	9.117470
-42.328934	-3.667428	-3.113744
-42.340252	-11.514680	-0.033360
-42.351570	-0.215503	7.972687
-42.362888	-0.998073	4.437501
-42.374206	-2.183043	-2.319289
-42.385524	0.960080	2.520084
-42.396842	-1.541089	0.413714
-42.408160	12.395188	2.236586
-42.419478	-2.973370	-4.574758
-42.430796	-6.576341	2.439242
-42.442113	6.713562	3.071168
-42.453431	5.949395	2.302407
-42.464749	11.020908	-0.640566
-42.476067	-1.159815	0.626493
-42.487385	0.265242	2.293011
-42.498703	-1.818208	-2.468126
-42.510021	-4.712026	0.099814
-42.521339	7.721708	3.679242
-42.532657	8.401943	10.182179
-42.543975	0.899474	5.949456
-42.555292	-5.508894	-2.438159
-42.566610	2.840230	9.630672
-42.577928	-5.287742	-0.405933
-42.589246	-6.997383	4.150963
-42.600564	3.505387	-3.298851
-42.611882	-0.527673	0.956211
-42.623200	-0.888893	0.931800
-42.634518	4.021508	2.916184
-42.645836	-8.760606	10.891752
-42.657154	1.409000	-6.497472
-42.668471	5.214728	5.206563
-42.679789	6.394590	4.618334
-42.691107	1.092641	-0.137663
-42.702425	5.804794	1.928833
-42.713743	-1.754704	1.816878
-42.725061	4.840041	-4.209226
-42.736379	2.774263	3.752261
-42.747697	5.507346	4.701862
-42.759015	-2.634382	-5.639371
-42.770332	-4.852165	-3.792705
-42.781650	7.022429	1.120533
-42.792968	1.368994	-0.324354
-42.804286	1.005737	4.535808
-42.815604	3.205204	5.129297
-42.826922	4.758227	-1.304145
-42.838240	2.966972	8.179607
-42.849558	-2.370139	3.713986
-42.860876	5.679507	0.554105
-42.872194	7.973609	0.919233
-42.883511	3.974058	4.253936
-42.894829	-3.892025	4.217977
-42.906147	-5.349141	-4.666762
-42.917465	7.254786	9.871466
-42.928783	1.079743	0.658335
-42.940101	4.990592	1.591819
-42.951419	3.231434	2.626805
-42.962737	5.371015	7.134829
-42.974055	12.611260	1.585854
-42.985373	-5.657480	12.397368
-42.996690	-4.112738	10.034540
-43.008008	10.362751	-3.664965
-43.019326	-5.423244	0.627212
-43.030644	6.783622	3.328424
-43.041962	3.428241	4.508725
-43.053280	-5.263572	-5.108387
-43.064598	2.682657	7.955060
-43.075916	-4.316785	9.640112
-43.087234	-1.303986	5.209021
-43.098551	-1.439097	4.095112
-43.109869	2.403322	0.328016
-43.121187	-5.376585	3.161876
-43.132505	9.970673	-0.952944
-43.143823	14.643568	0.745201
-43.155141	-4.588730	6.376099
-43.166459	-3.045757	0.256640
-43.177777	-0.657776	-2.002108
-43.189095	-5.833887	1.988453
-43.200413	-1.060102	9.673439
-43.211730	-3.675477	11.455342
-43.223048	-1.730388	-7.739828
-43.234366	5.134057	5.572995
-43.245684	0.626560	9.529527
-43.257002	-3.195067	-0.092352
-43.268320	-3.259545	-2.990199
-43.279638	-1.415176	-6.706958
-43.290956	0.277484	-0.467544
-43.302274	-2.993205	-2.635963
-43.313592	4.629715	-6.131775
-43.324909	-1.067928	7.295486
-43.336227	-12.321652	-3.379365
-43.347545	1.415077	-3.493929
-43.358863	8.684639	0.269874
-43.370181	-4.383353	10.109588
-43.381499	3.070310	-1.043396
-43.392817	5.778715	-1.265060
-43.404135	-0.128492	1.844375
-43.415453	8.797871	0.188744
-43.426770	-6.936869	1.611172
-43.438088	-2.069300	8.792493
-43.449406	-3.746613	-2.643618
-43.460724	-0.074341	-2.815354
-43.472042	1.098494	9.194807
-43.483360	3.319104	1.876327
-43.494678	4.928261	3.869113
-43.505996	7.853909	0.545093
-43.517314	-0.182634	0.310476
-43.528632	6.289443	-2.899576
-43.539949	2.969464	3.601075
-43.551267	-2.738606	5.962035
-43.562585	0.246072	-0.225542
-43.573903	0.000915	0.807794
-43.585221	0.786352	5.024645
-43.596539	3.722611	8.862809
-43.607857	-0.001609	2.920235
-43.619175	11.610119	-2.699544
-43.630493	13.704404	12.344006
-43.641811	1.684513	-1.011704
-43.653128	-6.412221	8.659081
-43.664446	-1.412039	0.930288
-43.675764	3.134199	11.033235
-43.687082	-1.478596	6.409949
-43.698400	8.103986	-1.598799
-43.709718	8.215195	8.374025
-43.721036	1.532971	2.433416
-43.732354	5.608769	-14.643718
-43.743672	-0.798460	4.856037
-43.754990	2.312427	4.034191
-43.766307	16.428719	4.491228
-43.777625	6.831320	11.688675
-43.788943	3.900503	-10.579911
-43.800261	5.007890	-3.065985
-43.811579	2.554688	2.464231
-43.822897	3.859315	1.814362
-43.834215	-5.505171	-2.606131
-43.845533	1.124299	-1.602323
-43.856851	0.108144	-2.714459
-43.868168	8.935828	-2.482965
-43.879486	4.982539	3.487073
-43.890804	1.988214	7.403065
-43.902122	11.840100	0.381043
-43.913440	-1.260664	-0.901466
-43.924758	2.395141	-1.549695
-43.936076	2.410999	2.706424
-43.947394	-2.380946	11.285901
-43.958712	0.473688	3.188375
-43.970030	-5.196649	1.924174
-43.981347	0.809909	3.482610
-43.992665	7.723517	0.526629
-44.003983	-9.960288	4.221748
-44.015301	5.936335	1.701623
-44.026619	-3.875086	-0.046456
-44.037937	-0.923261	-4.400403
-44.049255	5.340085	-4.092382
-44.060573	-2.566248	8.155250
-44.071891	2.656772	-0.908705
-44.083209	-0.769847	2.792829
-44.094526	9.288899	-1.007089
-44.105844	2.941318	6.380428
-44.117162	6.494519	-0.324912
-44.128480	0.314575	11.116288
-44.139798	4.661344	9.885154
-44.151116	2.835036	-12.185952
-44.162434	6.627380	2.936132
-44.173752	5.071919	3.400347
-44.185070	3.975637	-6.127660
-44.196387	7.543361	7.934536
-44.207705	-9.037165	-5.111177
-44.219023	4.293983	0.397416
-44.230341	-9.626271	3.540355
-44.241659	7.654877	-2.265023
-44.252977	-1.948734	1.900147
-44.264295	-4.402190	-11.487538
-44.275613	11.134119	6.631052
-44.286931	1.958916	-1.284730
-44.298249	-1.809229	-1.799448
-44.309566	1.553070	1.095391
-44.320884	2.456206	-6.287680
-44.332202	3.250293	-4.246860
-44.343520	-0.991443	3.655149
-44.354838	12.618916	3.054325
-44.366156	1.156879	-2.445891
-44.377474	1.726527	-4.580906
-44.388792	9.518412	7.248423
-44.400110	-4.901156	1.274781
-44.411428	1.148355	-3.303124
-44.422745	-1.885422	0.119878
-44.434063	3.508139	-1.194412
-44.445381	9.681494	-0.600250
-44.456699	3.476171	13.286551
-44.468017	-13.678319	1.499313
-44.479335	-2.988337	-1.412804
-44.490653	11.369078	6.358501
-44.501971	2.351290	-8.000912
-44.513289	2.994575	-0.724120
-44.524606	5.681054	0.704261
-44.535924	2.153220	3.511312
-44.547242	3.781099	8.441273
-44.558560	2.329710	-2.614513
-44.569878	7.996254	-1.426622
-44.581196	3.554534	0.856138
-44.592514	-2.274983	-5.803919
-44.603832	-1.959731	14.375428
-44.615150	-1.186430	0.590431
-44.626468	-1.799319	5.760173
-44.637785	2.412023	-1.825637
-44.649103	-8.640620	8.020107
-44.660421	-8.620502	-0.284053
-44.671739	1.981646	8.537458
-44.683057	-0.742597	2.418278
-44.694375	7.174891	-1.930120
-44.705693	-5.487306	0.015323
-44.717011	4.453661	-2.819326
-44.728329	2.189762	7.749106
-44.739647	1.535037	-4.447535
-44.750964	4.865491	3.301589
-44.762282	4.776356	-0.090588
-44.773600	3.718600	2.303488
-44.784918	9.990499	7.868936
-44.796236	7.354379	-0.155371
-44.807554	-2.569948	8.423116
-44.818872	2.475528	-1.064739
-44.830190	-1.330524	-6.973866
-44.841508	-0.180122	-3.262054
-44.852826	3.375017	5.680895
-44.864143	11.674183	-1.762503
-44.875461	1.488696	6.994761
-44.886779	-7.876461	2.032406
-44.898097	-3.084507	2.236282
-44.909415	6.344365	11.114779
-44.920733	-1.714322	-4.188375
-44.932051	-6.470401	1.207460
-44.943369	-0.398019	0.570524
-44.954687	8.064326	2.800245
-44.966004	5.244634	1.067219
-44.977322	1.529593	7.916672
-44.988640	-4.801763	-3.042801
-44.999958	-0.219940	2.724286
-45.011276	7.576145	-3.149703
-45.022594	-1.828293	13.555636
-45.033912	6.162705	3.819175
-45.045230	1.922928	4.693608
-45.056548	2.595707	-0.907090
-45.067866	-2.027334	4.555695
-45.079183	1.242997	8.088479
-45.090501	5.643519	8.851784
-45.101819	-3.364294	-0.540235
-45.113137	9.118812	-8.208630
-45.124455	8.395847	-10.635795
-45.135773	2.062708	-9.095394
-45.147091	8.913521	-1.499833
-45.158409	-4.938599	4.209992
-45.169727	9.185287	1.502844
-45.181045	1.837647	-1.212533
-45.192362	2.549393	-0.029298
-45.203680	8.534207	-5.834611
-45.214998	10.328238	2.171979
-45.226316	5.524833	1.028526
-45.237634	-6.303012	1.520159
-45.248952	9.619483	4.167480
-45.260270	8.572628	-0.001662
-45.271588	-1.345870	-9.001830
-45.282906	5.490744	-7.606915
-45.294223	-6.057570	4.789919
-45.305541	-6.501361	8.497508
-45.316859	11.045115	3.299326
-45.328177	11.098077	2.753571
-45.339495	7.673963	-1.337910
-45.350813	-0.527237	4.479988
-45.362131	3.196475	-0.660929
-45.373449	10.144323	0.117955
-45.384767	2.915035	-0.519780
-45.396085	4.281193	1.390984
-45.407402	2.149865	-0.827485
-45.418720	4.631077	-1.371832
-45.430038	8.316877	7.320728
-45.441356	8.556343	3.832673
-45.452674	14.849998	1.291722
-45.463992	-0.238972	6.975179
-45.475310	2.981840	-6.368317
-45.486628	17.702707	1.696771
-45.497946	-9.291800	7.104412
-45.509264	5.296632	8.466363
-45.520581	7.040435	-8.836709
-45.531899	1.488425	-0.238273
-45.543217	-4.032033	6.711854
-45.554535	-0.626113	4.169872
-45.565853	3.967898	3.996657
-45.577171	-3.197102	9.473819
-45.588489	3.451573	-3.638653
-45.599807	7.796216	0.154431
-45.611125	8.022730	7.051502
-45.622442	3.825913	-2.990020
-45.633760	8.644334	0.420287
-45.645078	2.662624	-9.473117
-45.656396	5.761276	2.267190
-45.667714	-6.590044	1.728412
-45.679032	8.134394	3.712288
-45.690350	-9.833256	6.138665
-45.701668	2.810319	3.069675
-45.712986	3.906673	-0.861105
-45.724304	-2.543109	-0.852704
-45.735621	6.144642	-3.693825
-45.746939	-9.077639	-1.192992
-45.758257	0.903337	-0.722480
-45.769575	-3.763125	4.039934
-45.780893	-4.379461	7.223204
-45.792211	-2.774228	2.629535
-45.803529	0.416616	1.678818
-45.814847	-0.047988	-2.661804
-45.826165	-2.041740	-3.121427
-45.837483	3.990701	-3.933740
-45.848800	3.140041	-3.057683
-45.860118	3.517299	2.343876
-45.871436	1.505506	2.156993
-45.882754	-6.674640	7.103991
-45.894072	-3.679266	2.845727
-45.905390	8.482188	5.855181
-45.916708	-8.141613	5.179505
-45.928026	2.535761	0.848890
-45.939344	-1.413409	3.784675
-45.950662	-3.194925	3.609696
-45.961979	8.612391	-5.803873
-45.973297	6.665843	2.753185
-45.984615	6.239387	-1.971013
-45.995933	10.438136	7.535386
-46.007251	11.869285	8.253941
-46.018569	5.773956	6.969760
-46.029887	-3.595208	3.196386
-46.041205	2.222900	-9.825111
-46.052523	6.773207	10.782223
-46.063840	-4.447811	-5.713956
-46.075158	4.769146	3.081980
-46.086476	1.622871	-4.947085
-46.097794	7.521481	-6.687457
-46.109112	1.897557	1.208538
-46.120430	-7.973881	-0.649944
-46.131748	3.588833	-2.037460
-46.143066	2.538085	-2.629262
-46.154384	7.608912	-0.644138
-46.165702	8.181809	-5.205308
-46.177019	10.673672	3.139760
-46.188337	0.179954	0.159739
-46.199655	-5.631863	4.728158
-46.210973	-0.019050	4.608110
-46.222291	2.556889	1.653432
-46.233609	-1.941881	15.658531
-46.244927	-1.868477	-4.195178
-46.256245	-2.708090	3.341735
-46.267563	-0.581340	-0.328285
-46.278881	7.982576	12.564955
-46.290198	-4.020255	3.347068
-46.301516	-0.871471	2.523447
-46.312834	-1.754098	2.428687
-46.324152	-1.442823	0.187582
-46.335470	12.891954	-2.646713
-46.346788	4.988073	-1.557470
-46.358106	7.493693	1.530631
-46.369424	-0.052216	5.946978
-46.380742	5.094663	8.844493
-46.392059	3.249931	-7.921901
-46.403377	-2.969995	-2.755192
-46.414695	5.796139	1.093255
-46.426013	4.968631	9.395093
-46.437331	-1.217066	-0.973556
-46.448649	2.332273	-5.336760
-46.459967	3.479535	-0.735201
-46.471285	6.085530	6.184083
-46.482603	-2.182688	-2.573204
-46.493921	4.913790	0.545874
-46.505238	-0.989394	10.535242
-46.516556	1.567098	9.496991
-46.527874	-2.259937	13.569517
-46.539192	-4.121299	-3.855470
-46.550510	-3.112169	4.974978
-46.561828	-0.337282	6.944033
-46.573146	2.272806	3.450377
-46.584464	0.805287	6.733602
-46.595782	2.950820	1.993915
-46.607100	-2.323955	4.496954
-46.618417	-4.939127	1.469911
-46.629735	-0.946064	-10.171883
-46.641053	6.726149	8.980536
-46.652371	3.447914	-0.799958
-46.663689	8.639482	-3.751636
-46.675007	-0.018011	4.238575
-46.686325	14.400092	0.734172
-46.697643	3.752153	7.741011
-46.708961	-6.450060	-2.044880
-46.720279	12.610296	-8.245498
-46.731596	13.737216	2.182336
-46.742914	-4.534082	-3.672111
-46.754232	0.184345	0.230360
-46.765550	2.108866	7.351220
-46.776868	3.270961	1.436936
-46.788186	-1.885731	4.489750
-46.799504	-4.731597	-12.090303
-46.810822	6.598500	0.605938
-46.822140	1.736429	0.388336
-46.833457	8.905149	2.154474
-46.844775	4.186531	-0.552079
-46.856093	14.207859	-5.315231
-46.867411	2.061988	10.790730
-46.878729	-0.663994	-5.882570
-46.890047	7.850636	6.089682
-46.901365	-0.179976	10.556054
-46.912683	10.104593	-1.848572
-46.924001	9.705618	1.120540
-46.935319	-0.289079	7.281653
-46.946636	-11.052700	-0.604423
-46.957954	13.580140	-0.274802
-46.969272	7.190137	12.155478
-46.980590	12.558360	12.976542
-46.991908	-1.767156	0.739523
-47.003226	-1.087628	5.519073
-47.014544	-3.325969	3.260566
-47.025862	3.530499	-0.784128
-47.037180	4.408134	6.456732
-47.048498	3.790013	13.776937
-47.059815	8.940708	-0.664646
-47.071133	3.886029	3.192636
-47.082451	0.463409	-3.546692
-47.093769	-3.912085	8.163701
-47.105087	1.216748	5.424435
-47.116405	4.950078	-6.965683
-47.127723	2.487719	8.060469
-47.139041	3.584958	1.651343
-47.150359	-2.911056	-2.046729
-47.161676	5.402289	0.230422
-47.172994	-6.471551	-5.060279
-47.184312	7.392930	1.100485
-47.195630	6.075498	-0.764281
-47.206948	9.657656	-1.666754
-47.218266	-6.679296	7.342715
-47.229584	-1.846836	4.578492
-47.240902	0.818497	0.733806
-47.252220	7.333799	-0.441465
-47.263538	4.563461	0.224066
-47.274855	-4.164843	8.240992
-47.286173	4.971035	2.879312
-47.297491	-4.855963	3.139490
-47.308809	7.487676	-4.374332
-47.320127	5.536613	4.130748
-47.331445	-1.017954	9.720743
-47.342763	-1.058093	0.912646
-47.354081	-3.919778	-1.605106
-47.365399	6.254819	-5.928028
-47.376717	-0.734899	-1.853224
-47.388034	-1.074542	2.746195
-47.399352	-5.968035	-5.816417
-47.410670	-5.776289	4.056639
-47.421988	7.009300	6.096971
-47.433306	11.111212	8.221350
-47.444624	1.931191	9.555944
-47.455942	5.769977	2.068291
-47.467260	-0.117101	-1.297298
-47.478578	7.602227	0.531811
-47.489895	1.419868	5.961433
-47.501213	-0.427765	4.662966
-47.512531	8.024828	6.484850
-47.523849	2.027200	1.731865
-47.535167	-4.180810	2.287546
-47.546485	4.021971	11.441842
-47.557803	7.243443	8.969707
-47.569121	1.448325	2.659553
-47.580439	-9.452050	3.141204
-47.591757	1.474579	-1.474483
-47.603074	3.078362	13.530905
-47.614392	12.787443	-2.380837
-47.625710	-1.689350	3.088514
-47.637028	-2.433072	13.159111
-47.648346	5.646961	-0.300573
-47.659664	-0.505743	0.992819
-47.670982	-2.021350	8.282721
-47.682300	1.368573	-1.736892
-47.693618	-2.348957	5.839905
-47.704936	3.424056	0.604041
-47.716253	4.683937	4.655886
-47.727571	-5.450068	6.249240
-47.738889	9.729991	10.290977
-47.750207	0.166979	7.340273
-47.761525	0.529338	-3.523355
-47.772843	-2.693806	8.408965
-47.784161	2.005932	-6.896125
-47.795479	0.004021	-0.483912
-47.806797	0.180795	2.831889
-47.818115	3.340976	-9.649716
-47.829432	1.637061	-1.707536
-47.840750	3.929970	-0.325245
-47.852068	8.870243	9.619793
-47.863386	-5.815212	-4.811149
-47.874704	3.896954	-1.128543
-47.886022	-1.351687	-0.656537
-47.897340	0.306103	-4.315455
-47.908658	-1.210210	1.566575
-47.919976	-0.864816	-0.280271
-47.931293	-7.801434	-3.209056
-47.942611	-6.220642	0.024029
-47.953929	3.390932	-6.692504
-47.965247	0.166364	3.947593
-47.976565	-7.180935	4.436412
-47.987883	-0.354416	3.865101
-47.999201	0.251798	-2.242971
-48.010519	4.297658	0.931080
-48.021837	4.860039	5.859493
-48.033155	-2.325205	8.473281
-48.044472	9.219286	1.799305
-48.055790	9.028660	5.122630
-48.067108	-1.846979	10.636277
-48.078426	3.145060	-1.394493
-48.089744	1.426130	-2.417454
-48.101062	-0.761533	-1.465219
-48.112380	1.581174	10.323957
-48.123698	-5.570990	4.970466
-48.135016	-0.252378	5.619942
-48.146334	-2.259530	-0.329195
-48.157651	7.460439	-4.436746
-48.168969	-9.603539	-11.006001
-48.180287	0.008948	2.592242
-48.191605	7.755414	1.319046
-48.202923	-2.180446	0.486960
-48.214241	1.290503	3.898266
-48.225559	1.677131	0.682175
-48.236877	8.085124	-2.551059
-48.248195	12.295567	4.026363
-48.259512	-11.722404	4.750703
-48.270830	3.631856	6.774567
-48.282148	11.689048	17.380270
-48.293466	-1.837419	12.608974
-48.304784	-1.303827	-3.785419
-48.316102	-2.016360	2.360003
-48.327420	-1.794973	2.988866
-48.338738	10.258031	-3.747382
-48.350056	4.205353	7.323123
-48.361374	-0.787971	6.200705
-48.372691	-3.846106	12.963141
-48.384009	10.228982	3.671032
-48.395327	3.598270	-4.560773
-48.406645	-0.803661	8.198460
-48.417963	-12.368142	-6.333632
-48.429281	-6.096453	6.274457
-48.440599	4.947887	-2.845041
-48.451917	0.622490	7.182437
-48.463235	5.561200	-1.701473
-48.474553	0.960450	0.150308
-48.485870	5.826460	4.707883
-48.497188	4.879931	-4.880233
-48.508506	1.847002	10.266160
-48.519824	2.346216	-0.432979
-48.531142	4.545771	8.392531
-48.542460	9.148207	7.381677
-48.553778	7.869189	-1.095250
-48.565096	3.337965	7.610401
-48.576414	10.045721	7.732175
-48.587731	10.569277	0.870359
-48.599049	-10.756433	6.514083
-48.610367	9.524424	-1.750126
-48.621685	4.755398	-1.565066
-48.633003	-2.206110	-1.196125
-48.644321	-0.052836	0.643110
-48.655639	-1.871549	-3.347017
-48.666957	5.265890	0.601557
-48.678275	-0.306987	9.381745
-48.689593	11.149841	5.085717
-48.700910	1.789475	2.964378
-48.712228	-2.269203	-1.097970
-48.723546	-0.747815	-4.424341
-48.734864	1.073541	1.400823
-48.746182	-0.399143	7.803162
-48.757500	-1.298782	8.817073
-48.768818	-0.160617	3.738366
-48.780136	0.787775	5.426070
-48.791454	-6.289591	-0.150122
-48.802772	-5.200233	-13.543057
-48.814089	-1.887798	12.449699
-48.825407	3.814739	0.075719
-48.836725	-5.181635	8.002361
-48.848043	10.558487	11.097138
-48.859361	8.129284	-3.125813
-48.870679	0.790679	5.340706
-48.881997	6.233422	6.222178
-48.893315	5.319780	-1.550589
-48.904633	8.707090	0.957171
-48.915951	-1.574569	4.695389
-48.927268	-0.011369	-5.063961
-48.938586	7.142104	9.856754
-48.949904	-0.183515	1.071199
-48.961222	6.753557	2.331048
-48.972540	8.015125	3.848486
-48.983858	4.009326	1.836461
-48.995176	2.468698	2.378339
-49.006494	4.287903	-6.135284
-49.017812	3.838066	7.272251
-49.029129	2.573829	0.349733
-49.040447	2.970629	6.029333
-49.051765	-0.522589	-1.687454
-49.063083	4.343945	-0.043144
-49.074401	-8.120059	3.787035
-49.085719	9.853136	-0.623120
-49.097037	7.731452	2.878343
-49.108355	0.927309	5.567867
-49.119673	6.093369	5.056948
-49.130991	-4.581035	5.983755
-49.142308	0.640372	-5.993929
-49.153626	13.949559	4.715052
-49.164944	-1.963605	4.147145
-49.176262	2.750778	-1.362524
-49.187580	8.010831	-6.438333
-49.198898	0.398497	-10.203911
-49.210216	-3.854749	-5.755239
-49.221534	5.217053	3.286707
-49.232852	4.962834	2.095370
-49.244170	9.080009	0.080443
-49.255487	2.764781	3.747765
-49.266805	1.415450	3.091910
-49.278123	-6.698871	-7.308480
-49.289441	3.382951	-4.984711
-49.300759	0.480206	-6.514569
-49.312077	-2.903905	1.881311
-49.323395	14.436333	-0.473703
-49.334713	-4.492920	6.752398
-49.346031	7.202269	4.490377
-49.357348	-0.788199	-4.483747
-49.368666	4.878012	4.928679
-49.379984	4.361681	2.971981
-49.391302	0.182586	1.236172
-49.402620	13.009901	3.063360
-49.413938	-2.165262	0.203238
-49.425256	4.477730	6.712716
-49.436574	1.873938	-1.455087
-49.447892	3.278471	5.014868
-49.459210	7.443977	10.669504
-49.470527	3.777266	2.647078
-49.481845	-1.928718	-2.136584
-49.493163	-4.050805	-1.510717
-49.504481	5.659449	15.083476
-49.515799	6.549009	-2.130082
-49.527117	-7.408498	-3.235708
-49.538435	-3.133924	-0.955249
-49.549753	1.335497	8.573183
-49.561071	0.887179	6.351650
-49.572389	2.687582	7.772539
-49.583706	-4.555316	-3.708743
-49.595024	3.378953	6.114537
-49.606342	-4.206770	0.130124
-49.617660	7.674552	-2.101181
-49.628978	1.749364	-0.131992
-49.640296	-4.878891	5.971367
-49.651614	4.792611	-6.946034
-49.662932	3.161593	3.204278
-49.674250	-1.672117	-5.189747
-49.685567	0.773823	0.175617
-49.696885	1.708646	-0.980261
-49.708203	-0.701150	6.214581
-49.719521	9.302887	1.650175
-49.730839	-0.719334	1.404035
-49.742157	2.626874	12.299055
-49.753475	-3.810276	0.443270
-49.764793	11.270439	5.973752
-49.776111	5.062835	0.223005
-49.787429	1.270097	0.602402
-49.798746	1.951536	2.692502
-49.810064	-7.301538	0.609939
-49.821382	1.406509	0.614927
-49.832700	-6.262519	4.167835
-49.844018	10.720498	-0.995724
-49.855336	-9.319346	6.065978
-49.866654	-1.248890	-1.800702
-49.877972	10.602438	3.224625
-49.889290	5.527171	2.456105
-49.900608	0.597424	9.887580
-49.911925	0.823396	5.508144
-49.923243	8.693978	0.433666
-49.934561	4.461301	14.277232
-49.945879	-1.115906	4.948928
-49.957197	10.794153	-3.228368
-49.968515	-4.609240	4.890116
-49.979833	0.530961	-8.055799
-49.991151	6.214993	-6.701309
-50.002469	5.219302	-0.336285
-50.013787	-2.417935	0.370532
-50.025104	7.394674	7.861293
-50.036422	-4.821554	2.302162
-50.047740	7.341589	-9.077468
-50.059058	7.409253	-1.041180
-50.070376	4.253833	1.671021
-50.081694	-2.251295	4.927194
-50.093012	-2.234065	-6.113777
-50.104330	-1.294557	-9.166909
-50.115648	-4.335803	8.624990
-50.126965	4.968687	-6.596744
-50.138283	6.135522	4.334435
-50.149601	-4.213677	-10.147511
-50.160919	6.821646	-4.887000
-50.172237	3.472867	0.886660
-50.183555	7.546552	-14.153156
-50.194873	0.879704	7.022018
-50.206191	4.243406	4.008364
-50.217509	1.629432	-1.334924
-50.228827	1.051994	4.472584
-50.240144	1.528234	2.371141
-50.251462	-3.906845	6.401337
-50.262780	5.861570	5.197398
-50.274098	6.484563	-1.043738
-50.285416	1.389544	-0.735488
-50.296734	5.657463	7.168144
-50.308052	-1.192953	0.877170
-50.319370	-6.347829	-0.356840
-50.330688	1.934429	-1.143810
-50.342006	0.427400	3.373539
-50.353323	5.467765	2.585776
-50.364641	-7.035782	2.609050
-50.375959	-3.018908	-1.121404
-50.387277	1.667445	0.023658
-50.398595	12.147034	1.306893
-50.409913	5.310167	-3.645683
-50.421231	3.990708	3.167207
-50.432549	-6.311199	-5.841958
-50.443867	8.481458	0.469953
-50.455184	5.596744	-0.144069
-50.466502	-7.554518	4.195552
-50.477820	7.615191	8.598421
-50.489138	6.898975	-0.068697
-50.500456	3.801615	-0.907091
-50.511774	5.278003	5.281927
-50.523092	8.732390	7.606112
-50.534410	1.044255	5.019526
-50.545728	6.967918	5.288183
-50.557046	12.111156	1.776227
-50.568363	4.536085	2.331004
-50.579681	2.607220	-1.500707
-50.590999	4.362674	7.884915
-50.602317	4.211942	-4.149669
-50.613635	10.127439	7.039835
-50.624953	-1.384840	0.617320
-50.636271	10.130863	-0.853487
-50.647589	6.047323	10.512660
-50.658907	-4.389109	-4.925137
-50.670225	-6.228846	3.410595
-50.681542	2.823375	3.561381
-50.692860	-1.064065	8.556446
-50.704178	0.960190	8.215344
-50.715496	1.816678	0.860639
-50.726814	-4.973578	-5.252100
-50.738132	-3.535703	9.336911
-50.749450	-5.364411	-9.198885
-50.760768	12.339089	1.462907
-50.772086	3.479882	1.985313
-50.783403	-0.728774	0.369188
-50.794721	2.116043	4.419868
-50.806039	12.343142	1.067199
-50.817357	-4.596197	1.975407
-50.828675	5.841493	-3.242012
-50.839993	15.766229	-2.296529
-50.851311	-2.888622	-5.887166
-50.862629	-0.650680	0.024707
-50.873947	14.159157	-4.912383
-50.885265	4.238322	8.013592
-50.896582	0.356378	-1.358239
-50.907900	-0.150611	-0.418217
-50.919218	-1.154724	-3.834765
-50.930536	-5.365549	3.903826
-50.941854	-2.925768	-1.438630
-50.953172	-4.739965	-4.532090
-50.964490	-0.376448	0.228304
-50.975808	2.288236	-2.799241
-50.987126	2.329827	6.567088
-50.998444	1.508832	1.264223
-51.009761	-4.735047	-0.568482
-51.021079	1.125300	1.217672
-51.032397	-0.162907	-3.241632
-51.043715	6.844729	12.622180
-51.055033	-5.526129	1.912626
-51.066351	-0.804986	2.580970
-51.077669	-1.293601	9.678560
-51.088987	2.759849	6.197729
-51.100305	4.621365	8.306991
-51.111623	-7.063084	5.944834
-51.122940	-0.442981	-2.357167
-51.134258	2.965656	-2.015406
-51.145576	6.882574	-8.556399
-51.156894	4.421089	1.414132
-51.168212	-1.036705	-5.155112
-51.179530	6.808686	5.388090
-51.190848	0.180179	-2.294928
-51.202166	4.943290	-0.076602
-51.213484	4.723554	-2.179482
-51.224801	2.278523	-2.995928
-51.236119	-0.461699	-6.754500
-51.247437	-6.171667	3.772951
-51.258755	-6.506729	1.611845
-51.270073	-0.503373	0.347939
-51.281391	5.252472	10.360108
-51.292709	0.244854	-5.851244
-51.304027	-2.209293	-2.257252
-51.315345	0.485201	0.889525
-51.326663	-4.873584	3.852176
-51.337980	4.333578	3.508754
-51.349298	-1.566625	7.416980
-51.360616	-4.587815	-5.428318
-51.371934	4.748487	-9.010097
-51.383252	-0.931657	4.758691
-51.394570	2.091891	-4.951365
-51.405888	6.854912	9.130370
-51.417206	3.478501	3.124870
-51.428524	4.888653	-1.859641
-51.439842	7.734038	8.887304
-51.451159	-1.611404	5.171868
-51.462477	2.207438	0.034428
-51.473795	-5.197870	-1.805974
-51.485113	4.318511	0.923264
-51.496431	1.658236	6.277321
-51.507749	11.822529	13.739388
-51.519067	2.416064	8.906518
-51.530385	-2.217440	-4.550203
-51.541703	8.788154	2.324814
-51.553020	2.535289	11.905374
-51.564338	3.885110	-1.279815
-51.575656	7.302210	1.381411
-51.586974	-5.412209	6.260937
-51.598292	9.632014	-1.295528
-51.609610	-0.094497	-0.544032
-51.620928	13.772579	0.249503
-51.632246	1.487253	16.169743
-51.643564	-3.639056	1.351002
-51.654882	3.470064	0.686943
-51.666199	-0.737515	0.585186
-51.677517	5.615598	-3.428011
-51.688835	11.754200	6.666279
-51.700153	2.920346	-0.760779
-51.711471	1.616280	-1.237803
-51.722789	-0.885402	2.385513
-51.734107	-7.153851	4.461486
-51.745425	7.599137	0.574213
-51.756743	-0.412472	-4.625794
-51.768061	3.271656	0.266993
-51.779378	-1.884372	1.923406
-51.790696	4.889721	3.980957
-51.802014	3.398734	3.082427
-51.813332	0.708627	-0.027007
-51.824650	10.479202	4.107540
-51.835968	1.721749	0.530809
-51.847286	4.813830	-3.452258
-51.858604	4.267928	3.910575
-51.869922	1.060019	-3.945892
-51.881239	7.868370	2.237798
-51.892557	3.440315	2.020870
-51.903875	2.992987	5.706183
-51.915193	3.016682	4.677296
-51.926511	5.967311	2.774785
-51.937829	7.079766	1.061508
-51.949147	-5.858922	1.077215
-51.960465	0.063753	4.454197
-51.971783	-4.122377	12.812781
-51.983101	2.062186	-6.326767
-51.994418	1.329553	-6.962826
-52.005736	6.309996	-3.549194
-52.017054	-3.462402	2.863290
-52.028372	-1.256202	12.698731
-52.039690	3.012777	4.016578
-52.051008	4.695294	1.828393
-52.062326	-0.579028	-5.475311
-52.073644	-2.023162	-1.842104
-52.084962	7.972281	14.468866
-52.096280	-2.589142	3.314000
-52.107597	-0.948779	3.314810
-52.118915	-6.164470	2.793082
-52.130233	1.224296	-5.153271
-52.141551	3.346096	6.932950
-52.152869	2.870511	-6.964237
-52.164187	10.509511	-0.844135
-52.175505	2.242854	-4.813094
-52.186823	3.240357	6.159894
-52.198141	1.136935	6.498262
-52.209459	-3.013431	3.749889
-52.220776	1.915352	-0.152229
-52.232094	9.054204	9.137202
-52.243412	4.372817	2.304904
-52.254730	-3.714323	8.088984
-52.266048	-1.351655	3.623163
-52.277366	7.072280	-4.175223
-52.288684	-7.067662	6.441872
-52.300002	-4.595739	2.562537
-52.311320	4.480234	6.616941
-52.322637	0.284194	3.442178
-52.333955	-0.182635	2.977460
-52.345273	3.822180	1.572242
-52.356591	1.968559	2.507437
-52.367909	-5.198558	13.275948
-52.379227	-8.063078	-5.027534
-52.390545	-7.339820	2.464728
-52.401863	-1.172916	-9.806484
-52.413181	8.821075	-2.408088
-52.424499	2.714627	3.216262
-52.435816	-0.850127	-4.383637
-52.447134	10.241080	3.596551
-52.458452	6.581139	5.843656
-52.469770	0.614728	5.474581
-52.481088	-1.954575	0.992287
-52.492406	-9.074317	3.098690
-52.503724	4.324297	6.434024
-52.515042	-1.475307	3.838146
-52.526360	-1.305096	0.178666
-52.537678	5.840477	7.075927
-52.548995	1.935856	-4.106430
-52.560313	5.807798	0.905929
-52.571631	4.431982	-0.466334
-52.582949	3.348463	-3.559814
-52.594267	-0.211145	-2.070036
-52.605585	3.249774	-6.805357
-52.616903	2.414202	3.624489
-52.628221	-5.586704	11.596381
-52.639539	15.674476	-0.688885
-52.650856	2.730653	0.866435
-52.662174	3.815490	9.535013
-52.673492	-0.602360	-1.130379
-52.684810	7.116014	7.025635
-52.696128	0.337632	-0.088076
-52.707446	7.004734	2.481245
-52.718764	-4.629930	7.514495
-52.730082	3.362435	14.176539
-52.741400	-1.863521	-2.612771
-52.752718	9.132190	-0.058034
-52.764035	3.595606	7.720658
-52.775353	-0.722039	2.142888
-52.786671	4.130804	-0.360105
-52.797989	5.034488	-0.008862
-52.809307	9.292011	4.138791
-52.820625	1.596383	1.407556
-52.831943	0.622869	1.036896
-52.843261	4.489782	-0.353091
-52.854579	1.640416	-2.845434
-52.865897	8.817721	1.207792
-52.877214	-7.019742	1.146566
-52.888532	7.534185	4.882660
-52.899850	1.865666	12.498132
-52.911168	2.442905	1.756596
-52.922486	4.812814	-5.033378
-52.933804	6.552726	-4.854869
-52.945122	-2.327738	1.401707
-52.956440	-2.024431	-6.180092
-52.967758	-0.059765	-0.142355
-52.979075	5.278399	6.079650
-52.990393	4.479539	3.835994
-53.001711	6.132801	1.740858
-53.013029	-1.938271	5.961717
-53.024347	4.429311	-10.614110
-53.035665	-2.544257	8.550934
-53.046983	0.261083	6.965590
-53.058301	7.386862	-4.556916
-53.069619	-4.099277	7.510612
-53.080937	2.886578	6.133674
-53.092254	1.561778	0.116955
-53.103572	-0.761406	-1.321910
-53.114890	0.436354	0.701624
-53.126208	3.237085	8.312708
-53.137526	2.699168	5.201455
-53.148844	3.352691	-5.191488
-53.160162	-1.053234	9.671616
-53.171480	0.125735	2.706186
-53.182798	4.060204	5.858643
-53.194116	-3.648798	-11.131878
-53.205433	7.747649	2.727635
-53.216751	4.991499	7.807874
-53.228069	2.132529	-3.961667
-53.239387	4.710927	-3.522937
-53.250705	-4.249318	-0.744483
-53.262023	1.569849	-10.974511
-53.273341	8.288812	6.143658
-53.284659	2.133570	4.721171
-53.295977	2.338410	-3.926602
-53.307295	-0.837171	4.946218
-53.318612	-0.581439	1.479380
-53.329930	9.537926	7.119728
-53.341248	1.106871	1.404554
-53.352566	3.360741	11.710002
-53.363884	0.589005	10.807112
-53.375202	10.336893	-2.576026
-53.386520	-2.451550	6.520135
-53.397838	-5.962411	-0.384159
-53.409156	3.018943	6.450912
-53.420473	-10.265326	-3.452033
-53.431791	2.121567	1.322141
-53.443109	-3.861513	5.000372
-53.454427	2.953610	2.856651
-53.465745	-1.765573	4.167781
-53.477063	7.381414	-6.767359
-53.488381	7.311700	-5.048584
-53.499699	-4.018786	4.091872
-53.511017	15.876296	0.743390
-53.522335	-0.899093	8.716961
-53.533652	2.662171	7.052199
-53.544970	4.856628	-2.296063
-53.556288	1.991629	12.705939
-53.567606	-0.950539	3.859334
-53.578924	-1.104414	-1.846078
-53.590242	1.370526	-1.487273
-53.601560	-1.566636	5.234767
-53.612878	1.291075	7.363762
-53.624196	5.743713	-0.975668
-53.635514	3.490968	8.462779
-53.646831	2.848906	7.123405
-53.658149	0.797702	3.281807
-53.669467	11.834385	9.293948
-53.680785	-5.463858	-0.103017
-53.692103	3.509465	4.661545
-53.703421	-0.741872	-0.653432
-53.714739	-3.917594	-0.638696
-53.726057	-5.056420	3.286034
-53.737375	5.451811	7.068291
-53.748692	-5.261835	6.459316
-53.760010	-9.784926	7.481846
-53.771328	7.957187	1.487724
-53.782646	-0.461003	4.651460
-53.793964	6.522254	5.700171
-53.805282	0.666485	-2.333728
-53.816600	-0.322822	-7.182497
-53.827918	13.551847	-1.752545
-53.839236	1.509332	12.532095
-53.850554	-0.785440	-3.903284
-53.861871	7.883692	2.709551
-53.873189	4.337722	-3.920169
-53.884507	-2.750255	-4.147936
-53.895825	-0.806861	-1.085008
-53.907143	-5.164501	10.120275
-53.918461	-3.395730	1.772854
-53.929779	-11.192599	-0.723181
-53.941097	5.871571	0.765399
-53.952415	1.352920	6.135137
-53.963733	2.372118	5.634870
-53.975050	6.935506	6.487429
-53.986368	3.096430	-2.339068
-53.997686	7.231800	-5.327093
-54.009004	-0.586917	4.478566
-54.020322	4.470101	0.003423
-54.031640	4.580828	3.524584
-54.042958	-2.606555	8.564778
-54.054276	1.489088	0.989258
-54.065594	-2.551333	-2.436351
-54.076912	1.194438	0.123511
-54.088229	2.021421	-0.373390
-54.099547	0.754928	0.244922
-54.110865	6.954695	0.741657
-54.122183	0.278360	-3.451794
-54.133501	11.873158	-1.977908
-54.144819	0.550708	9.675639
-54.156137	-1.106524	-3.902330
-54.167455	3.001406	7.641952
-54.178773	5.446109	-3.790221
-54.190090	0.445460	-2.183150
-54.201408	4.668696	-3.937630
-54.212726	-0.228804	-2.362561
-54.224044	4.237207	4.833291
-54.235362	3.059327	3.505975
-54.246680	3.548774	-8.829837
-54.257998	-4.566823	10.878908
-54.269316	-1.121096	2.593556
-54.280634	-5.990398	4.994061
-54.291952	-9.382388	1.673393
-54.303269	9.292392	2.128727
-54.314587	4.166500	7.754739
-54.325905	6.722870	3.487847
-54.337223	6.096644	1.614087
-54.348541	-2.097796	-0.431321
-54.359859	5.054075	4.757706
-54.371177	-0.865023	4.977736
-54.382495	5.226364	-8.795117
-54.393813	2.056075	9.443736
-54.405131	-4.000008	-5.510513
-54.416448	7.535317	1.547614
-54.427766	4.529620	9.277600
-54.439084	1.601069	0.942060
-54.450402	6.216010	8.878983
-54.461720	9.026518	7.315032
-54.473038	5.744236	9.675843
-54.484356	12.289568	5.749101
-54.495674	-1.265025	0.199920
-54.506992	8.031466	1.668416
-54.518309	-0.693067	-1.352000
-54.529627	10.023403	3.907545
-54.540945	-2.042959	-2.111465
-54.552263	-1.929462	0.424788
-54.563581	13.236838	14.288414
-54.574899	9.887708	1.940276
-54.586217	10.053196	-1.213230
-54.597535	1.365184	2.941045
-54.608853	-9.621186	-1.027241
-54.620171	-2.160509	13.407875
-54.631488	-2.778232	-2.313140
-54.642806	1.594901	3.659336
-54.654124	4.126581	-7.291804
-54.665442	9.520897	-3.137729
-54.676760	5.783920	-0.917896
-54.688078	0.210082	-1.308781
-54.699396	0.713736	-1.274210
-54.710714	14.966016	-3.394031
-54.722032	-0.948349	6.474568
-54.733350	6.154314	1.278166
-54.744667	7.099046	1.751671
-54.755985	7.160732	-0.461710
-54.767303	-6.233195	6.558661
-54.778621	3.788176	-1.797031
-54.789939	3.908215	-3.478323
-54.801257	0.537537	-4.383684
-54.812575	-0.616908	5.418014
-54.823893	1.521797	10.426167
-54.835211	2.251654	0.564342
-54.846528	-0.334953	15.405091
-54.857846	9.759615	3.491696
-54.869164	1.055375	2.499436
-54.880482	6.572666	-1.936258
-54.891800	2.257754	-6.377606
-54.903118	-5.566382	-1.383598
-54.914436	-0.889619	-2.725271
-54.925754	1.339313	-0.067797
-54.937072	-3.046588	6.703635
-54.948390	-1.767556	-0.963190
-54.959707	-4.932394	7.433701
-54.971025	9.022150	7.098449
-54.982343	2.132106	3.728184
-54.993661	-3.971439	13.072467
-55.004979	15.733362	1.465604
-55.016297	-6.905111	4.764035
-55.027615	0.445064	4.320939
-55.038933	-5.012316	4.255263
-55.050251	2.955776	0.794342
-55.061569	-1.785945	-2.851771
-55.072886	2.691199	7.015808
-55.084204	3.916153	-5.655461
-55.095522	1.652844	-4.671002
-55.106840	10.421010	-0.538262
-55.118158	5.637094	7.145054
-55.129476	11.991001	4.928471
-55.140794	-1.515550	0.727282
-55.152112	-3.959294	-3.370851
-55.163430	0.978392	3.897161
-55.174748	-0.695289	-2.066955
-55.186065	6.515133	2.107574
-55.197383	-0.510683	6.319404
-55.208701	-2.162546	4.559725
-55.220019	1.691375	1.001135
-55.231337	10.472037	-3.813571
-55.242655	7.759435	-2.513391
-55.253973	-5.140324	4.326772
-55.265291	7.742533	-5.727988
-55.276609	11.389432	-6.830198
-55.287926	-0.423528	6.039260
-55.299244	5.028113	-0.841354
-55.310562	-0.387317	-3.500599
-55.321880	1.561974	-2.207782
-55.333198	3.309552	1.949031
-55.344516	7.201317	-0.464017
-55.355834	3.264178	4.020968
-55.367152	0.919083	5.185449
-55.378470	2.465866	-2.807583
-55.389788	5.082034	2.320853
-55.401105	5.259513	3.922400
-55.412423	-1.654628	5.418866
-55.423741	2.111403	9.224992
-55.435059	12.456580	-3.017063
-55.446377	6.989711	-4.130781
-55.457695	10.942082	5.773578
-55.469013	9.059246	14.598677
-55.480331	2.509891	-3.625997
-55.491649	1.925084	-2.561713
-55.502967	0.390803	6.737889
-55.514284	-4.659801	-2.767502
-55.525602	0.947756	5.653249
-55.536920	-4.895019	-4.346180
-55.548238	3.985449	-0.919037
-55.559556	1.774663	-3.741327
-55.570874	1.242761	-0.401968
-55.582192	-3.608954	9.764351
-55.593510	2.431992	-4.908778
-55.604828	14.790664	5.153544
-55.616145	-4.047182	1.748974
-55.627463	4.715669	0.453025
-55.638781	2.749071	-1.159710
-55.650099	1.154937	-2.738701
-55.661417	6.090425	3.938278
-55.672735	-7.699709	-3.993507
-55.684053	7.446448	-2.183082
-55.695371	1.512295	0.116019
-55.706689	-4.150457	-1.295042
-55.718007	2.394276	5.770824
-55.729324	-1.715660	4.840914
-55.740642	8.020020	0.581763
-55.751960	-2.352561	4.835754
-55.763278	6.087039	11.823217
-55.774596	15.021491	-2.220278
-55.785914	1.979150	-1.894177
-55.797232	3.956915	5.858504
-55.808550	7.375601	8.860189
-55.819868	-1.384810	4.726985
-55.831186	1.866923	2.145834
-55.842503	0.808392	6.600828
-55.853821	5.471693	0.133486
-55.865139	3.202431	-0.116661
-55.876457	-2.740677	-0.218173
-55.887775	-0.753758	-4.455584
-55.899093	12.139871	3.417537
-55.910411	1.093863	-2.862016
-55.921729	-5.703290	1.841455
-55.933047	-0.759793	1.705432
-55.944364	4.247119	-0.561575
-55.955682	-6.429997	2.843445
-55.967000	8.234436	-2.731855
-55.978318	6.867507	2.234802
-55.989636	-1.348758	-4.400688
-56.000954	-9.016097	9.899508
-56.012272	-2.861845	6.161883
-56.023590	-7.493992	-8.113511
-56.034908	6.944889	7.064002
-56.046226	0.031389	2.754554
-56.057543	-3.228522	4.678114
-56.068861	9.664742	2.518368
-56.080179	4.854944	-0.412728
-56.091497	-0.816397	3.229287
-56.102815	-1.345495	-1.702422
-56.114133	0.941489	0.847228
-56.125451	10.030940	0.134912
-56.136769	7.694818	5.514175
-56.148087	2.110740	4.145120
-56.159405	-0.723333	-1.849147
-56.170722	-2.839986	-5.682817
-56.182040	-4.833317	-2.937501
-56.193358	-1.873295	-3.146939
-56.204676	7.798383	9.591892
-56.215994	8.317383	6.665008
-56.227312	-0.711621	4.099352
-56.238630	-4.804757	3.137035
-56.249948	0.535407	0.331576
-56.261266	6.342728	9.740362
-56.272584	-4.750930	4.614263
-56.283901	0.625650	1.446619
-56.295219	-2.870358	3.605016
-56.306537	2.233760	-12.907891
-56.317855	7.313744	12.332877
-56.329173	-1.395055	-0.161922
-56.340491	7.676577	-1.767604
-56.351809	-5.072593	-2.610813
-56.363127	-1.586042	-0.942442
-56.374445	14.333437	2.125499
-56.385762	3.301753	3.671852
-56.397080	-0.177562	-0.719707
-56.408398	-0.774174	1.806383
-56.419716	0.482455	4.472642
-56.431034	4.681393	9.703314
-56.442352	15.626822	11.969128
-56.453670	-1.311498	-2.272167
-56.464988	-1.037556	2.747984
-56.476306	6.215094	-0.420744
-56.487624	2.163957	-5.829662
-56.498941	6.934689	4.234314
-56.510259	6.545535	10.517616
-56.521577	-0.170987	1.011916
-56.532895	7.215127	-3.938403
-56.544213	-3.049320	-3.227684
-56.555531	-4.222537	-0.940689
-56.566849	-1.481687	2.045157
-56.578167	5.146627	0.115785
-56.589485	1.268600	0.360879
-56.600803	11.733751	1.838580
-56.612120	5.305596	-1.408788
-56.623438	2.918009	5.162861
-56.634756	-3.431539	-5.935616
-56.646074	14.369300	-5.970625
-56.657392	3.798377	7.984230
-56.668710	11.350826	2.156914
-56.680028	-0.949621	-1.043282
-56.691346	-0.281455	-0.513246
-56.702664	5.287575	2.511453
-56.713981	1.370072	-8.662407
-56.725299	-0.936511	-6.419853
-56.736617	7.341665	2.908169
-56.747935	-2.136798	3.911662
-56.759253	9.793386	-0.796434
-56.770571	2.054590	2.697355
-56.781889	5.683568	-6.878941
-56.793207	3.437398	4.204099
-56.804525	5.731517	-4.106252
-56.815843	2.477467	8.212609
-56.827160	-1.192401	-2.331407
-56.838478	2.793971	3.913946
-56.849796	1.266912	-1.033756
-56.861114	-1.132849	-7.948589
-56.872432	5.021299	-0.907519
-56.883750	6.906592	9.924360
-56.895068	6.517505	-3.012065
-56.906386	8.645408	0.363583
-56.917704	-9.868428	0.357041
-56.929022	9.539042	8.917603
-56.940339	4.822795	0.746577
-56.951657	-1.230540	4.256243
-56.962975	2.732272	8.215079
-56.974293	1.910319	0.570877
-56.985611	5.485644	8.266171
-56.996929	12.291464	-1.474751
-57.008247	2.502763	-2.761961
-57.019565	-2.847051	4.700333
-57.030883	2.606268	0.611001
-57.042200	-5.685400	1.340077
-57.053518	1.229399	2.832085
-57.064836	8.302852	-1.223143
-57.076154	2.164665	-5.181087
-57.087472	-1.677478	-0.781403
-57.098790	1.100740	-5.420456
-57.110108	-3.901225	3.787397
-57.121426	6.585294	3.463563
-57.132744	1.215960	3.169586
-57.144062	-2.642444	1.841513
-57.155379	-1.312719	-2.414147
-57.166697	11.755579	-1.928821
-57.178015	4.259758	3.623987
-57.189333	3.969567	9.201581
-57.200651	-3.571035	4.753575
-57.211969	2.656725	1.019672
-57.223287	-0.150287	3.028561
-57.234605	9.012956	-2.885390
-57.245923	6.875891	4.083670
-57.257241	-2.434923	2.721189
-57.268558	4.519536	4.178647
-57.279876	2.042007	8.565490
-57.291194	13.849725	1.729897
-57.302512	10.543445	8.506550
-57.313830	7.283598	4.273172
-57.325148	-1.000037	-5.017128
-57.336466	5.590322	-1.463958
-57.347784	8.938978	-5.655200
-57.359102	-1.122045	2.460033
-57.370420	11.124794	3.025346
-57.381737	5.125561	-1.765550
-57.393055	0.023437	0.653966
-57.404373	0.565484	1.756840
-57.415691	-7.677025	8.989544
-57.427009	-4.511837	-0.051438
-57.438327	9.702981	12.205529
-57.449645	-8.819563	-2.628917
-57.460963	5.226090	-3.841253
-57.472281	1.882801	-2.413783
-57.483598	-2.215669	1.460291
-57.494916	2.812999	1.783825
-57.506234	1.217852	11.516029
-57.517552	3.080737	3.042702
-57.528870	3.242289	2.952335
-57.540188	3.169660	-6.797180
-57.551506	-1.825506	2.416150
-57.562824	-2.595573	7.960215
-57.574142	7.329704	-1.603334
-57.585460	-4.089803	0.958662
-57.596777	4.207795	-4.724576
-57.608095	-1.382823	5.374250
-57.619413	-3.612419	0.780864
-57.630731	4.429521	0.973333
-57.642049	1.231520	17.031185
-57.653367	10.633518	6.425256
-57.664685	1.122108	0.695881
-57.676003	7.205845	7.253512
-57.687321	2.025811	4.099996
-57.698639	3.794542	7.204498
-57.709956	-3.035961	-2.468385
-57.721274	-1.513770	-2.217599
-57.732592	-1.649570	10.966959
-57.743910	4.228882	-0.795151
-57.755228	-0.905227	12.874785
-57.766546	3.242116	1.174083
-57.777864	-7.052328	-1.146177
-57.789182	-5.028002	-2.793519
-57.800500	1.531016	-3.269951
-57.811817	4.559079	11.951385
-57.823135	1.134537	2.326462
-57.834453	-4.249239	2.037793
-57.845771	5.251168	0.188581
-57.857089	8.113408	7.855474
-57.868407	1.402897	6.395274
-57.879725	7.859468	-2.472210
-57.891043	4.026295	8.990389
-57.902361	0.452173	-1.678922
-57.913679	7.146533	-2.384626
-57.924996	3.569701	1.498054
-57.936314	-2.454943	1.036933
-57.947632	-5.950527	-1.761292
-57.958950	-10.409576	0.780624
-57.970268	8.157409	-8.971361
-57.981586	1.918259	-0.856552
-57.992904	8.216379	-6.315197
-58.004222	-4.599128	4.456371
-58.015540	3.548516	1.643397
-58.026858	4.830874	6.436822
-58.038175	11.226030	1.221429
-58.049493	-2.216210	-2.301239
-58.060811	2.865350	11.104481
-58.072129	2.591374	-1.942480
-58.083447	7.063135	5.186477
-58.094765	-2.947793	-5.506466
-58.106083	-3.581280	-3.513935
-58.117401	8.151124	-2.579838
-58.128719	4.407895	-3.094248
-58.140036	8.062031	5.915957
-58.151354	-1.895782	0.746240
-58.162672	1.678666	-1.272688
-58.173990	0.292585	8.031311
-58.185308	-2.493701	1.669571
-58.196626	8.129566	12.357186
-58.207944	0.883128	-1.779474
-58.219262	5.466797	17.393511
-58.230580	-1.746705	6.315969
-58.241898	5.247400	2.927998
-58.253215	7.821660	-4.542632
-58.264533	1.656941	-3.578376
-58.275851	-2.537541	-4.528594
-58.287169	-0.570333	-2.867892
-58.298487	-3.609571	6.890030
-58.309805	11.568499	2.608682
-58.321123	-3.760087	-2.997462
-58.332441	6.989534	5.822706
-58.343759	8.598087	7.767762
-58.355077	-8.415526	5.801107
-58.366394	-4.849092	8.679593
-58.377712	8.440716	4.704435
-58.389030	3.750140	8.876623
-58.400348	-7.307484	1.940114
-58.411666	-0.576975	-6.701733
-58.422984	2.848219	-0.539892
-58.434302	4.022409	-2.860467
-58.445620	-1.720963	4.057384
-58.456938	-10.560889	-1.824470
-58.468256	0.183788	-3.604849
-58.479573	7.261751	-1.083658
-58.490891	5.253567	0.332630
-58.502209	2.378573	9.594776
-58.513527	0.747199	-1.377490
-58.524845	-2.109691	-6.820304
-58.536163	9.733628	10.725630
-58.547481	2.933742	1.654706
-58.558799	-3.822623	-0.254568
-58.570117	-1.489328	0.159331
-58.581434	-0.750296	-1.531221
-58.592752	11.875781	5.632093
-58.604070	-5.312019	9.797714
-58.615388	9.831020	-3.668956
-58.626706	-1.658273	3.888786
-58.638024	-0.863120	1.571705
-58.649342	6.660165	3.242956
-58.660660	1.169983	5.168641
-58.671978	6.772150	-8.628356
-58.683296	3.942088	7.395611
-58.694613	2.477612	8.168215
-58.705931	0.053610	12.506558
-58.717249	5.452563	2.386848
-58.728567	3.565357	-0.662252
-58.739885	-2.431009	11.926319
-58.751203	5.577939	-5.921607
-58.762521	-4.476699	3.956623
-58.773839	1.984585	-2.906044
-58.785157	-1.156341	-2.252953
-58.796475	-2.297674	5.517643
-58.807792	4.163818	-2.464272
-58.819110	-0.822881	5.561738
-58.830428	5.363139	0.938604
-58.841746	0.627146	2.205958
-58.853064	1.372730	8.785074
-58.864382	-11.726122	4.876502
-58.875700	3.112738	3.453419
-58.887018	-5.142791	2.497146
-58.898336	1.651565	1.022419
-58.909653	-18.923479	0.930562
-58.920971	1.323820	-10.241809
-58.932289	6.137709	-7.443198
-58.943607	-2.964267	1.021936
-58.954925	12.577077	-3.304547
-58.966243	3.179308	9.498310
-58.977561	3.351216	-4.948969
-58.988879	5.110943	3.747919
-59.000197	8.147776	-0.679322
-59.011515	8.397342	-2.700626
-59.022832	-4.858933	8.274588
-59.034150	8.046106	-9.005536
-59.045468	3.754969	-7.883630
-59.056786	7.178041	-2.419782
-59.068104	14.479443	2.795938
-59.079422	11.866300	2.307238
-59.090740	7.769626	6.955952
-59.102058	-0.172583	4.940624
-59.113376	1.922020	-6.255544
-59.124694	2.835992	0.300012
-59.136011	12.253905	5.433550
-59.147329	3.758126	1.471598
-59.158647	-2.293921	7.259680
-59.169965	4.738558	-4.572711
-59.181283	8.773152	1.880183
-59.192601	0.254137	-1.516645
-59.203919	6.035017	3.367202
-59.215237	6.324261	9.683004
-59.226555	-0.747998	5.954767
-59.237872	8.476797	2.955972
-59.249190	-1.107740	2.882946
-59.260508	0.792416	-6.992778
-59.271826	1.181362	11.399570
-59.283144	3.660166	4.630832
-59.294462	2.712631	9.797842
-59.305780	-9.578830	-2.602009
-59.317098	-2.547036	2.697493
-59.328416	8.517581	6.508366
-59.339734	1.567088	5.031317
-59.351051	6.307861	-4.106268
-59.362369	-1.553594	-1.360408
-59.373687	5.397216	4.999903
-59.385005	12.489252	2.267937
-59.396323	1.795498	1.020388
-59.407641	0.516486	-2.124527
-59.418959	-1.144876	-1.144461
-59.430277	-2.753711	-3.750379
-59.441595	10.707275	-1.821866
-59.452913	-3.688795	-1.499561
-59.464230	3.069391	4.954221
-59.475548	1.778424	8.186934
-59.486866	8.535110	9.142466
-59.498184	-0.320737	5.882393
-59.509502	4.405426	9.422188
-59.520820	4.885218	5.040067
-59.532138	-0.516728	19.189648
-59.543456	4.516743	2.051344
-59.554774	4.357916	3.173329
-59.566092	1.959843	8.313883
-59.577409	-2.507836	10.586928
-59.588727	-2.537130	2.570913
-59.600045	5.619458	0.485957
-59.611363	-3.255506	5.161459
-59.622681	-3.465164	8.027964
-59.633999	6.388473	-3.648353
-59.645317	-2.499047	5.430152
-59.656635	11.695621	1.706447
-59.667953	2.427912	-8.050785
-59.679270	-0.092241	-6.106525
-59.690588	8.929558	2.961995
-59.701906	-1.729906	3.438441
-59.713224	-5.031985	-4.583314
-59.724542	3.201324	7.831300
-59.735860	-1.027153	4.150393
-59.747178	3.823184	-0.277797
-59.758496	-4.029214	2.569347
-59.769814	1.350250	-8.653348
-59.781132	4.315701	9.031258
-59.792449	5.217684	-1.633369
-59.803767	4.571566	9.621669
-59.815085	3.621939	-0.296828
-59.826403	2.925870	-1.431389
-59.837721	2.329410	1.288839
-59.849039	7.923024	-1.523542
-59.860357	0.178964	11.122536
-59.871675	1.830642	4.296522
-59.882993	4.240108	4.627283
-59.894311	6.073687	6.636487
-59.905628	3.289907	-2.400806
-59.916946	8.083716	1.989380
-59.928264	4.086084	9.164990
-59.939582	1.082203	6.001939
-59.950900	14.981779	3.835038
-59.962218	-0.671261	1.034924
-59.973536	11.305263	-2.059116
-59.984854	3.688661	7.279774
-59.996172	13.689738	1.943507
-60.007489	1.481789	1.292161
-60.018807	5.723743	-1.937330
-60.030125	5.994279	1.754594
-60.041443	1.250242	16.254980
-60.052761	4.530392	6.146870
-60.064079	1.786945	1.309612
-60.075397	3.146874	-2.459358
-60.086715	-0.241657	-2.590064
-60.098033	5.547687	-4.611767
-60.109351	10.819288	-8.359903
-60.120668	5.031675	6.528962
-60.131986	6.535273	-10.792696
-60.143304	8.706410	5.680161
-60.154622	0.968571	1.134824
-60.165940	5.339855	0.748226
-60.177258	-1.832751	5.738579
-60.188576	-0.274382	-0.795623
-60.199894	8.873652	-4.383689
-60.211212	8.603636	3.705990
-60.222530	18.173674	11.552192
-60.233847	1.790711	-0.929378
-60.245165	5.950356	1.707726
-60.256483	5.163397	-2.409083
-60.267801	-3.742706	-14.709315
-60.279119	11.508715	7.694571
-60.290437	6.050651	-2.398834
-60.301755	-0.931693	-10.152792
-60.313073	5.669137	8.266754
-60.324391	2.777715	-3.709726
-60.335708	-3.256855	1.246890
-60.347026	0.700103	-0.021653
-60.358344	-1.599915	4.550932
-60.369662	4.071795	-2.194577
-60.380980	1.768810	-8.561169
-60.392298	-2.117710	-2.480693
-60.403616	2.097817	-1.705517
-60.414934	9.038692	2.408660
-60.426252	6.803193	6.222266
-60.437570	1.317340	7.658694
-60.448887	7.397117	0.554722
-60.460205	-0.176718	7.223769
-60.471523	4.368342	3.937433
-60.482841	-2.647793	-2.836811
-60.494159	-2.533262	2.957280
-60.505477	13.216453	7.638255
-60.516795	-0.021021	-1.585229
-60.528113	2.933137	-1.795048
-60.539431	4.427120	4.886001
-60.550749	6.368322	-2.940546
-60.562066	1.332813	-3.436974
-60.573384	7.797679	7.089399
-60.584702	1.995615	7.867290
-60.596020	2.235447	2.954084
-60.607338	1.520216	15.556562
-60.618656	7.652494	-1.712805
-60.629974	5.052485	-6.699086
-60.641292	-1.663813	-3.979779
-60.652610	16.564541	0.270510
-60.663928	-3.689697	0.830044
-60.675245	14.456377	10.202605
-60.686563	6.700926	-9.566461
-60.697881	3.282674	3.566424
-60.709199	-5.464146	4.532967
-60.720517	4.359707	1.649272
-60.731835	7.437799	-2.492535
-60.743153	2.905745	5.526543
-60.754471	7.816686	0.152029
-60.765789	1.607175	1.432089
-60.777106	-8.232092	-0.521777
-60.788424	2.600445	7.678966
-60.799742	1.783392	5.527853
-60.811060	2.065381	8.588203
-60.822378	1.828782	7.399909
-60.833696	7.892584	7.646016
-60.845014	3.514579	3.745875
-60.856332	8.786084	-1.952772
-60.867650	-4.166826	0.681070
-60.878968	10.460957	-6.951919
-60.890285	-11.303576	-0.081754
-60.901603	7.293327	2.591314
-60.912921	2.644768	8.715740
-60.924239	3.226448	-4.296045
-60.935557	0.289062	-1.521662
-60.946875	-9.180371	-3.135731
-60.958193	11.914170	4.598421
-60.969511	3.165871	-4.156731
-60.980829	5.258504	-3.552248
-60.992147	12.124239	-3.345597
-61.003464	8.403048	-5.523337
-61.014782	6.622025	4.102489
-61.026100	0.801578	1.170473
-61.037418	-0.688924	-1.357831
-61.048736	10.741729	1.356923
-61.060054	0.268722	-5.620046
-61.071372	3.026508	11.757854
-61.082690	0.448276	4.531273
-61.094008	3.347772	-3.794769
-61.105325	2.981197	3.136139
-61.116643	1.845200	-5.044429
-61.127961	14.089205	7.002302
-61.139279	-2.965019	5.122053
-61.150597	3.505798	0.685974
-61.161915	0.108338	3.745260
-61.173233	0.659513	2.290249
-61.184551	14.232870	-7.403439
-61.195869	5.270515	-3.657658
-61.207187	0.652109	-3.099518
-61.218504	-2.385084	4.366361
-61.229822	-4.594386	-1.139789
-61.241140	0.906548	-3.342182
-61.252458	-5.037018	7.621472
-61.263776	8.593322	4.663617
-61.275094	0.671785	15.772832
-61.286412	-0.058266	2.974330
-61.297730	7.691888	7.876649
-61.309048	0.816025	2.056960
-61.320366	-0.779893	3.377861
-61.331683	-1.041841	9.887484
-61.343001	2.877939	6.928172
-61.354319	7.464630	2.821147
-61.365637	1.027953	1.994692
-61.376955	5.254699	8.171822
-61.388273	-0.916590	0.482498
-61.399591	2.327954	-6.849512
-61.410909	5.486914	-3.417823
-61.422227	0.847062	6.687071
-61.433545	-9.265630	-5.882507
-61.444862	1.625546	15.997043
-61.456180	9.664683	-6.458000
-61.467498	-1.504912	1.783615
-61.478816	9.453790	-0.821514
-61.490134	12.441363	-0.794089
-61.501452	-0.713744	3.046302
-61.512770	6.932695	3.275320
-61.524088	11.150466	3.118207
-61.535406	-2.135574	-2.400751
-61.546723	5.957060	7.145682
-61.558041	10.795646	-3.634378
-61.569359	-4.349720	-14.175965
-61.580677	4.903694	9.045892
-61.591995	-7.620872	5.160390
-61.603313	8.548035	0.799539
-61.614631	10.189534	2.886957
-61.625949	-4.247050	-1.316905
-61.637267	7.148683	6.895785
-61.648585	8.905515	5.211000
-61.659902	4.218147	4.295062
-61.671220	5.598840	5.879959
-61.682538	12.223368	6.429030
-61.693856	12.970294	-4.843002
-61.705174	-3.463661	3.652385
-61.716492	-4.065660	6.763700
-61.727810	-6.438518	3.367212
-61.739128	-6.404068	7.497198
-61.750446	5.088346	9.925573
-61.761764	-8.730802	-1.670498
-61.773081	-0.483413	-7.793781
-61.784399	-5.519913	-11.927931
-61.795717	-3.173811	-7.294920
-61.807035	12.599928	-1.092674
-61.818353	-3.141072	-1.360801
-61.829671	10.950958	-1.852971
-61.840989	2.262963	-2.324105
-61.852307	-3.612805	-7.499660
-61.863625	6.712545	-5.623550
-61.874942	1.641191	-3.511549
-61.886260	-5.409500	-2.736886
-61.897578	-4.107406	-2.194853
-61.908896	-1.605448	-11.602928
-61.920214	14.475623	-0.925665
-61.931532	13.371135	-5.568520
-61.942850	12.420027	-17.802780
-61.954168	7.338845	-13.727875
-61.965486	8.456177	-10.825063
-61.976804	13.203618	0.894788
-61.988121	7.967794	-4.778716
-61.999439	5.041785	2.203304
-62.010757	6.650527	0.730054
-62.022075	-1.562542	-3.098573
-62.033393	15.435482	-6.284017
-62.044711	6.618397	1.257851
-62.056029	13.677034	-5.095015
-62.067347	7.706145	4.994101
-62.078665	8.193673	5.076834
-62.089983	12.134605	0.516603
-62.101300	3.752038	0.880100
-62.112618	1.635608	3.854960
-62.123936	7.903985	8.982814
-62.135254	8.514983	5.597754
-62.146572	4.535068	0.543835
-62.157890	1.231572	-1.955589
-62.169208	9.833282	-5.128016
-62.180526	0.067709	-0.217033
-62.191844	-2.626556	-2.841507
-62.203161	4.032035	5.345626
-62.214479	-8.222151	10.046316
-62.225797	3.341866	13.999756
-62.237115	2.592068	9.470425
-62.248433	-4.909857	-2.837330
-62.259751	3.674046	7.459569
-62.271069	5.284490	-7.284883
-62.282387	4.692131	5.702143
-62.293705	13.996922	1.015318
-62.305023	2.343043	0.976852
-62.316340	0.364826	2.125894
-62.327658	-0.622533	3.725104
-62.338976	1.452124	8.341319
-62.350294	5.692387	2.732905
-62.361612	11.427764	-0.983629
-62.372930	7.402470	-0.509541
-62.384248	6.302275	-0.152541
-62.395566	-2.474878	-1.479028
-62.406884	-1.279052	2.360807
-62.418202	9.826346	0.196212
-62.429519	0.070200	1.363382
-62.440837	4.141539	-1.189461
-62.452155	10.729435	5.793725
-62.463473	-3.444867	1.277776
-62.474791	5.946617	7.362327
-62.486109	18.050192	-0.258192
-62.497427	6.821956	3.395804
-62.508745	2.172313	-3.530175
-62.520063	4.558741	4.329073
-62.531381	0.374477	2.719417
-62.542698	6.268590	-2.916663
-62.554016	3.573492	-2.445243
-62.565334	7.908305	-2.756468
-62.576652	1.744796	6.086607
-62.587970	-4.460878	-2.994312
-62.599288	7.569958	3.959026
-62.610606	9.922853	4.835856
-62.621924	13.589447	6.261544
-62.633242	4.451390	13.236784
-62.644559	0.238303	0.395633
-62.655877	2.060153	4.468369
-62.667195	-1.452982	-0.262857
-62.678513	11.204495	4.518883
-62.689831	-10.248251	9.496855
-62.701149	9.230740	-0.807687
-62.712467	0.387502	13.437134
-62.723785	0.025599	-4.658326
-62.735103	2.294239	1.566653
-62.746421	1.150737	1.073969
-62.757738	-3.385380	5.508974
-62.769056	1.540984	3.383148
-62.780374	9.404372	-2.035876
-62.791692	9.185239	7.929044
-62.803010	5.735689	-0.391083
-62.814328	4.145076	7.738721
-62.825646	-16.582743	2.035253
-62.836964	-3.773723	-7.091190
-62.848282	2.103355	4.725608
-62.859600	2.227168	2.521615
-62.870917	17.692801	8.046378
-62.882235	2.024833	3.655265
-62.893553	2.305930	0.129100
-62.904871	6.367123	13.421193
-62.916189	-1.529231	0.674104
-62.927507	-1.825662	2.624240
-62.938825	-5.208283	-4.559405
-62.950143	7.859708	3.588172
-62.961461	11.971630	-2.981360
-62.972778	2.712207	-7.007484
-62.984096	2.835457	-3.084005
-62.995414	3.780427	-0.370885
-63.006732	0.420798	-7.576150
-63.018050	-0.813207	-3.959229
-63.029368	6.275623	7.381720
-63.040686	5.620212	-1.550978
-63.052004	9.048343	0.792275
-63.063322	8.280436	-7.845173
-63.074640	0.529784	-8.798594
-63.085957	4.316139	2.287435
-63.097275	-3.197439	-11.513146
-63.108593	11.635250	2.329780
-63.119911	12.368919	-4.672555
-63.131229	-6.149634	8.506579
-63.142547	14.752242	2.444179
-63.153865	-0.561200	0.082685
-63.165183	6.089279	4.503279
-63.176501	5.984529	-2.172644
-63.187819	6.501739	11.035954
-63.199136	-6.992593	-3.520481
-63.210454	1.923674	-0.533197
-63.221772	-3.322026	6.365752
-63.233090	7.544477	-0.940299
-63.244408	4.083952	7.088574
-63.255726	6.702877	-4.936678
-63.267044	3.060164	2.842090
-63.278362	0.534010	3.485160
-63.289680	-3.073886	0.142845
-63.300997	-2.395180	6.060952
-63.312315	19.114029	1.616630
-63.323633	6.833532	-4.219622
-63.334951	3.197203	0.677192
-63.346269	1.059692	-10.604162
-63.357587	10.603346	0.509792
-63.368905	2.626273	13.199553
-63.380223	0.676836	-2.246969
-63.391541	3.026716	-2.141082
-63.402859	7.756257	6.406847
-63.414176	5.367908	7.739695
-63.425494	1.739544	-0.760026
-63.436812	3.560834	-13.756136
-63.448130	-1.448203	-0.395674
-63.459448	1.735294	-1.308043
-63.470766	7.281606	2.045117
-63.482084	8.582969	5.591857
-63.493402	2.893239	1.675558
-63.504720	3.486055	0.881685
-63.516038	1.555353	-10.722626
-63.527355	12.416180	-2.019261
-63.538673	2.913171	1.806416
-63.549991	6.027449	6.726641
-63.561309	5.516296	-3.048590
-63.572627	-0.441979	-6.791327
-63.583945	2.887876	0.578191
-63.595263	-1.706376	5.580321
-63.606581	6.669843	1.810712
-63.617899	4.995161	3.129997
-63.629217	2.082617	-8.674278
-63.640534	0.210776	-3.824042
-63.651852	3.187143	5.578564
-63.663170	13.346216	4.454871
-63.674488	2.316434	4.675760
-63.685806	5.123234	5.466200
-63.697124	-0.138737	-0.259691
-63.708442	14.568630	4.048265
-63.719760	1.085873	0.018030
-63.731078	-0.528120	5.394858
-63.742395	0.060585	6.089626
-63.753713	-5.339984	2.052710
-63.765031	7.194883	-5.151334
-63.776349	1.079063	9.522247
-63.787667	1.448760	13.366429
-63.798985	0.061812	1.250551
-63.810303	12.721264	-10.087687
-63.821621	-5.849812	4.141562
-63.832939	-2.114189	9.822348
-63.844257	0.522711	6.814083
-63.855574	7.261837	-4.350601
-63.866892	-0.325905	5.793417
-63.878210	1.648230	5.997623
-63.889528	9.224815	5.414057
-63.900846	-0.684185	1.324001
-63.912164	1.562108	-5.801120
-63.923482	9.765012	-3.874547
-63.934800	4.042271	0.794849
-63.946118	9.970428	8.198966
-63.957436	4.863112	-0.362337
-63.968753	5.890816	-0.542659
-63.980071	1.082401	-2.455688
-63.991389	4.888423	0.249842
-64.002707	15.590587	-3.790231
-64.014025	-2.316658	-3.265007
-64.025343	-0.597892	-0.743467
-64.036661	2.811745	5.892014
-64.047979	6.018399	-0.635221
-64.059297	4.044596	5.171510
-64.070614	4.269384	1.615417
-64.081932	2.866786	-6.128535
-64.093250	-1.056019	5.560042
-64.104568	15.400564	5.360067
-64.115886	1.128795	5.593336
-64.127204	-5.723572	3.611669
-64.138522	5.448368	-2.210579
-64.149840	-1.500176	3.744438
-64.161158	7.798903	-3.783899
-64.172476	-2.646682	5.593684
-64.183793	1.144125	-0.242192
-64.195111	4.955568	-2.711730
-64.206429	-8.038254	-3.564522
-64.217747	-8.180116	-2.387902
-64.229065	5.588968	6.553056
-64.240383	-4.962354	4.496282
-64.251701	2.769237	-0.278112
-64.263019	6.831038	7.701038
-64.274337	2.598045	1.809992
-64.285655	5.792204	5.333803
-64.296972	-3.304808	-0.711283
-64.308290	-2.323338	-0.859259
-64.319608	2.770871	2.293202
-64.330926	-2.390153	-3.259688
-64.342244	-1.111228	7.595523
-64.353562	2.162076	-0.881583
-64.364880	1.254246	-5.510440
-64.376198	-4.998393	-7.005682
-64.387516	-1.948612	-0.125880
-64.398833	10.155394	-4.102060
-64.410151	-0.221478	12.118826
-64.421469	2.670863	2.839458
-64.432787	-2.844234	-8.705826
-64.444105	4.564694	0.923069
-64.455423	5.362000	11.615872
-64.466741	5.091062	-0.002231
-64.478059	-1.833893	-5.007332
-64.489377	-2.212271	-0.752354
-64.500695	5.042317	-6.689271
-64.512012	1.358669	2.563047
-64.523330	0.061393	2.360634
-64.534648	4.541595	0.529612
-64.545966	6.222944	-1.401905
-64.557284	10.241463	0.009528
-64.568602	6.971716	4.151030
-64.579920	-2.201818	0.990316
-64.591238	4.800345	3.562399
-64.602556	6.379305	4.557765
-64.613874	6.570035	1.529285
-64.625191	8.065812	10.371308
-64.636509	-8.413260	7.743756
-64.647827	0.071547	-3.082790
-64.659145	2.720237	-1.663201
-64.670463	-2.871068	-6.371871
-64.681781	-2.176341	-5.415121
-64.693099	4.779818	5.815775
-64.704417	4.756465	1.783924
-64.715735	6.479744	10.101540
-64.727053	8.082730	-3.093204
-64.738370	-3.132366	7.327223
-64.749688	0.013467	-0.111321
-64.761006	3.973739	7.826236
-64.772324	2.994148	6.151416
-64.783642	2.512243	-12.819491
-64.794960	9.942207	3.774683
-64.806278	1.697496	9.525807
-64.817596	0.381965	-7.773065
-64.828914	6.919540	0.677826
-64.840231	-0.502210	-7.521117
-64.851549	-0.656740	5.379623
-64.862867	0.339515	14.907905
-64.874185	2.006378	4.106963
-64.885503	1.647764	8.463857
-64.896821	8.012156	-2.118669
-64.908139	-2.986527	-0.327165
-64.919457	0.694959	-0.576153
-64.930775	4.582458	11.937458
-64.942093	0.541666	1.180563
-64.953410	7.407088	1.946180
-64.964728	1.687822	2.905935
-64.976046	9.865812	0.393560
-64.987364	3.591131	0.918117
-64.998682	0.273914	-2.027812
-65.010000	6.262183	-2.910901
-65.021318	6.665969	1.391185
-65.032636	5.195970	15.681660
-65.043954	0.334536	-0.592256
-65.055272	2.141080	-0.100138
-65.066589	10.965549	-8.512088
-65.077907	14.994267	1.651262
-65.089225	3.182914	1.772417
-65.100543	16.341206	0.812954
-65.111861	-1.281106	1.051196
-65.123179	0.345955	-8.092202
-65.134497	5.173928	-0.953911
-65.145815	2.164632	8.597218
-65.157133	12.231279	6.199399
-65.168450	5.677726	6.345526
-65.179768	1.630321	-6.621195
-65.191086	-0.019443	4.055129
-65.202404	4.473508	3.341893
-65.213722	8.861743	4.985923
-65.225040	-4.067095	-4.167953
-65.236358	9.511332	0.734720
-65.247676	0.465127	-3.023733
-65.258994	1.552655	-6.881937
-65.270312	-0.289867	6.497022
-65.281629	-2.914716	-4.215835
-65.292947	2.499610	-0.494764
-65.304265	8.742695	-1.290567
-65.315583	0.574946	2.687574
-65.326901	2.440259	1.069153
-65.338219	-1.278786	-2.614033
-65.349537	7.327585	-5.138474
-65.360855	9.283353	-4.213962
-65.372173	12.466312	3.091843
-65.383491	7.652540	-7.701617
-65.394808	11.712560	0.868827
-65.406126	-0.095047	-3.010869
-65.417444	9.517879	-0.008133
-65.428762	-1.955739	-2.180084
-65.440080	6.246772	0.545701
-65.451398	-0.901880	2.126032
-65.462716	13.615051	-1.678961
-65.474034	13.177383	3.905428
-65.485352	1.520439	2.767211
-65.496669	6.073259	-1.622106
-65.507987	4.899348	11.399212
-65.519305	-0.425872	10.232823
-65.530623	3.721416	4.950377
-65.541941	5.436496	3.587772
-65.553259	3.110167	6.847104
-65.564577	7.284906	2.721138
-65.575895	11.670973	-3.909704
-65.587213	2.546414	13.443676
-65.598531	9.414678	7.483613
-65.609848	-0.863333	5.886726
-65.621166	6.138371	3.343584
-65.632484	-2.906050	-17.424372
-65.643802	4.323924	9.473273
-65.655120	-1.136219	8.308551
-65.666438	-1.241562	11.549393
-65.677756	-3.642151	3.367690
-65.689074	4.127507	-2.861807
-65.700392	2.550572	0.321722
-65.711710	2.769896	0.445592
-65.723027	-3.013841	6.203098
-65.734345	5.491698	1.095279
-65.745663	4.939754	-10.147389
-65.756981	9.693218	-1.637609
-65.768299	5.431475	-5.008195
-65.779617	5.111905	3.939189
-65.790935	3.744071	-10.274617
-65.802253	4.389225	-1.144703
-65.813571	0.488808	9.557901
-65.824889	-0.821192	-2.064130
-65.836206	11.671636	9.300631
-65.847524	-4.659494	5.906139
-65.858842	13.277288	-7.632601
-65.870160	7.514321	2.972788
-65.881478	4.199835	5.750097
-65.892796	5.014575	-1.879759
-65.904114	12.606936	2.022826
-65.915432	0.848571	-9.835948
-65.926750	15.206458	2.832135
-65.938067	-0.770109	-4.661551
-65.949385	11.609016	1.952177
-65.960703	6.110287	2.867239
-65.972021	2.531729	-4.420761
-65.983339	7.852709	11.573758
-65.994657	5.749501	-1.470929
-66.005975	0.201654	-2.215084
-66.017293	4.741054	-0.744759
-66.028611	8.847442	-1.376309
-66.039929	3.115927	-5.355284
-66.051246	5.683731	-1.245664
-66.062564	14.758232	9.071872
-66.073882	-1.849465	11.399450
-66.085200	4.746891	4.078580
-66.096518	7.523739	3.253635
-66.107836	-6.409008	-5.160636
-66.119154	3.971091	5.097991
-66.130472	-1.831470	-1.908585
-66.141790	4.144305	-8.751528
-66.153108	6.043090	3.366760
-66.164425	13.479115	-8.842711
-66.175743	-0.153289	5.721277
-66.187061	0.136984	-8.925254
-66.198379	2.387530	-2.403474
-66.209697	4.040085	-2.760593
-66.221015	10.901127	11.418419
-66.232333	11.079370	1.077993
-66.243651	7.411423	0.631383
-66.254969	-2.830031	-2.580570
-66.266286	-1.776361	-6.733226
-66.277604	1.714066	-0.410953
-66.288922	6.597777	14.638353
-66.300240	16.127441	-3.317377
-66.311558	5.668973	-8.458453
-66.322876	9.575029	1.656376
-66.334194	0.261091	-0.898990
-66.345512	9.053429	9.369472
-66.356830	5.068965	9.079123
-66.368148	13.075113	4.235307
-66.379465	10.963855	7.849916
-66.390783	7.675561	-5.902817
-66.402101	-5.219867	3.291414
-66.413419	-4.772566	1.050385
-66.424737	7.878119	-4.694167
-66.436055	4.405054	3.020188
-66.447373	10.986029	3.748540
-66.458691	9.761206	8.515814
-66.470009	-1.788602	3.783483
-66.481327	2.460723	6.296138
-66.492644	-6.462775	7.651245
-66.503962	-0.127493	6.748765
-66.515280	-0.069843	9.060810
-66.526598	-0.672154	9.619228
-66.537916	-2.379941	1.850835
-66.549234	-5.775594	-3.803919
-66.560552	-4.478470	-3.925848
-66.571870	5.430429	13.385454
-66.583188	-3.157871	-2.083074
-66.594505	8.366627	-6.534513
-66.605823	0.170872	2.055056
-66.617141	3.578493	-10.860324
-66.628459	5.175945	2.296751
-66.639777	12.302440	1.583992
-66.651095	-6.914519	2.462502
-66.662413	-7.631302	1.498041
-66.673731	7.587471	2.718802
-66.685049	6.513468	1.833540
-66.696367	9.506222	-1.062592
-66.707684	6.899557	-4.769325
-66.719002	5.347485	-3.598478
-66.730320	-8.626976	-9.765243
-66.741638	7.627101	0.438896
-66.752956	7.055977	4.724834
-66.764274	0.861422	-3.431465
-66.775592	5.181333	1.750642
-66.786910	7.141436	-3.306345
-66.798228	9.238651	-0.527326
-66.809546	-3.210388	0.015808
-66.820863	2.960528	5.496083
-66.832181	-1.517533	4.799998
-66.843499	12.180560	-2.579671
-66.854817	3.332143	-1.369649
-66.866135	8.952048	-1.068204
-66.877453	4.559222	-4.340013
-66.888771	4.685158	-4.996754
-66.900089	5.320024	1.211372
-66.911407	8.726543	4.270430
-66.922725	7.973048	10.853479
-66.934042	0.370516	1.967247
-66.945360	7.043557	2.637533
-66.956678	6.075512	-1.900040
-66.967996	17.459753	2.243635
-66.979314	9.981553	-7.266953
-66.990632	4.529596	3.294330
-67.001950	8.490908	-0.192640
-67.013268	8.569380	-0.157073
-67.024586	7.356200	2.346327
-67.035903	0.317499	0.403705
-67.047221	5.374487	6.146930
-67.058539	-1.076712	-4.609491
-67.069857	3.498567	9.807406
-67.081175	7.298792	3.646645
-67.092493	-0.494800	4.149382
-67.103811	5.415056	15.143678
-67.115129	0.566606	-3.161829
-67.126447	3.438945	-1.842284
-67.137765	16.643631	3.201801
-67.149082	9.065189	6.155962
-67.160400	9.718974	9.979358
-67.171718	-3.506298	5.110099
-67.183036	6.456605	3.177072
-67.194354	0.640802	4.229640
-67.205672	2.058306	-1.364039
-67.216990	-1.458005	-4.962225
-67.228308	-6.551396	-3.721068
-67.239626	13.212646	-2.235189
-67.250944	0.430457	-6.542010
-67.262261	9.418609	4.075432
-67.273579	-0.823140	-2.756603
-67.284897	18.190052	-0.919771
-67.296215	1.635532	-9.006071
-67.307533	2.458582	6.813254
-67.318851	2.842961	1.415562
-67.330169	7.012265	5.898131
-67.341487	2.189778	4.507325
-67.352805	7.824792	4.800591
-67.364122	4.074924	-3.321526
-67.375440	1.828492	3.693820
-67.386758	6.664569	-0.731829
-67.398076	7.976998	-0.087080
-67.409394	9.286042	10.497123
-67.420712	6.681005	-11.116999
-67.432030	-0.635554	0.175039
-67.443348	-0.685212	-0.888910
-67.454666	-3.514200	4.461597
-67.465984	7.670760	-4.581521
-67.477301	12.773302	7.141098
-67.488619	5.252956	2.195561
-67.499937	7.494749	-2.815956
-67.511255	0.741645	-7.685881
-67.522573	3.953829	-2.963677
-67.533891	-2.119079	4.543373
-67.545209	1.917310	2.007494
-67.556527	1.402878	8.424767
-67.567845	5.283872	1.984233
-67.579163	7.822689	-2.340132
-67.590480	8.886711	4.834774
-67.601798	9.415811	-9.255899
-67.613116	0.614735	0.638136
-67.624434	-3.818015	3.410634
-67.635752	3.491785	-5.517615
-67.647070	13.119786	1.566957
-67.658388	6.181720	-7.644432
-67.669706	0.240858	0.862885
-67.681024	7.913195	3.342597
-67.692342	9.954625	15.623217
-67.703659	2.734893	-3.334277
-67.714977	9.260245	-1.832813
-67.726295	9.449410	0.161925
-67.737613	4.655045	4.026875
-67.748931	4.831277	4.177068
-67.760249	3.668075	0.761977
-67.771567	15.275907	2.131713
-67.782885	6.397508	0.796029
-67.794203	0.283892	-5.921585
-67.805520	12.666251	-0.710169
-67.816838	2.286292	-3.211544
-67.828156	8.867126	1.605080
-67.839474	16.603941	7.731100
-67.850792	-1.542962	2.409597
-67.862110	2.316269	10.797183
-67.873428	-0.268160	2.904380
-67.884746	5.013318	1.871211
-67.896064	1.280529	2.196269
-67.907382	-0.145445	10.341555
-67.918699	2.275161	-1.434889
-67.930017	7.284402	5.972028
-67.941335	14.077068	-3.642064
-67.952653	6.765752	-4.416544
-67.963971	8.481883	1.082339
-67.975289	9.156169	-0.800998
-67.986607	9.318411	0.654611
-67.997925	-3.006481	8.087273
-68.009243	5.210847	4.848445
-68.020561	4.334474	-4.932463
-68.031878	5.963240	2.009044
-68.043196	4.689671	2.336092
-68.054514	2.563711	-3.742446
-68.065832	12.903329	-5.283372
-68.077150	2.515838	-7.487999
-68.088468	6.882761	-2.990362
-68.099786	5.497825	-7.910902
-68.111104	5.368118	5.554464
-68.122422	9.162913	4.560610
-68.133739	6.333116	-7.701537
-68.145057	5.020041	-0.593254
-68.156375	-13.920084	-3.217838
-68.167693	8.335057	-2.425512
-68.179011	0.446166	-1.395521
-68.190329	2.531683	-5.917830
-68.201647	2.305695	-2.611654
-68.212965	1.637625	0.018839
-68.224283	-3.255911	-5.996595
-68.235601	12.669966	2.380730
-68.246918	0.923207	0.703801
-68.258236	3.475115	-2.147753
-68.269554	-3.061335	-4.491910
-68.280872	7.465508	-4.415920
-68.292190	12.470639	-2.710669
-68.303508	5.324233	7.176733
-68.314826	4.317798	-9.239556
-68.326144	4.103295	-2.132864
-68.337462	21.041828	-5.859961
-68.348780	5.914141	2.075340
-68.360097	-0.250486	4.122388
-68.371415	16.876450	0.471954
-68.382733	9.412125	-10.559067
-68.394051	7.187497	-13.915078
-68.405369	14.972653	5.718111
-68.416687	2.329259	0.361892
-68.428005	-0.788050	-1.164958
-68.439323	4.435755	1.463424
-68.450641	2.823838	1.783065
-68.461958	8.756009	-6.446375
-68.473276	5.912230	6.096693
-68.484594	7.582456	3.941084
-68.495912	7.975355	4.531912
-68.507230	9.462026	-5.536579
-68.518548	11.518072	-0.309220
-68.529866	-0.695344	-8.838498
-68.541184	12.523839	4.457168
-68.552502	7.076024	9.276065
-68.563820	10.074914	-0.377496
-68.575137	14.760935	12.931104
-68.586455	8.502108	3.852312
-68.597773	7.052829	2.893546
-68.609091	6.755636	8.827910
-68.620409	10.286328	0.188540
-68.631727	11.721707	4.719039
-68.643045	6.911840	-3.550696
-68.654363	5.893459	3.776057
-68.665681	2.083155	-5.821864
-68.676999	9.728367	15.019679
-68.688316	11.788398	4.332639
-68.699634	-2.240367	7.708148
-68.710952	11.419989	1.603843
-68.722270	7.629930	-1.898363
-68.733588	10.501502	10.590283
-68.744906	-2.402162	-1.711074
-68.756224	-1.639830	-1.097933
-68.767542	9.520906	-5.106377
-68.778860	-7.478686	-4.695456
-68.790178	1.364244	2.394190
-68.801495	4.111734	-6.273443
-68.812813	-3.292656	-1.716857
-68.824131	5.611143	-3.142398
-68.835449	12.405872	-1.868221
-68.846767	12.143552	1.848691
-68.858085	5.488187	-2.685257
-68.869403	5.324806	3.586782
-68.880721	5.943010	5.062152
-68.892039	11.520420	-4.991760
-68.903356	5.863970	-17.260141
-68.914674	5.558483	-3.557627
-68.925992	2.153342	-6.851574
-68.937310	12.916960	4.153568
-68.948628	2.566942	-3.969085
-68.959946	8.834312	1.228524
-68.971264	12.695407	-1.407308
-68.982582	-0.379959	-5.225870
-68.993900	8.099127	5.408092
-69.005218	-1.240024	1.886555
-69.016535	4.559370	-7.473116
-69.027853	-2.863949	8.135266
-69.039171	5.775710	-0.971240
-69.050489	9.482171	-9.736405
-69.061807	1.908199	-0.539542
-69.073125	8.640399	2.227651
-69.084443	5.177906	-7.552738
-69.095761	7.744781	-2.718809
-69.107079	5.332723	-2.994028
-69.118397	-0.293593	4.567884
-69.129714	3.967034	-7.530260
-69.141032	5.186712	-3.200670
-69.152350	6.452807	10.991796
-69.163668	-0.368910	14.039222
-69.174986	9.069777	1.513653
-69.186304	11.093499	-7.640383
-69.197622	7.283729	5.025371
-69.208940	3.783038	4.494983
-69.220258	-1.263631	5.181282
-69.231575	-3.780037	10.158235
-69.242893	7.780422	-3.540283
-69.254211	-5.095997	-2.801435
-69.265529	6.650920	-3.173056
-69.276847	0.203676	-2.180215
-69.288165	-2.653379	2.850343
-69.299483	9.032313	-6.639350
-69.310801	-1.113950	5.054509
-69.322119	1.722192	5.335819
-69.333437	11.375494	5.852638
-69.344754	0.583829	5.779985
-69.356072	-0.651480	2.384696
-69.367390	-2.916697	-2.033214
-69.378708	-5.161146	-0.647666
-69.390026	0.829832	-9.039066
-69.401344	5.266313	0.790137
-69.412662	-6.942637	-2.628051
-69.423980	13.458635	-10.709830
-69.435298	7.912574	-5.385315
-69.446616	9.060423	1.039969
-69.457933	9.513713	-6.597204
-69.469251	2.725215	2.094490
-69.480569	7.232420	10.968726
-69.491887	4.461743	-1.454767
-69.503205	8.208212	2.428333
-69.514523	3.992872	1.139659
-69.525841	-3.572885	0.199229
-69.537159	12.078503	-5.304956
-69.548477	-0.474168	2.529675
-69.559794	5.382088	7.051357
-69.571112	-2.846237	-5.442711
-69.582430	-3.703472	-1.045785
-69.593748	9.349376	-4.800919
-69.605066	5.907898	-6.216914
-69.616384	4.515722	0.586854
-69.627702	-6.953662	-3.463245
-69.639020	-1.799226	-5.679683
-69.650338	3.761326	-1.224745
-69.661656	0.859322	-5.122949
-69.672973	10.808831	5.709183
-69.684291	12.428595	3.250657
-69.695609	6.140434	5.607726
-69.706927	4.360970	0.488666
-69.718245	-2.227376	-2.049075
-69.729563	6.947690	0.956407
-69.740881	8.467353	0.840291
-69.752199	3.806145	5.177306
-69.763517	-2.996849	3.898395
-69.774835	9.973147	-9.779729
-69.786152	-3.122580	3.288848
-69.797470	-6.801422	0.099657
-69.808788	7.996537	-8.444658
-69.820106	-5.975700	0.887142
-69.831424	1.000547	8.087271
-69.842742	0.928155	-9.651462
-69.854060	-5.368075	-2.518240
-69.865378	3.558447	-4.808582
-69.876696	5.761163	-2.664713
-69.888014	3.078081	14.670364
-69.899331	10.215128	1.441853
-69.910649	0.867072	-2.362196
-69.921967	7.795693	5.405321
-69.933285	2.210239	5.663821
-69.944603	-1.651048	9.006909
-69.955921	1.115709	8.362399
-69.967239	5.659783	-0.840135
-69.978557	12.677968	-1.341638
-69.989875	5.406168	6.930408
-70.001192	16.981430	-0.366026
-70.012510	7.334242	12.906319
-70.023828	8.446376	10.580413
-70.035146	8.948407	4.206124
-70.046464	0.046678	-5.438585
-70.057782	4.530510	-4.324765
-70.069100	11.025458	6.164644
-70.080418	7.271083	5.301485
-70.091736	-5.193753	2.777272
-70.103054	-2.792317	-1.628905
-70.114371	5.413075	-3.058652
-70.125689	6.385348	10.080375
-70.137007	-3.926927	-1.794713
-70.148325	-4.859497	-2.563981
-70.159643	15.505887	10.068094
-70.170961	6.359636	0.447705
-70.182279	4.270366	3.334440
-70.193597	-0.601208	-1.901394
-70.204915	1.294760	-5.388949
-70.216233	2.392314	-7.670411
-70.227550	7.044344	1.448952
-70.238868	-4.954091	-0.719195
-70.250186	2.848735	1.106570
-70.261504	10.866940	-2.855825
-70.272822	8.771842	3.104989
-70.284140	10.636808	-10.436102
-70.295458	5.955699	1.911197
-70.306776	6.031921	-0.701732
-70.318094	4.851527	3.915605
-70.329411	0.267130	-5.096294
-70.340729	9.859187	-4.692870
-70.352047	12.033075	12.231693
-70.363365	14.193244	-3.409898
-70.374683	1.576649	-2.103015
-70.386001	10.657386	-7.569442
-70.397319	-1.686489	3.066452
-70.408637	0.015531	-4.988211
-70.419955	4.953503	5.668934
-70.431273	16.066355	0.186473
-70.442590	6.094031	-5.187904
-70.453908	10.292950	1.700837
-70.465226	4.675823	-0.279805
-70.476544	7.261925	3.718842
-70.487862	-5.067787	3.608468
-70.499180	5.997801	3.256321
-70.510498	11.994456	-7.874762
-70.521816	8.609201	3.907696
-70.533134	-7.563570	-0.837166
-70.544452	0.875028	-5.881470
-70.555769	-2.282642	-1.201632
-70.567087	9.951558	-3.049799
-70.578405	6.088738	2.108753
-70.589723	11.519966	-2.182959
-70.601041	1.289681	6.581278
-70.612359	4.606411	-2.078355
-70.623677	12.201757	0.337364
-70.634995	-0.347829	11.190752
-70.646313	11.873214	5.871176
-70.657630	8.590864	3.829745
-70.668948	0.370773	4.224704
-70.680266	3.561817	-1.350453
-70.691584	4.432750	9.701679
-70.702902	13.058415	-4.123921
-70.714220	-7.529661	5.644588
-70.725538	0.687034	1.226815
-70.736856	1.762636	1.487007
-70.748174	10.722369	-2.350420
-70.759492	4.418826	-2.956011
-70.770809	2.605882	12.266672
-70.782127	1.936539	-9.957966
-70.793445	7.030488	-1.551260
-70.804763	5.459558	3.611351
-70.816081	4.674358	-0.018757
-70.827399	13.158280	2.103240
-70.838717	7.117093	3.308188
-70.850035	16.309048	5.146594
-70.861353	-2.269404	8.925191
-70.872671	0.916238	11.015399
-70.883988	-1.744703	2.262347
-70.895306	7.101419	8.088580
-70.906624	1.443904	-1.400299
-70.917942	14.830045	-3.613470
-70.929260	11.367163	-4.401686
-70.940578	7.581810	5.286130
-70.951896	0.761941	-4.528895
-70.963214	1.959640	2.092643
-70.974532	-2.010915	-4.905683
-70.985850	5.382741	0.213871
-70.997167	11.393094	-4.206277
-71.008485	1.772753	-6.470227
-71.019803	4.912621	8.031762
-71.031121	2.972812	7.260833
-71.042439	5.973992	2.761943
-71.053757	5.261638	8.739394
-71.065075	4.279099	-4.082550
-71.076393	8.721887	-1.269580
-71.087711	-3.392385	-10.639684
-71.099028	5.711217	0.754028
-71.110346	-0.151467	3.767862
-71.121664	3.206933	-3.662483
-71.132982	0.285685	1.118253
-71.144300	4.065414	-4.929656
-71.155618	6.398211	-3.977181
-71.166936	3.935104	7.317671
-71.178254	4.112730	-6.078523
-71.189572	7.137342	11.407077
-71.200890	-4.293799	-2.880958
-71.212207	7.312865	4.898947
-71.223525	3.219226	-1.735618
-71.234843	6.497133	4.720382
-71.246161	19.195332	-3.220403
-71.257479	0.051481	-6.395322
-71.268797	0.155935	-0.261914
-71.280115	2.039514	6.427071
-71.291433	10.709760	0.249588
-71.302751	7.741136	5.111498
-71.314069	0.717263	15.957271
-71.325386	6.944911	0.206986
-71.336704	13.240095	-4.396259
-71.348022	5.233012	0.410137
-71.359340	5.116259	11.796952
-71.370658	-5.830251	11.684771
-71.381976	5.121506	1.589307
-71.393294	-1.232777	-2.146004
-71.404612	-1.817591	2.066878
-71.415930	4.069240	-3.307197
-71.427247	1.796419	-0.588332
-71.438565	7.392621	-2.487697
-71.449883	6.484626	3.578858
-71.461201	0.430360	-5.311799
-71.472519	5.303412	-4.023048
-71.483837	6.027334	-4.157120
-71.495155	-2.359007	5.609285
-71.506473	6.660199	2.006575
-71.517791	1.890448	-0.861925
-71.529109	4.823840	-10.446805
-71.540426	2.807002	5.888935
-71.551744	7.635422	0.631409
-71.563062	8.800921	4.962898
-71.574380	7.861801	0.650140
-71.585698	-0.279692	4.577241
-71.597016	-5.988694	0.124575
-71.608334	15.485327	-4.159266
-71.619652	12.053425	8.293992
-71.630970	5.977560	0.171986
-71.642288	6.648215	-5.304713
-71.653605	0.205004	3.586359
-71.664923	4.471670	-4.431096
-71.676241	8.000949	5.065786
-71.687559	4.915070	1.862308
-71.698877	4.878437	6.357066
-71.710195	6.839353	6.089953
-71.721513	8.029680	1.623532
-71.732831	9.233683	6.957176
-71.744149	6.087142	11.867693
-71.755466	6.999078	2.561500
-71.766784	-5.322673	-1.500493
-71.778102	5.448213	7.820525
-71.789420	-1.494133	5.573713
-71.800738	2.962089	-6.258318
-71.812056	6.573906	-7.123989
-71.823374	-2.214198	-5.049176
-71.834692	5.140134	2.916753
-71.846010	1.256708	-2.601778
-71.857328	4.441162	0.048887
-71.868645	8.850204	-9.055477
-71.879963	17.397467	2.733698
-71.891281	5.950010	-3.231321
-71.902599	7.000741	1.970977
-71.913917	-0.286373	0.564783
-71.925235	5.612140	10.878270
-71.936553	4.196294	-3.161331
-71.947871	7.574324	-1.762293
-71.959189	2.202817	-0.564619
-71.970507	-5.172175	-2.819646
-71.981824	2.122939	1.299443
-71.993142	-4.736207	0.107952
-72.004460	4.994044	2.405626
-72.015778	1.408770	11.626781
-72.027096	2.985107	2.051782
-72.038414	4.961781	-2.659146
-72.049732	9.163749	4.115061
-72.061050	8.183884	4.565086
-72.072368	5.722091	-1.038544
-72.083686	7.731830	3.985060
-72.095003	2.725744	2.917395
-72.106321	-4.696198	1.491117
-72.117639	5.638596	7.597491
-72.128957	10.354591	-0.611533
-72.140275	8.707024	1.477676
-72.151593	4.830940	7.211024
-72.162911	-0.137885	-2.094398
-72.174229	16.963760	1.442544
-72.185547	9.179601	4.006971
-72.196864	-0.015128	5.945861
-72.208182	3.131277	-1.451651
-72.219500	9.060841	13.466733
-72.230818	1.653328	6.890578
-72.242136	-3.334033	9.928058
-72.253454	17.417433	-0.655171
-72.264772	-3.305136	3.767228
-72.276090	-3.003990	-4.744625
-72.287408	6.455153	0.026337
-72.298726	0.881138	4.637659
-72.310043	10.006148	-7.195363
-72.321361	6.391997	8.297355
-72.332679	3.295388	4.459144
-72.343997	12.584570	-3.564464
-72.355315	9.525669	10.927514
-72.366633	4.802742	3.243266
-72.377951	2.607667	1.836574
-72.389269	1.198059	-4.509468
-72.400587	3.986252	-0.670891
-72.411905	0.469959	2.367554
-72.423222	-0.178018	-4.932688
-72.434540	5.234774	-2.721027
-72.445858	5.900377	-10.513124
-72.457176	12.138153	-4.224309
-72.468494	18.648420	-2.458399
-72.479812	11.772655	5.810693
-72.491130	6.718292	0.929500
-72.502448	12.023368	6.705282
-72.513766	10.114920	7.122287
-72.525083	2.979695	0.413326
-72.536401	1.375966	-1.323393
-72.547719	6.014138	-1.607478
-72.559037	9.190097	-4.158533
-72.570355	12.944591	-15.891753
-72.581673	8.195115	-5.156734
-72.592991	5.965536	1.967834
-72.604309	11.804005	5.265997
-72.615627	7.574211	2.225262
-72.626945	17.968224	3.912692
-72.638262	10.563107	6.099884
-72.649580	8.150165	7.801761
-72.660898	1.796049	4.194369
-72.672216	11.011599	2.636461
-72.683534	0.480458	-8.252028
-72.694852	9.856552	3.229682
-72.706170	3.361456	-3.086299
-72.717488	7.753012	2.029849
-72.728806	5.009232	2.660524
-72.740124	10.249203	4.196318
-72.751441	12.931483	-3.420309
-72.762759	9.478520	-7.302805
-72.774077	2.077586	2.173765
-72.785395	-0.667396	-3.917127
-72.796713	3.039279	2.551231
-72.808031	4.254221	-4.459897
-72.819349	5.362115	1.716047
-72.830667	10.644621	6.217797
-72.841985	9.028192	-0.382905
-72.853302	8.795527	5.454498
-72.864620	10.337325	-1.823746
-72.875938	11.221658	-2.505516
-72.887256	16.697699	2.245286
-72.898574	4.144573	5.374938
-72.909892	7.076782	3.553860
-72.921210	10.956927	2.855511
-72.932528	-1.007563	0.276317
-72.943846	5.423200	-3.556514
-72.955164	13.644278	0.856275
-72.966481	3.300347	5.570198
-72.977799	-3.643521	-7.166257
-72.989117	2.481987	-0.578054
-73.000435	1.986492	-9.980461
-73.011753	-0.883535	5.568537
-73.023071	12.320410	-7.285215
-73.034389	16.379032	1.299308
-73.045707	1.193498	-8.126911
-73.057025	8.259151	-9.843779
-73.068343	13.506265	-3.479767
-73.079660	10.033674	-1.349779
-73.090978	11.904147	-2.537061
-73.102296	10.344355	3.094780
-73.113614	20.157269	1.789807
-73.124932	3.517028	-2.039812
-73.136250	15.922065	6.782095
-73.147568	6.794664	-5.217123
-73.158886	18.743273	0.107535
-73.170204	16.099646	3.658672
-73.181522	21.495550	7.710171
-73.192839	11.647006	5.420805
-73.204157	16.750570	9.934315
-73.215475	12.944737	24.324945
-73.226793	2.304596	36.754978
-73.238111	-7.472907	18.088301
-73.249429	-8.762486	12.911709
-73.260747	-6.755605	4.154127
-73.272065	-4.981236	-2.144180
-73.283383	9.125353	-9.663946
-73.294700	-0.145333	9.370358
-73.306018	3.293214	10.213450
-73.317336	12.653436	6.311809
-73.328654	-1.577235	10.694688
-73.339972	-3.192745	5.602083
-73.351290	-9.783364	17.136953
-73.362608	-15.337185	5.097193
-73.373926	-0.613100	-3.046049
-73.385244	-12.098161	-23.455727
-73.396562	-0.581941	-3.126934
-73.407879	-5.765347	-8.336951
-73.419197	10.786454	-3.034140
-73.430515	3.985787	-3.899239
-73.441833	2.957811	-19.386648
-73.453151	20.769236	-3.826385
-73.464469	-6.898838	-3.841245
-73.475787	6.023403	-5.135335
-73.487105	2.919205	2.126335
-73.498423	18.056314	-5.262796
-73.509741	11.949126	3.474925
-73.521058	1.102326	2.663309
-73.532376	3.785747	-7.979862
-73.543694	1.166743	-3.700255
-73.555012	7.548368	3.709314
-73.566330	4.535772	-0.124888
-73.577648	9.117004	-6.193489
-73.588966	6.707570	0.559884
-73.600284	6.762257	-3.790779
-73.611602	3.649798	5.233067
-73.622919	7.328708	0.593175
-73.634237	17.465284	-6.711387
-73.645555	4.183355	11.275763
-73.656873	-1.741523	-6.816743
-73.668191	6.336947	7.381992
-73.679509	-1.786121	6.595648
-73.690827	3.924616	-8.029332
-73.702145	3.770889	-2.753545
-73.713463	6.911541	-0.231077
-73.724781	4.933787	-1.096193
-73.736098	0.035808	-5.075710
-73.747416	7.441996	1.977538
-73.758734	0.581326	7.756841
-73.770052	3.404093	6.733363
-73.781370	13.217406	6.286373
-73.792688	12.145949	5.164256
-73.804006	8.092984	6.199062
-73.815324	19.462145	0.479756
-73.826642	5.110581	-7.296937
-73.837960	10.053829	1.255413
-73.849277	4.972397	-6.748821
-73.860595	1.686537	-8.295059
-73.871913	2.295364	4.407848
-73.883231	4.344429	-3.593693
-73.894549	2.510829	-7.052130
-73.905867	5.590569	-8.056088
-73.917185	3.931273	-8.659384
-73.928503	9.315001	8.859682
-73.939821	-3.157265	-2.172449
-73.951138	11.979770	-0.929149
-73.962456	4.879063	5.395373
-73.973774	0.774724	12.356989
-73.985092	6.034871	2.139251
-73.996410	-0.494151	10.466840
-74.007728	11.821205	-1.642286
-74.019046	8.181407	5.979242
-74.030364	12.794747	-2.645304
-74.041682	10.286930	-5.116652
-74.053000	11.824537	-11.116469
-74.064317	12.518268	1.239903
-74.075635	8.393599	0.997063
-74.086953	8.133573	0.563629
-74.098271	11.045768	1.307148
-74.109589	2.168812	3.613794
-74.120907	-3.268101	-3.344963
-74.132225	7.270541	-1.437106
-74.143543	1.797672	8.548279
-74.154861	8.980193	2.945653
-74.166179	10.198959	-4.409381
-74.177496	6.164171	-3.850489
-74.188814	-5.284599	-3.410428
-74.200132	6.398589	10.814938
-74.211450	9.111937	0.390305
-74.222768	15.982068	-10.538504
-74.234086	6.046845	-4.665535
-74.245404	1.867227	-2.746912
-74.256722	5.975076	-2.167197
-74.268040	13.866195	12.392617
-74.279358	10.876884	-5.146775
-74.290675	0.907696	-4.346684
-74.301993	12.238056	1.609394
-74.313311	11.235307	-5.892699
-74.324629	0.057999	-4.228932
-74.335947	5.068922	0.677301
-74.347265	2.771400	-2.107223
-74.358583	-7.326107	-0.175002
-74.369901	6.836283	2.313465
-74.381219	9.906778	9.510129
-74.392536	2.354415	-0.163707
-74.403854	8.871191	-1.230558
-74.415172	3.052387	-4.130167
-74.426490	14.976851	-7.972760
-74.437808	7.922190	-6.962454
-74.449126	6.736309	-4.189244
-74.460444	3.889189	0.769022
-74.471762	3.042382	1.448445
-74.483080	10.520661	5.297411
-74.494398	1.836235	1.320303
-74.505715	-0.320204	-4.476608
-74.517033	5.275512	-0.677938
-74.528351	0.036539	5.970129
-74.539669	5.491456	-1.162452
-74.550987	-3.187252	1.603868
-74.562305	0.234213	-6.258799
-74.573623	8.775710	2.661059
-74.584941	7.095616	1.398103
-74.596259	10.281953	-2.373175
-74.607577	6.634092	8.711944
-74.618894	9.581798	2.758972
-74.630212	10.938533	-3.268256
-74.641530	4.166561	-2.566312
-74.652848	12.651448	-11.504136
-74.664166	4.189840	3.673327
-74.675484	11.736917	2.491820
-74.686802	14.987968	3.164498
-74.698120	7.193624	7.041145
-74.709438	11.191825	-10.043879
-74.720755	3.258916	8.790885
-74.732073	11.430511	2.440194
-74.743391	11.595645	-5.547360
-74.754709	2.934843	3.173963
-74.766027	3.727183	-3.684163
-74.777345	12.873945	-2.400211
-74.788663	2.983271	-15.750777
-74.799981	9.341307	1.293976
-74.811299	6.106114	-7.654253
-74.822617	10.663136	-1.629008
-74.833934	6.579967	-9.768888
-74.845252	-2.326361	-3.113502
-74.856570	15.417125	-7.367879
-74.867888	6.219550	1.915868
-74.879206	6.080262	2.287539
-74.890524	12.184622	0.795584
-74.901842	14.500559	6.094454
-74.913160	9.903911	9.700426
-74.924478	15.348676	2.202877
-74.935796	11.519264	-8.965646
-74.947113	6.956566	14.343693
-74.958431	-0.346489	0.481227
-74.969749	12.249364	5.330247
-74.981067	10.983028	0.392663
-74.992385	6.334348	-1.285169
-75.003703	8.772296	11.832800
-75.015021	5.488968	0.081408
-75.026339	-0.146447	8.193711
-75.037657	0.253210	6.622478
-75.048975	4.387999	-6.163834
-75.060292	-2.089746	4.332190
-75.071610	-2.540959	-0.517152
-75.082928	8.518376	1.480944
-75.094246	3.342628	-10.348155
-75.105564	4.476338	-4.743480
-75.116882	6.676178	-11.578221
-75.128200	1.874970	-12.190103
-75.139518	-0.531048	3.563597
-75.150836	14.022705	-4.501414
-75.162153	7.887194	-10.696674
-75.173471	15.336582	-4.368820
-75.184789	18.442724	-1.161424
-75.196107	-2.927151	-11.620211
-75.207425	5.995404	4.797791
-75.218743	16.255505	-0.769162
-75.230061	8.128598	-11.714962
-75.241379	13.774080	7.120758
-75.252697	4.565806	-5.079449
-75.264015	-0.525675	-4.949198
-75.275332	14.963756	4.263077
-75.286650	12.469411	1.804188
-75.297968	-5.798647	-0.202768
-75.309286	6.433113	2.762483
-75.320604	1.710468	1.300858
-75.331922	8.505054	2.540080
-75.343240	4.357594	-1.333306
-75.354558	8.770837	0.681743
-75.365876	4.065983	-1.850865
-75.377194	9.717318	0.938953
-75.388511	14.240709	3.107555
-75.399829	10.132550	5.969318
-75.411147	12.930807	0.585806
-75.422465	15.961666	0.515331
-75.433783	2.994149	-5.967618
-75.445101	11.007802	-0.873741
-75.456419	4.871461	-4.344700
-75.467737	-3.125975	-3.245321
-75.479055	4.885297	-5.248618
-75.490372	-2.012703	3.161168
-75.501690	12.087193	0.446917
-75.513008	6.528367	8.867785
-75.524326	17.671524	1.396050
-75.535644	1.905179	-2.577040
-75.546962	9.472263	3.623793
-75.558280	2.708744	10.642739
-75.569598	2.287849	6.082481
-75.580916	1.790034	-4.290320
-75.592234	8.814962	2.427467
-75.603551	6.036773	-4.674604
-75.614869	10.934540	5.905981
-75.626187	10.487830	4.365045
-75.637505	2.405271	-6.114797
-75.648823	6.506172	1.943613
-75.660141	9.212206	-2.816549
-75.671459	1.731511	-3.163685
-75.682777	-0.314252	10.018696
-75.694095	-0.825025	-8.498512
-75.705413	0.502882	-2.735639
-75.716730	9.527235	0.747482
-75.728048	14.308317	-3.070864
-75.739366	3.077974	1.976569
-75.750684	10.775278	6.738092
-75.762002	-0.148659	-0.425057
-75.773320	3.414195	1.544207
-75.784638	8.127527	-6.058066
-75.795956	8.218133	5.713684
-75.807274	9.234964	-7.235710
-75.818591	12.192076	1.111609
-75.829909	1.730764	-5.941372
-75.841227	2.626688	-0.648471
-75.852545	3.369162	-1.778316
-75.863863	11.750328	-5.264413
-75.875181	-0.764336	3.943793
-75.886499	16.134708	3.535559
-75.897817	8.656777	1.462671
-75.909135	4.636590	-1.469295
-75.920453	1.353102	1.456491
-75.931770	1.913265	0.479944
-75.943088	7.674141	-6.290555
-75.954406	17.062252	0.784803
-75.965724	-5.770311	2.481814
-75.977042	8.469229	-7.371507
-75.988360	15.056440	3.530401
-75.999678	8.218040	-7.167422
-76.010996	6.647432	-1.947654
-76.022314	15.497969	-6.012990
-76.033632	10.721051	-1.235180
-76.044949	2.676893	5.273933
-76.056267	-0.279067	-5.591449
-76.067585	8.607083	0.411680
-76.078903	11.685606	3.750199
-76.090221	8.410458	-2.106827
-76.101539	5.032451	4.045989
-76.112857	5.115537	-6.799260
-76.124175	8.453881	-3.895809
-76.135493	17.133127	3.982453
-76.146811	6.882907	-0.219931
-76.158128	13.213145	-7.135808
-76.169446	8.741230	-11.079952
-76.180764	0.864665	1.193034
-76.192082	3.312427	-7.566470
-76.203400	6.539143	-1.599910
-76.214718	1.634614	-2.617123
-76.226036	7.318309	1.571910
-76.237354	8.630348	6.763570
-76.248672	7.974875	-5.671715
-76.259989	8.450524	1.180505
-76.271307	5.530932	3.237869
-76.282625	-0.249436	-1.616792
-76.293943	13.596994	6.627315
-76.305261	8.632178	-1.872572
-76.316579	1.466091	2.676519
-76.327897	11.352247	-0.544803
-76.339215	3.754967	-10.713001
-76.350533	6.836802	-1.991031
-76.361851	-0.664679	-2.228538
-76.373168	7.529571	-3.062572
-76.384486	3.301324	1.612549
-76.395804	11.293303	-10.219494
-76.407122	9.168139	8.498549
-76.418440	6.399824	-7.096337
-76.429758	12.614860	-5.422379
-76.441076	5.897360	4.669295
-76.452394	1.047572	-8.335293
-76.463712	10.377836	-10.149719
-76.475030	4.502067	2.483622
-76.486347	12.039312	-8.346992
-76.497665	8.333761	4.942997
-76.508983	6.005763	-1.214490
-76.520301	12.959395	0.581660
-76.531619	10.461954	1.086699
-76.542937	3.719142	2.102952
-76.554255	9.321425	-1.085348
-76.565573	7.441574	-2.904653
-76.576891	6.047421	-0.748812
-76.588208	20.690907	-9.051025
-76.599526	4.746583	3.117772
-76.610844	7.881000	5.966230
-76.622162	-2.379646	4.663623
-76.633480	19.871216	4.194417
-76.644798	9.321522	-4.701740
-76.656116	6.800675	-7.252769
-76.667434	3.727350	2.454415
-76.678752	4.597013	2.647303
-76.690070	6.231324	4.981803
-76.701387	7.134395	2.701325
-76.712705	11.121896	-1.570161
-76.724023	8.230653	-0.174669
-76.735341	11.543667	0.440304
-76.746659	7.254601	-4.629273
-76.757977	4.205448	-3.963245
-76.769295	7.778115	5.559322
-76.780613	13.757365	6.238404
-76.791931	11.418657	0.337963
-76.803249	12.380077	0.937097
-76.814566	1.818327	-0.370795
-76.825884	6.288845	-4.795617
-76.837202	5.369960	8.180707
-76.848520	2.479565	-4.673973
-76.859838	16.466423	3.119066
-76.871156	11.875039	-6.089509
-76.882474	9.348824	-9.189464
-76.893792	-0.665825	-5.252817
-76.905110	11.463326	2.260804
-76.916427	13.899368	-4.197859
-76.927745	16.681211	8.660600
-76.939063	9.524429	-6.353697
-76.950381	3.098557	-4.155213
-76.961699	1.387845	-11.453023
-76.973017	4.151568	5.072361
-76.984335	-0.589410	-2.174203
-76.995653	12.008305	6.089058
-77.006971	11.870971	-4.351727
-77.018289	6.540320	0.729128
-77.029606	3.508515	2.656503
-77.040924	7.243653	-8.063561
-77.052242	2.307462	2.734354
-77.063560	3.826206	-5.284280
-77.074878	12.530833	-8.515055
-77.086196	8.526752	4.778846
-77.097514	12.267505	-5.492299
-77.108832	9.918218	-11.963633
-77.120150	0.920389	-2.842489
-77.131468	5.222898	3.243053
-77.142785	13.683675	-5.242611
-77.154103	2.672467	-1.948867
-77.165421	11.439014	-2.499422
-77.176739	11.191608	7.554039
-77.188057	8.688803	0.569577
-77.199375	5.325390	0.865028
-77.210693	7.102542	-4.720140
-77.222011	3.671038	-0.703406
-77.233329	9.355495	-1.224919
-77.244647	4.575783	-4.121794
-77.255964	17.588842	2.853384
-77.267282	1.416406	-5.280039
-77.278600	2.822412	6.853451
-77.289918	10.301008	3.098693
-77.301236	14.436333	2.551817
-77.312554	9.616055	-0.602421
-77.323872	3.396939	-0.034421
-77.335190	20.553614	-2.297042
-77.346508	11.511778	0.700326
-77.357825	2.376748	-6.600606
-77.369143	4.653529	7.968657
-77.380461	4.661228	3.927367
-77.391779	5.593002	7.271001
-77.403097	8.598624	17.315548
-77.414415	4.226766	1.487706
-77.425733	3.483740	3.339314
-77.437051	7.137662	-8.790970
-77.448369	18.006535	-0.119880
-77.459687	15.030473	-4.289423
-77.471004	15.994783	0.184269
-77.482322	13.354325	-4.066171
-77.493640	15.578175	-0.776246
-77.504958	7.866079	-6.482470
-77.516276	4.806903	-2.813222
-77.527594	14.123963	9.941075
-77.538912	3.349316	5.510902
-77.550230	1.807540	2.588653
-77.561548	11.185355	-7.826825
-77.572866	10.290125	2.510628
-77.584183	2.755968	-5.529963
-77.595501	-3.959737	10.895378
-77.606819	14.436119	-10.861676
-77.618137	7.726768	-4.785808
-77.629455	15.436440	-6.430244
-77.640773	8.182069	6.574103
-77.652091	5.292008	1.120768
-77.663409	19.005432	-1.820952
-77.674727	5.379397	1.447139
-77.686044	13.573500	1.488968
-77.697362	15.965583	-4.356112
-77.708680	2.058532	6.034112
-77.719998	2.514783	9.161084
-77.731316	13.912378	6.449481
-77.742634	1.537304	6.301377
-77.753952	9.561193	1.622838
-77.765270	3.907363	4.020481
-77.776588	6.629937	2.472598
-77.787906	13.864526	2.702541
-77.799223	9.101256	-5.763825
-77.810541	4.427684	-0.779007
-77.821859	6.573018	5.515800
-77.833177	0.283283	-9.967653
-77.844495	10.159531	1.731508
-77.855813	8.137990	-0.916996
-77.867131	7.973876	2.369360
-77.878449	9.123000	-1.423820
-77.889767	0.413756	-7.610373
-77.901085	9.189413	8.283927
-77.912402	7.354902	4.740328
-77.923720	1.394976	-2.750451
-77.935038	7.888943	-10.501463
-77.946356	7.348037	-2.631653
-77.957674	10.858623	2.054478
-77.968992	14.935816	8.652812
-77.980310	6.946983	-7.470154
-77.991628	9.252832	1.585992
-78.002946	5.516948	-0.870637
-78.014263	10.424979	1.828269
-78.025581	13.501612	-2.310599
-78.036899	8.919146	-5.740546
-78.048217	15.509723	-3.898830
-78.059535	11.875666	-6.955979
-78.070853	15.934777	-7.014154
-78.082171	1.252667	1.966552
-78.093489	5.246325	-2.432837
-78.104807	13.261271	-7.594546
-78.116125	9.041748	-2.277976
-78.127442	11.532864	0.896903
-78.138760	10.364670	-10.205873
-78.150078	13.874014	3.706568
-78.161396	3.232019	3.488378
-78.172714	5.240605	-0.268842
-78.184032	12.661634	5.865124
-78.195350	11.164924	-0.348207
-78.206668	16.073578	-1.677203
-78.217986	7.057178	-0.085803
-78.229304	6.889107	-5.559977
-78.240621	7.985246	-1.523819
-78.251939	3.397043	-1.176548
-78.263257	9.147867	-2.411272
-78.274575	-1.838073	-8.519156
-78.285893	8.228854	-3.589642
-78.297211	5.087243	2.895499
-78.308529	5.236833	-2.885483
-78.319847	13.037987	0.952799
-78.331165	8.731621	6.524045
-78.342483	9.607468	1.822793
-78.353800	5.468011	-0.456709
-78.365118	5.925329	-10.099841
-78.376436	1.966259	3.167310
-78.387754	0.717174	-1.637186
-78.399072	5.735373	-3.538278
-78.410390	12.994285	-1.082174
-78.421708	13.123384	4.571446
-78.433026	8.457430	7.244380
-78.444344	7.607509	-1.334415
-78.455661	4.978423	-2.646433
-78.466979	8.358712	6.324217
-78.478297	0.870230	-4.138383
-78.489615	9.112484	-7.082500
-78.500933	5.476504	-6.760693
-78.512251	11.049776	7.588841
-78.523569	0.292683	-7.882866
-78.534887	5.845558	2.027617
-78.546205	3.115711	-2.809097
-78.557523	5.569782	1.675075
-78.568840	12.975411	-7.121512
-78.580158	11.841683	-1.171110
-78.591476	15.143679	-3.698237
-78.602794	4.201084	-4.728098
-78.614112	8.312265	7.738312
-78.625430	7.788172	3.552760
-78.636748	3.085128	-10.099133
-78.648066	9.262114	-4.329973
-78.659384	12.549916	7.865614
-78.670702	-4.375268	-5.459874
-78.682019	11.174251	-3.048584
-78.693337	9.512086	3.749252
-78.704655	5.358474	-4.644727
-78.715973	16.768682	-1.769992
-78.727291	10.431197	-3.469720
-78.738609	19.856230	-3.414380
-78.749927	8.784773	2.932153
-78.761245	14.291684	4.629729
-78.772563	13.259377	-2.621886
-78.783880	8.860004	-4.528652
-78.795198	7.826994	0.078349
-78.806516	1.317879	-1.925719
-78.817834	14.403333	-3.051341
-78.829152	10.336028	-2.390753
-78.840470	3.496238	-2.245988
-78.851788	4.770574	-10.254354
-78.863106	10.086701	-2.302927
-78.874424	2.921060	-4.382858
-78.885742	25.880108	2.702950
-78.897059	8.956952	-4.219371
-78.908377	15.536633	0.695186
-78.919695	8.237549	2.176366
-78.931013	5.822584	4.496041
-78.942331	19.123919	-6.482178
-78.953649	6.687352	-6.127091
-78.964967	6.647668	-4.547471
-78.976285	-8.275493	-2.089590
-78.987603	5.885923	-12.575876
-78.998921	12.316638	3.664412
-79.010238	14.738594	-5.287862
-79.021556	6.907546	-6.211147
-79.032874	5.379114	3.962404
-79.044192	7.259787	0.176453
-79.055510	8.198133	-4.966317
-79.066828	15.685789	-8.429489
-79.078146	11.571614	-6.933205
-79.089464	1.533864	2.018203
-79.100782	15.613425	-9.458059
-79.112099	5.750659	-3.731611
-79.123417	16.587318	1.485855
-79.134735	5.164083	0.587202
-79.146053	5.496657	-3.112510
-79.157371	15.688213	1.892341
-79.168689	12.571275	-1.884042
-79.180007	6.438779	-2.660404
-79.191325	9.489936	-2.381894
-79.202643	15.674352	-8.832985
-79.213961	10.933620	-1.296790
-79.225278	22.407249	-3.842973
-79.236596	8.519972	8.373755
-79.247914	20.324080	-6.940864
-79.259232	7.168584	4.034106
-79.270550	22.368864	0.393550
-79.281868	15.728165	-4.254900
-79.293186	0.085758	-9.130540
-79.304504	7.541179	-1.751207
-79.315822	0.662419	-4.927651
-79.327140	12.404624	-3.002391
-79.338457	17.705908	2.002255
-79.349775	10.518945	-0.055160
-79.361093	14.203750	-1.001926
-79.372411	4.047250	-1.667375
-79.383729	12.387417	11.506223
-79.395047	16.022055	-14.117528
-79.406365	3.474798	-2.369696
-79.417683	12.479668	-6.889514
-79.429001	9.539814	1.264406
-79.440319	-1.985612	-7.737843
-79.451636	9.149405	-0.137143
-79.462954	13.943949	-3.920834
-79.474272	15.280828	-7.899930
-79.485590	4.199124	-7.735486
-79.496908	1.739386	-7.837726
-79.508226	10.558838	-13.507607
-79.519544	15.641970	-8.394356
-79.530862	7.201568	-5.437373
-79.542180	13.983751	0.469726
-79.553497	8.212832	-6.964629
-79.564815	13.908016	-16.090179
-79.576133	20.960365	-6.888608
-79.587451	24.296089	-9.607780
-79.598769	10.279926	-5.343360
-79.610087	17.912039	-5.966828
-79.621405	15.048079	-9.662579
-79.632723	13.686989	-13.803715
-79.644041	26.103306	-19.922646
-79.655359	16.076015	-10.106362
-79.666676	29.452795	-20.356266
-79.677994	35.640423	-8.173166
-79.689312	36.722515	-11.091362
-79.700630	40.488544	7.495395
-79.711948	29.206263	27.873924
-79.723266	11.617683	27.742117
-79.734584	8.226136	25.422504
-79.745902	4.186064	3.679101
-79.757220	8.221272	14.403310
-79.768538	19.560053	4.951408
-79.779855	15.824835	-11.722467
-79.791173	28.800762	3.809705
-79.802491	31.658173	5.423014
-79.813809	36.200127	22.526310
-79.825127	9.950537	28.129997
-79.836445	-1.889773	35.274372
-79.847763	-7.992427	28.493671
-79.859081	-22.865501	17.652403
-79.870399	-16.688097	10.069530
-79.881716	-9.394891	-13.352784
-79.893034	-3.258874	-19.829018
-79.904352	3.354055	-4.895147
-79.915670	-2.675463	-3.010694
-79.926988	4.223737	-0.178520
-79.938306	1.499226	-10.620649
-79.949624	6.788634	-6.932717
-79.960942	3.662141	-10.413107
-79.972260	7.700686	-7.628534
-79.983578	6.072443	-6.059547
-79.994895	-0.389609	-0.998358
-80.006213	13.540111	-5.027764
-80.017531	5.251133	-5.255245
-80.028849	3.213373	-1.463423
-80.040167	12.772742	-3.747746
-80.051485	6.197125	-0.418421
-80.062803	9.086792	-10.624567
-80.074121	9.045470	0.233567
-80.085439	4.918277	-4.936219
-80.096757	10.350682	1.221275
-80.108074	17.290421	-10.536695
-80.119392	2.992033	-8.128990
-80.130710	2.298784	-13.760431
-80.142028	5.104213	-15.165677
-80.153346	19.450197	-5.705083
-80.164664	12.708838	-11.988351
-80.175982	1.838138	1.523728
-80.187300	7.540841	-6.973363
-80.198618	7.910476	-2.268524
-80.209935	5.888135	-7.539811
-80.221253	6.433405	0.763804
-80.232571	4.575990	-15.207038
-80.243889	10.453093	-5.807572
-80.255207	15.958711	-7.055995
-80.266525	10.525001	-12.403325
-80.277843	23.085783	-1.460504
-80.289161	13.782666	-10.015866
-80.300479	17.258242	-16.232548
-80.311797	10.573009	-6.188513
-80.323114	11.292513	-13.785945
-80.334432	15.966696	-3.781850
-80.345750	15.657903	-14.611888
-80.357068	14.843256	-2.305904
-80.368386	16.153179	-23.511282
-80.379704	26.569988	-8.839399
-80.391022	36.882988	-13.152587
-80.402340	32.059361	4.825779
-80.413658	24.673346	9.483782
-80.424976	20.180433	9.263926
-80.436293	14.147987	3.358094
-80.447611	1.466360	8.546209
-80.458929	2.722661	-3.411637
-80.470247	6.422296	-14.142015
-80.481565	9.943914	-8.696508
-80.492883	28.028456	-0.167279
-80.504201	24.650040	8.546103
-80.515519	33.990139	8.280267
-80.526837	29.046453	12.174014
-80.538155	23.430244	18.846102
-80.549472	16.266224	16.803699
-80.560790	7.375305	14.954493
-80.572108	-2.060571	4.310689
-80.583426	-19.208565	-4.133664
-80.594744	5.434950	-3.342803
-80.606062	8.543018	-2.396605
-80.617380	9.055661	1.212676
-80.628698	6.167636	-2.856982
-80.640016	-0.603029	-5.381931
-80.651333	4.140615	0.375521
-80.662651	2.030633	-1.547131
-80.673969	-1.124420	-1.714566
-80.685287	11.959145	1.387212
-80.696605	7.070384	-5.021389
-80.707923	3.611709	-12.512709
-80.719241	22.095158	5.976047
-80.730559	17.078396	6.725178
-80.741877	12.840981	9.337832
-80.753195	16.439749	4.306452
-80.764512	5.058110	1.281803
-80.775830	6.798538	9.319728
-80.787148	-8.288976	17.521194
-80.798466	-9.654449	3.148142
-80.809784	-18.812757	-0.655427
-80.821102	-4.586903	-11.429571
-80.832420	3.447941	-19.727976
-80.843738	-8.984196	5.581909
-80.855056	6.666230	-11.545517
-80.866374	1.142977	-0.725207
-80.877691	7.243222	-4.554138
-80.889009	-1.178679	-2.229764
-80.900327	8.556496	-5.861435
-80.911645	-8.792451	-9.415050
-80.922963	-6.396769	-12.752460
-80.934281	8.749104	-23.931116
-80.945599	1.490661	-8.082386
-80.956917	-7.540791	-15.961840
-80.968235	-1.867096	-10.737940
-80.979552	-6.446881	-21.691130
-80.990870	5.274349	-6.210393
-81.002188	7.579643	-13.254338
-81.013506	6.800814	-11.323216
-81.024824	10.052925	-6.235746
-81.036142	9.969237	-6.510634
-81.047460	10.792092	-12.291582
-81.058778	8.097488	-8.495692
-81.070096	6.863852	-2.613244
-81.081414	15.904293	-3.927859
-81.092731	3.516216	-5.003587
-81.104049	8.345502	-14.429757
-81.115367	-2.139124	-12.041332
-81.126685	8.041520	-6.046504
-81.138003	10.064488	-16.771692
-81.149321	-1.309198	-15.406845
-81.160639	12.844856	-17.463186
-81.171957	8.697998	-13.565093
-81.183275	14.339883	-6.311086
-81.194593	-0.010501	-6.993790
-81.205910	-7.453872	-19.244865
-81.217228	2.148465	-19.413149
-81.228546	5.428675	-11.919615
-81.239864	5.572858	-18.471407
-81.251182	8.258856	-19.147125
-81.262500	4.287312	-19.468344
-81.273818	17.030102	-36.980988
-81.285136	15.603394	-26.990349
-81.296454	22.023357	-36.081936
-81.307771	27.073198	-31.542068
-81.319089	37.339790	-35.277267
-81.330407	53.344002	-24.292841
-81.341725	61.082687	-23.774883
-81.353043	52.439060	8.023653
-81.364361	50.596870	2.057436
-81.375679	30.652403	13.735672
-81.386997	35.498314	6.949393
-81.398315	37.038723	8.217875
-81.409633	33.474182	3.959822
-81.420950	22.617651	5.511094
-81.432268	20.951223	9.988003
-81.443586	11.743924	17.165833
-81.454904	29.549763	12.851336
-81.466222	23.865372	17.453388
-81.477540	27.036642	6.645520
-81.488858	13.657576	19.033594
-81.500176	13.535285	8.045608
-81.511494	8.357295	17.891376
-81.522812	12.963357	17.426352
-81.534129	7.835238	23.099298
-81.545447	18.415470	22.879080
-81.556765	16.755985	24.240894
-81.568083	11.146585	23.204073
-81.579401	-10.066500	25.217468
-81.590719	-7.418385	33.187073
-81.602037	-19.804586	24.612741
-81.613355	-18.464092	8.036793
-81.624673	-28.939716	-4.862216
-81.635991	-14.759424	-5.124740
-81.647308	-7.622627	-7.171917
-81.658626	-14.826498	-3.124000
-81.669944	-6.671234	-14.348878
-81.681262	-4.989269	-11.876252
-81.692580	-9.308381	-3.165361
-81.703898	-0.139711	-11.523225
-81.715216	-6.790437	-10.276430
-81.726534	0.512852	-4.835031
-81.737852	-9.733395	-8.726278
-81.749169	-1.948519	-12.446742
-81.760487	6.633407	-8.769450
-81.771805	-20.422709	-6.858315
-81.783123	10.909567	-9.992063
-81.794441	-3.512651	-13.097803
-81.805759	-4.537321	-9.330841
-81.817077	2.165127	-9.124854
-81.828395	-10.647229	-11.065906
-81.839713	-8.394152	-12.571428
-81.851031	3.218716	-14.510062
-81.862348	-1.219155	-8.128246
-81.873666	0.206365	-10.162431
-81.884984	-0.006534	-23.440720
-81.896302	-2.819751	-17.219065
-81.907620	5.767155	-17.729347
-81.918938	0.114043	-23.455399
-81.930256	11.030424	-15.077174
-81.941574	0.122306	-17.783436
-81.952892	1.878320	-13.998876
-81.964210	-1.425066	-11.429657
-81.975527	6.225117	-18.805204
-81.986845	5.630353	-12.528355
-81.998163	2.420025	-2.325525
-82.009481	7.774202	-18.993832
-82.020799	-1.777099	-11.531434
-82.032117	2.298196	-19.177298
-82.043435	14.500125	-10.947529
-82.054753	0.546074	-18.854336
-82.066071	11.899812	-13.683129
-82.077388	-1.129473	-9.463763
-82.088706	4.779915	-10.008916
-82.100024	6.296924	-20.433210
-82.111342	-1.952685	-13.113926
-82.122660	4.224444	-8.300138
-82.133978	-1.996987	-12.684521
-82.145296	2.706814	-28.931753
-82.156614	3.536599	-20.975639
-82.167932	8.940289	-13.750541
-82.179250	6.411495	-6.986270
-82.190567	11.496315	-12.460856
-82.201885	13.645077	-21.547920
-82.213203	8.842973	-15.142515
-82.224521	-1.162475	-9.879664
-82.235839	2.363311	-4.550628
-82.247157	7.237322	-17.678579
-82.258475	-0.195200	-17.085844
-82.269793	4.921817	-18.272743
-82.281111	6.457713	-16.053604
-82.292429	0.318747	-13.963512
-82.303746	7.181849	-9.470627
-82.315064	3.886475	-14.530087
-82.326382	9.402196	-19.211412
-82.337700	-10.391836	-17.743364
-82.349018	5.385689	-19.656456
-82.360336	9.559123	-21.605206
-82.371654	5.282631	-12.431596
-82.382972	13.068719	-25.640007
-82.394290	2.651686	-8.151525
-82.405608	4.627643	-19.797209
-82.416925	2.137238	-22.411350
-82.428243	3.481193	-23.615351
-82.439561	5.923933	-7.991439
-82.450879	3.823698	-30.090153
-82.462197	12.066199	-24.716208
-82.473515	0.981841	-21.774818
-82.484833	14.207551	-20.660315
-82.496151	10.778983	-18.563356
-82.507469	3.220853	-25.083549
-82.518786	9.776508	-15.085756
-82.530104	0.605909	-24.911888
-82.541422	1.864840	-27.983644
-82.552740	5.552807	-28.540211
-82.564058	3.807325	-28.225269
-82.575376	2.396871	-16.149212
-82.586694	0.783163	-11.501607
-82.598012	7.169878	-20.744827
-82.609330	-4.388473	-25.293741
-82.620648	3.244329	-19.669853
-82.631965	-5.009529	-20.962273
-82.643283	1.946759	-17.852547
-82.654601	3.940928	-28.828672
-82.665919	8.340428	-16.666637
-82.677237	-6.212570	-20.040844
-82.688555	1.529633	-19.302307
-82.699873	-3.991616	-24.736233
-82.711191	9.337306	-30.636044
-82.722509	-4.832298	-14.946230
-82.733827	-6.921140	-30.959789
-82.745144	10.902126	-34.144009
-82.756462	-2.369945	-36.060108
-82.767780	-0.044513	-31.395550
-82.779098	-2.865219	-27.677378
-82.790416	-3.736241	-24.533100
-82.801734	1.653641	-27.540489
-82.813052	0.201841	-35.370350
-82.824370	0.310723	-39.555080
-82.835688	-4.658909	-30.898447
-82.847005	-4.811669	-30.016436
-82.858323	-7.188694	-32.573174
-82.869641	-5.956863	-41.667255
-82.880959	-5.198424	-37.790150
-82.892277	-3.030561	-48.527641
-82.903595	-1.213667	-36.964840
-82.914913	-8.728333	-37.872391
-82.926231	-16.183908	-41.875275
-82.937549	-2.184855	-48.988983
-82.948867	-13.922638	-40.940990
-82.960184	-4.609866	-37.907585
-82.971502	-1.918459	-40.771862
-82.982820	-3.566283	-37.717018
-82.994138	-7.017337	-46.185459
-83.005456	10.059651	-53.524902
-83.016774	-6.971467	-45.845123
-83.028092	4.412400	-45.632675
-83.039410	-16.267353	-56.322414
-83.050728	-5.878168	-57.742313
-83.062046	-10.471803	-53.062061
-83.073363	-5.283752	-60.616943
-83.084681	-14.406532	-59.795246
-83.095999	-24.701984	-63.911201
-83.107317	-12.998028	-68.000496
-83.118635	-12.869380	-75.345810
-83.129953	-21.760174	-68.759804
-83.141271	-23.718466	-74.154907
-83.152589	-21.937586	-80.560883
-83.163907	-20.197573	-96.028893
-83.175224	-16.701895	-86.425575
-83.186542	-20.106606	-98.237740
-83.197860	-28.881950	-92.541420
-83.209178	-29.195948	-109.983543
-83.220496	-31.996599	-120.377296
-83.231814	-29.559916	-126.570831
-83.243132	-25.868114	-132.689346
-83.254450	-30.024054	-139.356857
-83.265768	-33.692654	-151.047165
-83.277086	-22.416321	-168.156799
-83.288403	-28.906916	-176.404800
-83.299721	-22.915356	-194.645538
-83.311039	-13.752487	-201.660980
-83.322357	-15.139329	-224.470825
-83.333675	6.700869	-243.764664
-83.344993	11.775597	-265.098236
-83.356311	21.942593	-281.860016
-83.367629	40.212669	-301.769501
-83.378947	47.490433	-312.514862
-83.390265	75.894005	-357.396881
-83.401582	93.598206	-381.011017
-83.412900	141.587143	-409.452118
-83.424218	178.680298	-433.707764
-83.435536	236.282043	-473.080933
-83.446854	318.794739	-497.654053
-83.458172	407.432068	-501.504089
-83.469490	521.983032	-485.807831
-83.480808	643.507690	-428.938538
-83.492126	733.797668	-316.507660
-83.503444	792.192200	-185.873932
-83.514761	801.082642	-53.369995
-83.526079	767.909668	49.198776
-83.537397	724.792786	145.413025
-83.548715	678.680664	215.755341
-83.560033	626.824951	293.757050
-83.571351	566.872070	345.307892
-83.582669	485.649475	351.604431
-83.593987	433.506439	352.527557
-83.605305	384.344208	333.393616
-83.616622	375.181305	290.400513
-83.627940	393.260406	286.978485
-83.639258	423.838623	305.703369
-83.650576	453.205780	364.514099
-83.661894	450.699005	425.397461
-83.673212	435.253021	494.642303
-83.684530	386.348663	570.332764
-83.695848	332.420471	620.639343
-83.707166	271.187988	687.129517
-83.718484	168.556488	739.806824
-83.729801	50.633526	764.082642
-83.741119	-73.554550	752.341980
-83.752437	-178.260605	698.392456
-83.763755	-279.612427	624.982788
-83.775073	-334.972809	525.309998
-83.786391	-350.240753	436.473846
-83.797709	-361.252136	369.977570
-83.809027	-353.138123	310.010406
-83.820345	-346.888641	265.873657
-83.831663	-330.512512	229.582779
-83.842980	-313.327484	181.711441
-83.854298	-306.686005	161.266098
-83.865616	-289.982635	119.791916
-83.876934	-267.220245	99.972618
-83.888252	-248.042023	75.590958
-83.899570	-210.327408	70.432579
-83.910888	-183.088989	73.155975
-83.922206	-187.868393	81.943825
-83.933524	-192.854263	90.600761
-83.944841	-195.074265	76.530121
-83.956159	-194.276596	69.771187
-83.967477	-202.903198	53.548389
-83.978795	-210.149597	41.805199
-83.990113	-200.420197	12.757373
-84.001431	-192.608398	-8.656260
-84.012749	-163.021179	-18.796921
-84.024067	-143.079636	-20.297995
-84.035385	-151.271286	-31.993376
-84.046703	-112.403725	-21.511013
-84.058020	-112.616814	-6.110380
-84.069338	-100.433754	4.969343
-84.080656	-102.131485	5.848898
-84.091974	-106.211800	9.747883
-84.103292	-118.654678	30.476185
-84.114610	-147.949112	28.850065
-84.125928	-168.210876	0.609298
-84.137246	-158.819519	-21.563793
-84.148564	-144.436203	-41.563519
-84.159882	-124.873695	-30.961170
-84.171199	-127.890747	-38.358112
-84.182517	-128.230713	-58.068230
-84.193835	-117.395432	-43.745678
-84.205153	-108.234764	-54.611355
-84.216471	-106.499779	-50.953926
-84.227789	-108.136581	-52.191452
-84.239107	-88.017296	-65.046402
-84.250425	-89.498085	-62.331806
-84.261743	-83.533432	-69.333740
-84.273060	-78.488686	-66.190475
-84.284378	-63.889000	-63.381935
-84.295696	-59.117085	-61.457962
-84.307014	-57.835484	-46.114613
-84.318332	-55.527714	-57.119167
-84.329650	-62.074894	-44.254723
-84.340968	-64.577194	-50.115398
-84.352286	-57.271950	-60.539200
-84.363604	-62.719208	-50.255508
-84.374922	-51.297424	-50.635086
-84.386239	-61.524525	-51.006199
-84.397557	-55.474705	-50.585960
-84.408875	-60.030014	-52.937786
-84.420193	-51.565845	-44.225483
-84.431511	-61.175728	-45.267910
-84.442829	-58.705276	-37.756855
-84.454147	-57.810734	-43.246716
-84.465465	-56.776398	-39.698273
-84.476783	-58.424934	-46.689877
-84.488101	-57.222931	-42.079075
-84.499418	-58.275425	-40.188618
-84.510736	-61.193966	-36.639019
-84.522054	-49.725609	-34.531254
-84.533372	-52.903996	-41.936020
-84.544690	-57.497093	-39.431896
-84.556008	-63.352768	-30.857035
-84.567326	-65.329613	-38.593040
-84.578644	-76.543823	-38.823769
-84.589962	-81.176735	-56.614803
-84.601280	-62.108353	-56.959625
-84.612597	-68.830788	-44.878502
-84.623915	-77.567284	-61.000710
-84.635233	-75.503105	-58.802711
-84.646551	-65.792755	-58.085327
-84.657869	-63.108398	-69.284233
-84.669187	-63.629726	-65.197113
-84.680505	-62.573200	-62.210876
-84.691823	-64.826241	-59.177608
-84.703141	-71.157516	-54.456779
-84.714458	-71.636307	-67.682625
-84.725776	-78.771011	-65.183197
-84.737094	-64.227028	-64.139854
-84.748412	-66.634995	-64.003128
-84.759730	-61.525135	-72.766724
-84.771048	-66.609093	-64.156166
-84.782366	-68.180679	-77.272385
-84.793684	-69.298096	-77.555840
-84.805002	-72.094910	-71.299202
-84.816320	-72.064026	-70.801605
-84.827637	-77.201469	-74.647324
-84.838955	-70.290680	-66.230759
-84.850273	-76.562561	-68.151779
-84.861591	-79.968353	-68.462654
-84.872909	-81.487709	-71.545532
-84.884227	-80.606461	-82.481667
-84.895545	-84.016968	-71.017593
-84.906863	-86.943359	-72.289360
-84.918181	-80.409500	-80.625137
-84.929499	-96.681854	-85.444107
-84.940816	-90.386345	-92.933617
-84.952134	-88.105431	-87.346542
-84.963452	-94.469757	-88.506752
-84.974770	-84.268356	-90.334663
-84.986088	-93.891457	-86.281555
-84.997406	-87.110474	-95.065796
-85.008724	-90.688766	-96.298836
-85.020042	-85.385330	-95.669609
-85.031360	-93.765617	-93.187210
-85.042677	-104.160088	-86.291336
-85.053995	-111.146774	-94.901894
-85.065313	-106.170570	-94.626648
-85.076631	-106.673042	-105.415359
-85.087949	-102.221390	-99.321693
-85.099267	-120.873276	-96.196388
-85.110585	-117.830421	-105.626892
-85.121903	-134.913422	-101.522446
-85.133221	-135.402557	-116.682983
-85.144539	-126.491203	-96.539139
-85.155856	-137.677841	-103.453644
-85.167174	-129.917053	-109.909233
-85.178492	-146.895813	-108.030022
-85.189810	-157.800522	-119.491455
-85.201128	-155.012161	-126.477852
-85.212446	-161.850555	-134.265259
-85.223764	-158.371536	-136.512222
-85.235082	-167.942947	-146.300583
-85.246400	-176.090881	-143.886414
-85.257718	-177.660416	-159.000198
-85.269035	-190.424271	-156.943497
-85.280353	-178.146469	-168.827866
-85.291671	-194.651215	-163.532150
-85.302989	-188.423157	-169.547699
-85.314307	-204.746002	-167.983627
-85.325625	-218.573715	-181.010147
-85.336943	-218.431381	-193.334900
-85.348261	-231.381653	-201.505173
-85.359579	-225.929016	-211.519226
-85.370896	-230.644974	-221.684952
-85.382214	-225.397797	-239.191452
-85.393532	-215.922424	-245.671585
-85.404850	-216.657532	-230.134201
-85.416168	-215.768021	-218.434372
-85.427486	-234.960876	-201.071030
-85.438804	-266.556580	-191.840485
-85.450122	-282.399750	-202.123703
-85.461440	-305.462189	-210.245361
-85.472758	-345.328156	-234.259644
-85.484075	-353.082794	-261.778564
-85.495393	-372.683350	-291.288544
-85.506711	-364.493073	-318.677582
-85.518029	-367.874542	-316.985413
-85.529347	-374.583649	-320.576050
-85.540665	-380.672791	-318.511627
-85.551983	-405.235901	-322.006927
-85.563301	-418.730255	-319.656219
-85.574619	-465.281128	-326.932434
-85.585937	-491.004272	-326.943085
-85.597254	-536.535583	-337.088318
-85.608572	-585.670959	-363.000946
-85.619890	-635.944153	-405.420227
-85.631208	-675.425598	-445.981689
-85.642526	-694.348206	-494.900482
-85.653844	-713.067749	-543.939270
-85.665162	-740.038208	-561.990601
-85.676480	-766.819336	-591.956238
-85.687798	-804.135681	-613.957520
-85.699116	-855.722473	-654.884949
-85.710433	-912.028687	-676.102234
-85.721751	-969.454468	-731.170410
-85.733069	-1040.054932	-774.024170
-85.744387	-1115.321045	-818.873413
-85.755705	-1199.609253	-870.123901
-85.767023	-1287.019287	-947.557068
-85.778341	-1386.840088	-1021.851196
-85.789659	-1506.074219	-1115.119995
-85.800977	-1642.576294	-1207.705200
-85.812294	-1788.141113	-1330.577393
-85.823612	-1991.780640	-1450.834106
-85.834930	-2201.367188	-1636.973267
-85.846248	-2438.291260	-1835.286377
-85.857566	-2741.536377	-2077.674072
-85.868884	-3132.847656	-2442.170166
-85.880202	-3519.481201	-2943.415283
-85.891520	-3906.973389	-3602.847168
-85.902838	-4241.109863	-4391.447754
-85.914156	-4603.135254	-5309.182129
-85.925473	-5041.436035	-6419.673340
-85.936791	-5655.347168	-8014.656250
-85.948109	-6179.264648	-10552.953125
-85.959427	-5931.325195	-14352.903320
-85.970745	-3755.155273	-19262.804688
-85.982063	1559.867676	-24157.285156
-85.993381	10533.290039	-26808.167969
-86.004699	21907.738281	-23900.910156
-86.016017	30323.904297	-13343.309570
-86.027335	29265.386719	-282.237579
-86.038652	22299.335938	4929.001953
-86.049970	21325.283203	7083.046387
-86.061288	17269.761719	14433.853516
-86.072606	6916.134766	16304.684570
-86.083924	-866.221375	11439.775391
-86.095242	-3156.873779	2908.053223
-86.106560	872.904175	-3045.363037
-86.117878	3996.750000	-3744.583496
-86.129196	5737.101563	-6799.554199
-86.140513	13289.715820	-8963.571289
-86.151831	20700.830078	-4358.870605
-86.163149	24216.708984	4095.368896
-86.174467	22290.755859	12318.790039
-86.185785	18960.351563	16601.875000
-86.197103	16343.168945	22540.660156
-86.208421	7886.912598	28562.833984
-86.219739	-3534.569580	27451.318359
-86.231057	-11516.950195	19529.789063
-86.242375	-10737.951172	10137.876953
-86.253692	-5600.185059	8608.816406
-86.265010	-7167.016113	10026.227539
-86.276328	-8506.974609	6030.322754
-86.287646	-5932.351563	4483.408691
-86.298964	-5289.182617	4222.646484
-86.310282	-5066.863281	3632.011719
-86.321600	-4689.762695	3185.124756
-86.332918	-4158.223145	2926.589844
-86.344236	-3770.281738	2745.883545
-86.355554	-3499.165527	2641.184082
-86.366871	-3364.604248	2629.462402
-86.378189	-3299.449951	2504.684326
-86.389507	-3216.324707	2389.922119
-86.400825	-3247.012695	2376.838135
-86.412143	-3474.141846	2286.801025
-86.423461	-3728.645752	1906.801147
-86.434779	-3677.691406	1327.192627
-86.446097	-3356.728760	1007.894470
-86.457415	-3230.586426	870.742920
-86.468732	-3131.170898	616.715393
-86.480050	-2924.579102	388.145721
-86.491368	-2698.201416	207.293655
-86.502686	-2477.495117	134.691132
-86.514004	-2326.106689	91.707642
-86.525322	-2176.920898	23.536398
-86.536640	-2028.704834	-36.994617
-86.547958	-1865.808472	-69.112251
-86.559276	-1736.623291	-89.881355
-86.570594	-1619.657715	-66.872917
-86.581911	-1536.639160	-53.920258
-86.593229	-1462.927246	-59.999023
-86.604547	-1411.797729	-46.854492
-86.615865	-1367.655884	-56.798317
-86.627183	-1299.161621	-73.028755
-86.638501	-1243.082397	-84.757141
-86.649819	-1202.788696	-120.404945
-86.661137	-1140.991333	-124.018517
-86.672455	-1077.298340	-131.024780
-86.683773	-1016.883484	-137.939377
-86.695090	-962.966248	-133.942169
-86.706408	-926.822449	-115.881302
-86.717726	-888.208191	-107.508171
-86.729044	-860.673035	-79.580147
-86.740362	-834.802856	-73.284828
-86.751680	-828.039001	-77.981964
-86.762998	-828.244141	-80.109467
-86.774316	-798.503906	-81.058205
-86.785634	-772.250732	-107.766594
-86.796952	-754.777893	-132.969376
-86.808269	-718.401794	-131.849030
-86.819587	-674.027954	-143.242233
-86.830905	-639.337585	-132.009766
-86.842223	-617.539795	-121.871872
-86.853541	-596.252808	-108.154587
-86.864859	-575.096558	-104.040169
-86.876177	-574.790222	-100.115685
-86.887495	-551.885193	-110.116066
-86.898813	-543.748596	-98.141396
-86.910130	-528.949951	-101.002754
-86.921448	-510.458527	-98.942329
-86.932766	-482.452118	-99.016571
-86.944084	-472.825745	-107.300568
-86.955402	-458.849274	-93.828026
-86.966720	-445.647675	-97.243736
-86.978038	-428.466217	-94.167488
-86.989356	-418.921783	-87.047417
-87.000674	-411.331757	-81.925171
-87.011992	-408.584045	-77.818626
-87.023309	-391.870453	-80.541138
-87.034627	-384.953186	-71.771179
-87.045945	-383.658112	-71.462578
-87.057263	-373.038086	-70.343712
-87.068581	-372.344543	-66.945259
-87.079899	-355.879303	-83.432411
-87.091217	-348.019073	-64.141380
-87.102535	-342.944946	-70.636978
-87.113853	-332.966858	-64.589958
-87.125171	-327.979828	-72.433357
-87.136488	-309.908112	-57.590256
-87.147806	-311.702393	-57.285599
-87.159124	-315.328430	-57.633877
-87.170442	-312.256989	-55.252869
-87.181760	-300.482758	-56.925392
-87.193078	-296.111755	-54.272438
-87.204396	-286.467957	-52.749435
-87.215714	-285.958282	-63.996727
-87.227032	-287.062195	-53.964512
-87.238349	-271.472260	-56.129017
-87.249667	-258.150116	-57.290192
-87.260985	-267.247070	-41.084190
-87.272303	-257.901306	-43.445335
-87.283621	-258.505615	-52.789234
-87.294939	-257.309418	-47.266319
-87.306257	-247.975891	-54.802624
-87.317575	-244.334839	-40.605541
-87.328893	-238.898483	-55.683552
-87.340211	-239.518692	-47.425270
-87.351528	-230.412857	-37.791672
-87.362846	-229.914566	-51.535316
-87.374164	-226.547394	-44.504856
-87.385482	-223.190979	-49.557339
-87.396800	-220.548141	-44.256424
-87.408118	-214.965088	-48.609539
-87.419436	-207.240723	-45.256157
-87.430754	-202.483734	-40.322529
-87.442072	-199.418701	-43.588085
-87.453390	-197.148987	-56.250584
-87.464707	-191.441360	-49.006096
-87.476025	-184.945343	-44.616928
-87.487343	-179.737091	-38.182640
-87.498661	-183.752655	-35.384644
-87.509979	-179.110703	-46.815666
-87.521297	-173.425934	-39.274757
-87.532615	-177.835220	-43.565208
-87.543933	-162.969727	-29.258249
-87.555251	-176.241089	-34.272655
-87.566568	-158.957077	-42.580574
-87.577886	-169.950867	-33.151600
-87.589204	-159.946121	-44.496765
-87.600522	-167.378342	-27.053898
-87.611840	-166.314209	-33.658562
-87.623158	-165.332825	-36.012569
-87.634476	-158.908279	-27.614353
-87.645794	-152.541061	-31.524879
-87.657112	-152.383728	-29.644505
-87.668430	-143.741699	-44.230232
-87.679747	-142.925888	-35.967468
-87.691065	-150.245544	-26.594471
-87.702383	-147.327179	-31.383026
-87.713701	-134.000290	-26.401577
-87.725019	-144.033585	-25.833843
-87.736337	-136.823456	-24.363926
-87.747655	-147.213699	-29.285763
-87.758973	-134.845261	-27.503021
-87.770291	-141.101639	-27.218271
-87.781609	-143.206619	-23.858232
-87.792926	-137.821259	-25.852062
-87.804244	-141.518677	-26.727001
-87.815562	-124.941246	-35.848923
-87.826880	-135.219818	-28.260880
-87.838198	-122.529144	-30.756311
-87.849516	-129.718704	-27.625008
-87.860834	-125.208908	-25.748684
-87.872152	-116.059738	-25.151287
-87.883470	-123.689857	-17.906776
-87.894788	-122.567802	-17.044613
-87.906105	-122.314308	-26.437696
-87.917423	-122.762283	-18.470350
-87.928741	-113.368050	-18.946810
-87.940059	-111.438751	-25.524677
-87.951377	-110.222862	-33.453270
-87.962695	-115.789230	-15.270247
-87.974013	-110.650673	-11.953969
-87.985331	-109.296730	-32.506893
-87.996649	-107.531937	-13.425471
-88.007966	-121.871880	-10.608271
-88.019284	-113.840668	-16.339384
-88.030602	-114.476616	-20.004946
-88.041920	-110.821152	-20.660704
-88.053238	-116.467476	-13.921268
-88.064556	-118.268410	-27.976173
-88.075874	-123.716507	-18.730598
-88.087192	-113.877052	-18.891459
-88.098510	-101.538689	-27.470383
-88.109828	-111.420036	-21.848181
-88.121145	-117.285912	-26.964815
-88.132463	-111.845421	-14.050881
-88.143781	-115.005592	-27.759468
-88.155099	-112.239464	-25.073183
-88.166417	-129.394608	-22.791550
-88.177735	-113.118134	-35.053989
-88.189053	-126.288406	-33.480827
-88.200371	-126.922234	-50.643993
-88.211689	-123.017220	-59.812634
-88.223007	-138.574814	-78.941032
-88.234324	-121.697121	-101.745567
-88.245642	-89.930634	-120.529892
-88.256960	-56.100086	-124.273643
-88.268278	-4.975796	-98.717110
-88.279596	7.185899	-46.241035
-88.290914	-4.171243	-36.107681
-88.302232	-11.145276	-6.017943
-88.313550	-23.283089	9.324567
-88.324868	-62.616371	28.823492
-88.336185	-79.855583	14.776719
-88.347503	-104.414886	-18.347755
-88.358821	-90.234253	-31.249748
-88.370139	-79.793083	-35.849136
-88.381457	-66.781578	-69.021881
-88.392775	-36.639648	-80.805969
-88.404093	-4.627728	-65.612907
-88.415411	16.500923	-28.307093
-88.426729	10.427555	2.748465
-88.438047	18.414291	23.280479
-88.449364	11.057203	46.027687
-88.460682	-11.139919	75.899261
-88.472000	-48.037575	84.189011
-88.483318	-102.384056	52.147526
-88.494636	-102.681084	30.658733
-88.505954	-75.351540	31.549938
-88.517272	-88.645737	28.709902
-88.528590	-88.624214	11.214013
-88.539908	-88.076706	11.109322
-88.551226	-80.160774	7.184599
-88.562543	-86.284653	11.763474
-88.573861	-85.839806	1.266045
-88.585179	-78.169571	11.525743
-88.596497	-86.401871	7.118909
-88.607815	-71.826912	-1.176770
-88.619133	-76.192757	1.935328
-88.630451	-71.499367	0.455564
-88.641769	-79.495338	12.356543
-88.653087	-81.919205	0.050769
-88.664404	-74.409134	5.086441
-88.675722	-76.341438	6.818826
-88.687040	-76.813042	1.383727
-88.698358	-77.033676	5.026403
-88.709676	-74.235786	-6.756645
-88.720994	-73.847824	-6.765605
-88.732312	-67.846504	-5.612695
-88.743630	-63.952934	5.603649
-88.754948	-66.211624	8.939134
-88.766266	-73.248207	0.059239
-88.777583	-66.970459	-7.661770
-88.788901	-64.992020	-6.044672
-88.800219	-72.268692	-14.366949
-88.811537	-55.986675	-4.764816
-88.822855	-68.527252	-8.913921
-88.834173	-64.598816	-7.949918
-88.845491	-59.068073	3.033091
-88.856809	-70.025177	-7.443875
-88.868127	-68.641144	-8.486837
-88.879445	-68.042580	-5.492595
-88.890762	-60.087410	-11.777618
-88.902080	-57.790009	-2.252810
-88.913398	-63.554550	-9.334241
-88.924716	-60.001965	-0.404733
-88.936034	-70.377350	-4.471257
-88.947352	-56.095882	-4.324435
-88.958670	-64.371956	-15.348547
-88.969988	-51.597988	-9.018934
-88.981306	-60.997559	-7.895009
-88.992624	-62.920921	-4.276803
-89.003941	-57.481239	-1.274739
-89.015259	-67.354065	2.794873
-89.026577	-57.424255	-2.221031
-89.037895	-54.174164	-1.375909
-89.049213	-58.058830	-5.390123
-89.060531	-58.200207	-14.627614
-89.071849	-54.432896	-5.928441
-89.083167	-45.399292	-1.767889
-89.094485	-62.616646	-1.431697
-89.105802	-48.593521	-11.802168
-89.117120	-61.054623	-2.378024
-89.128438	-57.525848	-1.347135
-89.139756	-54.104233	-5.278882
-89.151074	-59.381973	1.146125
-89.162392	-54.709328	-13.269072
-89.173710	-54.875748	-15.595825
-89.185028	-57.057846	-1.310519
-89.196346	-51.045536	-11.483885
-89.207664	-42.156494	0.967315
-89.218981	-52.747456	-10.952689
-89.230299	-51.408787	-0.794368
-89.241617	-58.694466	-10.846364
-89.252935	-53.281719	-9.825444
-89.264253	-51.748516	-6.450303
-89.275571	-46.703678	-3.372527
-89.286889	-48.999260	-12.513001
-89.298207	-45.454975	-10.905024
-89.309525	-47.090027	-6.146380
-89.320843	-47.501587	-2.779945
-89.332160	-49.397057	-7.977409
-89.343478	-43.297493	1.007967
-89.354796	-51.374947	-6.997542
-89.366114	-41.608181	-5.679984
-89.377432	-46.162113	-1.160765
-89.388750	-50.214676	0.381873
-89.400068	-44.376221	-0.297818
-89.411386	-50.599770	-0.175853
-89.422704	-42.820492	-6.644808
-89.434021	-45.923092	-7.831965
-89.445339	-50.894203	0.503794
-89.456657	-51.092644	-9.102241
-89.467975	-47.500256	12.743990
-89.479293	-45.775318	-6.815387
-89.490611	-56.083023	-5.470824
-89.501929	-44.859325	-3.435100
-89.513247	-53.288818	5.973197
-89.524565	-49.351101	-3.924627
-89.535883	-44.961906	0.382667
-89.547200	-38.903950	0.193190
-89.558518	-48.022980	-12.177977
-89.569836	-47.120541	-0.031517
-89.581154	-41.339794	-7.658879
-89.592472	-41.229557	-4.114226
-89.603790	-45.297035	1.129206
-89.615108	-36.502968	-8.524626
-89.626426	-39.117744	1.767847
-89.637744	-51.477840	-7.473865
-89.649062	-50.750027	-8.612681
-89.660379	-43.972473	-2.629699
-89.671697	-39.144985	-7.635282
-89.683015	-43.910583	0.006057
-89.694333	-40.036022	-8.772165
-89.705651	-39.616924	-7.202858
-89.716969	-43.776638	-1.869893
-89.728287	-35.534008	-7.646689
-89.739605	-43.833172	-11.573386
-89.750923	-39.345879	2.420543
-89.762241	-31.204832	1.834156
-89.773558	-37.220173	-6.276368
-89.784876	-33.953899	-1.127887
-89.796194	-33.974564	-5.613437
-89.807512	-47.428230	-2.938260
-89.818830	-35.281654	-4.774837
-89.830148	-44.322159	-1.473423
-89.841466	-39.298916	-3.269469
-89.852784	-36.050659	-0.364621
-89.864102	-40.670742	1.292403
-89.875419	-43.542179	-8.492317
-89.886737	-38.620296	-3.938264
-89.898055	-34.221680	-5.544009
-89.909373	-38.590569	-1.323780
-89.920691	-40.562202	-1.809446
-89.932009	-34.833965	3.993794
-89.943327	-30.776377	-1.203698
-89.954645	-31.397688	-1.252425
-89.965963	-34.637676	-3.747707
-89.977281	-30.045156	-1.152314
-89.988598	-44.280605	-5.070142
-89.999916	-33.460278	-9.190431
-90.011234	-30.914890	-8.922105
-90.022552	-37.344250	3.848887
-90.033870	-32.031616	0.198041
-90.045188	-32.850063	-8.263567
-90.056506	-31.872084	-9.655607
-90.067824	-34.634575	2.047498
-90.079142	-34.837994	-2.966223
-90.090460	-43.040611	-4.958692
-90.101777	-37.269722	-13.377719
-90.113095	-35.299500	-7.148965
-90.124413	-34.895992	-0.074847
-90.135731	-49.152580	-4.869421
-90.147049	-41.634922	-7.157444
-90.158367	-33.916203	-10.406567
-90.169685	-35.113003	-11.203571
-90.181003	-32.461937	-0.836980
-90.192321	-31.959673	-6.371010
-90.203638	-36.832047	-8.611983
-90.214956	-24.794275	-10.681431
-90.226274	-40.881817	-3.028011
-90.237592	-19.495726	-1.079182
-90.248910	-33.722023	5.798743
-90.260228	-34.975796	-6.065493
-90.271546	-33.395569	-2.416948
-90.282864	-32.126637	3.158632
-90.294182	-26.125013	-5.268129
-90.305500	-33.557587	6.974324
-90.316817	-31.399036	-7.067880
-90.328135	-30.150898	-9.978462
-90.339453	-36.733467	2.390340
-90.350771	-30.245569	5.359087
-90.362089	-29.144379	8.062417
-90.373407	-23.201578	-0.483489
-90.384725	-31.574675	10.714792
-90.396043	-21.369284	-0.699379
-90.407361	-18.880318	-0.237028
-90.418679	-29.237856	-1.200183
-90.429996	-35.894871	2.207926
-90.441314	-20.635487	2.113822
-90.452632	-31.234703	-4.564898
-90.463950	-29.165039	11.497056
-90.475268	-33.196655	5.314933
-90.486586	-30.174639	0.865268
-90.497904	-36.230415	7.623764
-90.509222	-37.576736	-0.073611
-90.520540	-32.944588	-2.315141
-90.531857	-20.638081	-4.763075
-90.543175	-36.035728	-3.658342
-90.554493	-30.872349	7.663532
-90.565811	-39.675220	6.237416
-90.577129	-30.319157	-7.503075
-90.588447	-32.396408	-6.249370
-90.599765	-41.326797	-6.523273
-90.611083	-27.365213	1.985163
-90.622401	-31.034687	-4.604738
-90.633719	-25.024954	1.300036
-90.645036	-21.021355	-0.043359
-90.656354	-26.550035	5.326828
-90.667672	-32.182877	-0.642225
-90.678990	-38.918938	-1.315385
-90.690308	-32.013382	-6.054281
-90.701626	-37.789810	3.791632
-90.712944	-39.065990	-1.094496
-90.724262	-31.690893	0.935854
-90.735580	-35.484505	0.886101
-90.746898	-25.138721	-5.513397
-90.758215	-31.649080	8.692087
-90.769533	-28.327274	-11.731923
-90.780851	-26.349663	-6.425069
-90.792169	-29.520555	-6.746409
-90.803487	-23.949530	-4.378065
-90.814805	-31.249212	-2.295532
-90.826123	-29.050444	1.164802
-90.837441	-23.003956	10.757505
-90.848759	-31.607576	0.130891
-90.860077	-32.365829	1.019771
-90.871394	-37.516891	3.592971
-90.882712	-25.914139	-3.550675
-90.894030	-35.522022	-6.473904
-90.905348	-36.231838	-9.109671
-90.916666	-32.682625	-6.377649
-90.927984	-35.299713	-0.366180
-90.939302	-25.568743	6.085777
-90.950620	-29.247984	-1.646408
-90.961938	-32.503681	1.932488
-90.973255	-28.846077	6.737452
-90.984573	-24.191824	9.611961
-90.995891	-28.316586	-0.422802
-91.007209	-22.316584	-1.532297
-91.018527	-27.766392	-5.830784
-91.029845	-23.342632	3.371576
-91.041163	-25.691164	3.922793
-91.052481	-25.613285	0.025109
-91.063799	-31.516977	10.885697
-91.075117	-36.047649	3.179000
-91.086434	-29.727077	2.791458
-91.097752	-26.397049	0.300338
-91.109070	-33.316509	6.882236
-91.120388	-26.291254	1.393458
-91.131706	-30.437607	-3.488491
-91.143024	-22.280117	-2.381406
-91.154342	-23.073315	6.160503
-91.165660	-18.583910	-2.013139
-91.176978	-12.470963	-2.961496
-91.188296	-27.010254	-12.776114
-91.199613	-26.006647	-0.777102
-91.210931	-27.527157	1.306997
-91.222249	-34.002625	-2.991666
-91.233567	-33.239288	-2.597788
-91.244885	-32.306198	8.022620
-91.256203	-14.162327	-0.643937
-91.267521	-20.435057	-8.672438
-91.278839	-32.434521	-1.041939
-91.290157	-33.042252	6.205551
-91.301474	-26.395823	1.970303
-91.312792	-24.478319	-10.551534
-91.324110	-33.932934	0.332636
-91.335428	-28.461409	2.509519
-91.346746	-32.844727	0.510985
-91.358064	-27.204897	-10.741499
-91.369382	-20.383707	-8.876647
-91.380700	-24.184589	0.286419
-91.392018	-20.675348	4.196710
-91.403336	-14.820026	-4.078911
-91.414653	-31.777384	-7.304798
-91.425971	-23.781475	-0.770500
-91.437289	-16.373161	1.221565
-91.448607	-26.231691	-1.256522
-91.459925	-25.740149	2.532089
-91.471243	-24.375790	1.448279
-91.482561	-24.419134	-4.914531
-91.493879	-22.813152	0.406114
-91.505197	-25.215591	2.010395
-91.516515	-16.732441	4.736176
-91.527832	-25.467329	-3.328753
-91.539150	-21.341749	-3.985745
-91.550468	-15.193073	-4.082119
-91.561786	-21.594913	-3.095487
-91.573104	-28.184881	-2.890107
-91.584422	-22.283484	-3.867991
-91.595740	-32.956421	6.456065
-91.607058	-24.719114	6.009886
-91.618376	-25.951105	2.247469
-91.629693	-30.612192	-6.883536
-91.641011	-27.248878	2.538465
-91.652329	-24.409374	-1.334884
-91.663647	-33.710873	4.976718
-91.674965	-26.354568	-10.184415
-91.686283	-17.197647	-2.200169
-91.697601	-15.143632	4.007645
-91.708919	-19.067942	-2.603397
-91.720237	-27.831940	-0.728482
-91.731555	-25.536743	2.227684
-91.742872	-20.564425	-0.800500
-91.754190	-25.411911	-7.535419
-91.765508	-17.487965	-8.712315
-91.776826	-13.018433	2.771716
-91.788144	-18.144070	0.449875
-91.799462	-21.659723	4.051316
-91.810780	-17.069527	-10.677134
-91.822098	-14.481593	-0.258287
-91.833416	-22.335503	2.296536
-91.844734	-20.678381	-0.254903
-91.856051	-17.959339	3.907477
-91.867369	-19.516848	1.961705
-91.878687	-11.137396	-0.121520
-91.890005	-25.006714	5.462438
-91.901323	-16.548626	3.785150
-91.912641	-25.208858	2.243614
-91.923959	-19.314688	-3.196882
-91.935277	-33.778030	-3.031936
-91.946595	-24.470716	-5.646134
-91.957913	-23.002483	6.390839
-91.969230	-19.031702	10.299266
-91.980548	-23.102638	2.113336
-91.991866	-25.299006	-1.523213
-92.003184	-32.196495	-5.166070
-92.014502	-13.661182	-1.537551
-92.025820	-36.334110	13.547442
-92.037138	-26.921188	-5.504549
-92.048456	-19.600101	6.086180
-92.059774	-23.010887	5.358737
-92.071091	-26.851555	0.384666
-92.082409	-22.076975	4.890766
-92.093727	-30.489618	3.337896
-92.105045	-23.476891	-3.203477
-92.116363	-22.223173	-5.840188
-92.127681	-16.974535	-8.340940
-92.138999	-23.015223	-3.505075
-92.150317	-26.622452	4.669933
-92.161635	-15.231784	4.891157
-92.172953	-16.089802	-0.781712
-92.184270	-21.649704	1.113105
-92.195588	-24.004955	0.219757
-92.206906	-23.621796	-5.140024
-92.218224	-25.013880	5.558219
-92.229542	-22.581121	-4.336929
-92.240860	-12.274703	-8.167171
-92.252178	-24.104204	2.935259
-92.263496	-27.642481	-6.950138
-92.274814	-19.258364	0.227815
-92.286132	-22.101988	-8.814384
-92.297449	-26.972235	-5.413855
-92.308767	-14.918300	0.995315
-92.320085	-18.417660	-10.001858
-92.331403	-24.357628	-7.397239
-92.342721	-22.324495	-0.866239
-92.354039	-24.266550	-1.113203
-92.365357	-27.709194	7.511716
-92.376675	-25.384418	-1.053231
-92.387993	-25.570137	-1.139474
-92.399310	-28.082659	-9.154819
-92.410628	-22.540340	-8.227516
-92.421946	-19.980206	-0.013790
-92.433264	-22.500824	-2.979000
-92.444582	-21.077171	-0.364656
-92.455900	-29.213875	-4.814725
-92.467218	-13.159999	-4.452634
-92.478536	-11.329989	0.451123
-92.489854	-18.244522	-10.308857
-92.501172	-26.008410	0.100593
-92.512489	-16.667885	1.019069
-92.523807	-15.604650	-4.899108
-92.535125	-18.804005	-6.105005
-92.546443	-20.886864	3.262949
-92.557761	-15.992988	-9.923755
-92.569079	-21.267860	-10.423301
-92.580397	-11.303554	3.399922
-92.591715	-27.341305	1.346340
-92.603033	-13.135536	-0.866321
-92.614351	-21.521824	-3.419713
-92.625668	-16.431923	-2.180473
-92.636986	-7.926361	1.773300
-92.648304	-23.274242	-5.544449
-92.659622	-14.762959	-1.590179
-92.670940	-20.403812	5.799603
-92.682258	-21.178818	-1.546719
-92.693576	-18.445829	-1.608803
-92.704894	-14.117224	3.086281
-92.716212	-15.103793	-12.534899
-92.727529	-19.515684	-6.526946
-92.738847	-9.033067	-6.059421
-92.750165	-9.583543	-1.665903
-92.761483	-17.129564	-7.377221
-92.772801	-18.684370	-0.416600
-92.784119	-24.807291	4.495672
-92.795437	-15.936728	1.736110
-92.806755	-1.894289	-2.112726
-92.818073	-24.070992	0.605600
-92.829391	-15.015307	6.074743
-92.840708	-11.710853	-4.805678
-92.852026	-17.514034	-1.847342
-92.863344	-14.109485	-7.313435
-92.874662	-13.489223	-0.841978
-92.885980	-14.014318	2.160760
-92.897298	-23.723831	-0.155416
-92.908616	-24.955584	3.848355
-92.919934	-19.056740	-14.400619
-92.931252	-25.867723	-5.074777
-92.942570	-22.095413	-5.438759
-92.953887	-22.712828	2.770343
-92.965205	-17.802963	-6.095999
-92.976523	-8.905069	-2.937101
-92.987841	-24.491344	-3.924843
-92.999159	-12.630389	-2.430925
-93.010477	-14.383217	4.548116
-93.021795	-8.708041	-6.107696
-93.033113	-15.637440	-7.645354
-93.044431	-16.950966	-2.216041
-93.055749	-10.903268	-1.815493
-93.067066	-10.799998	-2.587881
-93.078384	-16.652313	-2.922834
-93.089702	-27.816618	-1.305459
-93.101020	-11.975970	4.927673
-93.112338	-33.069950	10.136056
-93.123656	-9.047668	-2.664596
-93.134974	-21.780903	-1.761015
-93.146292	-14.663143	1.724931
-93.157610	-21.197063	1.578079
-93.168927	-8.951768	-7.059437
-93.180245	-16.362436	1.959225
-93.191563	-27.217670	-2.633301
-93.202881	-19.645063	-1.749428
-93.214199	-11.272701	-3.743451
-93.225517	-12.969577	-2.674681
-93.236835	-19.384935	-7.340076
-93.248153	-10.470751	-2.201664
-93.259471	-16.574976	0.433637
-93.270789	-20.983103	3.943426
-93.282106	-15.073210	0.488734
-93.293424	-15.230783	10.922067
-93.304742	-24.336357	-6.477375
-93.316060	-19.276281	-1.053677
-93.327378	-16.275431	-0.900210
-93.338696	-11.588049	-4.210775
-93.350014	-14.569876	-3.111640
-93.361332	-18.039721	1.631286
-93.372650	-14.949456	-7.531209
-93.383968	-8.240607	-5.080728
-93.395285	-8.842012	-0.882564
-93.406603	-13.106169	3.022999
-93.417921	-14.183180	2.985508
-93.429239	-17.867464	-6.710217
-93.440557	-15.190165	-7.023191
-93.451875	-13.145030	-2.030171
-93.463193	-20.783136	4.054617
-93.474511	-19.159964	4.822938
-93.485829	-16.045256	-1.614669
-93.497146	-8.154903	0.772127
-93.508464	-0.917872	2.290110
-93.519782	-11.686793	12.923435
-93.531100	-16.627554	-3.661320
-93.542418	-5.023496	-0.282545
-93.553736	-10.078298	-6.337372
-93.565054	-23.085320	1.329264
-93.576372	-11.414524	14.185257
-93.587690	-21.016628	3.779091
-93.599008	-16.124435	13.204095
-93.610325	-12.373059	3.622845
-93.621643	-9.479014	-6.440782
-93.632961	-16.429665	3.530013
-93.644279	-15.513879	4.885851
-93.655597	-16.628344	3.211390
-93.666915	-19.694750	-6.301087
-93.678233	-11.877299	4.904084
-93.689551	-23.148417	4.346338
-93.700869	-12.713650	-1.211874
-93.712187	-9.117597	-7.530200
-93.723504	-17.194456	-1.110569
-93.734822	-17.178228	5.683601
-93.746140	-14.440516	6.713374
-93.757458	-15.901950	-3.130467
-93.768776	-15.248105	5.878015
-93.780094	-17.770376	9.452603
-93.791412	-11.972829	3.307303
-93.802730	-19.539438	-1.416842
-93.814048	-21.660255	-1.472877
-93.825365	-17.383951	5.182172
-93.836683	-13.473170	0.812689
-93.848001	-23.584316	1.995708
-93.859319	-22.391045	-1.084031
-93.870637	-15.587015	-3.960498
-93.881955	-13.393943	-4.390100
-93.893273	-13.001378	-9.313248
-93.904591	-12.374965	2.626050
-93.915909	-11.052073	4.993670
-93.927227	-23.134993	-5.823019
-93.938544	-11.374954	-0.542081
-93.949862	-13.450822	-3.374853
-93.961180	-16.982435	-2.155696
-93.972498	-12.446505	2.627460
-93.983816	-22.305124	2.042890
-93.995134	-16.895109	1.562911
-94.006452	-20.391356	-12.888542
-94.017770	-8.330814	-5.376871
-94.029088	-8.320841	-4.353759
-94.040406	-26.662491	4.763082
-94.051723	-16.760231	1.310947
-94.063041	-8.813578	-1.069440
-94.074359	-18.993999	7.120177
-94.085677	-19.089663	-0.909283
-94.096995	-19.612356	-4.159916
-94.108313	-6.996054	1.892719
-94.119631	-14.937084	-4.947444
-94.130949	-14.817005	-6.086417
-94.142267	-8.576140	-0.645498
-94.153585	-14.851748	-10.449795
-94.164902	-5.785324	1.026640
-94.176220	-15.234402	-8.260062
-94.187538	-16.870836	-5.055115
-94.198856	-25.406977	0.439341
-94.210174	-6.586076	-1.259996
-94.221492	-21.347361	-5.456390
-94.232810	-16.475492	6.226872
-94.244128	-15.977628	5.125159
-94.255446	-17.015104	3.009394
-94.266763	-16.101099	8.577770
-94.278081	-14.237123	-7.248906
-94.289399	-18.065151	-11.825362
-94.300717	-6.036340	0.454358
-94.312035	-16.547874	3.074027
-94.323353	-12.428428	-3.296331
-94.334671	-9.428809	1.608716
-94.345989	-17.541317	-2.524734
-94.357307	-18.447275	-0.682833
-94.368625	-9.448835	-4.085319
-94.379942	-19.549408	0.019546
-94.391260	-14.813264	-5.972341
-94.402578	-13.439477	-4.037918
-94.413896	-6.605140	-2.424865
-94.425214	-16.423510	9.772586
-94.436532	-17.211500	-5.185371
-94.447850	-14.162196	10.034436
-94.459168	-8.158269	-2.050615
-94.470486	-12.376706	-16.269480
-94.481804	-11.337268	0.639243
-94.493121	-8.460349	-2.427288
-94.504439	-15.301575	3.555795
-94.515757	-15.977347	4.514099
-94.527075	-8.429088	-1.829144
-94.538393	-17.705547	6.744627
-94.549711	-8.146654	-2.753212
-94.561029	-13.740746	-1.021879
-94.572347	-9.775151	-4.456494
-94.583665	-2.404847	-0.625194
-94.594982	-12.517751	0.899346
-94.606300	-14.576836	-6.720212
-94.617618	-18.416620	3.195586
-94.628936	-14.015411	-3.587805
-94.640254	-16.878435	1.131259
-94.651572	-14.908891	-3.138697
-94.662890	-15.552649	-2.064490
-94.674208	-8.253063	3.625378
-94.685526	-24.148666	-2.261230
-94.696844	-8.324024	-2.555228
-94.708161	-3.827384	1.179257
-94.719479	-6.597330	-4.504423
-94.730797	-17.417189	-4.168519
-94.742115	-15.949142	-8.541491
-94.753433	-6.003953	-9.244573
-94.764751	-17.233364	6.057921
-94.776069	-9.058728	-3.449845
-94.787387	-7.368249	-4.987594
-94.798705	-13.180605	-7.845563
-94.810023	-14.211743	-3.356375
-94.821340	-17.653698	2.336055
-94.832658	-17.844261	-2.413532
-94.843976	-8.909808	0.814261
-94.855294	-23.034372	-1.560910
-94.866612	-15.060022	2.918902
-94.877930	-7.841247	-5.759403
-94.889248	-14.725921	-13.923201
-94.900566	-11.273698	4.609534
-94.911884	-10.498966	-2.601827
-94.923201	-14.810070	5.030902
-94.934519	-21.505260	-2.841465
-94.945837	-13.807188	-2.002104
-94.957155	-3.854474	1.471058
-94.968473	-4.315891	-12.246984
-94.979791	-5.907917	-2.840401
-94.991109	-4.206877	-0.513989
-95.002427	-15.785937	-1.944503
-95.013745	-8.151237	-5.116194
-95.025063	-15.788763	-9.412623
-95.036380	-15.830322	-0.815526
-95.047698	-7.737364	-4.115852
-95.059016	-10.990410	6.226607
-95.070334	-8.420055	7.926032
-95.081652	-12.438740	-2.491552
-95.092970	-4.274576	-8.305301
-95.104288	-8.983006	-10.873880
-95.115606	-7.245420	-13.897197
-95.126924	-17.408083	-10.035344
-95.138242	-16.873226	-3.202161
-95.149559	-6.757253	4.588477
-95.160877	-20.892733	-3.496522
-95.172195	-8.236739	-2.604854
-95.183513	-7.925710	-7.393800
-95.194831	-13.468138	-4.506633
-95.206149	-18.157084	-10.917767
-95.217467	-12.262300	-2.572734
-95.228785	0.696139	-2.758941
-95.240103	-4.948260	-3.778243
-95.251421	-15.322818	-2.971044
-95.262738	-12.898101	-6.444788
-95.274056	-15.304922	-9.707927
-95.285374	-10.213810	-3.244268
-95.296692	-16.318029	0.938913
-95.308010	-11.604723	-8.957104
-95.319328	-13.028547	-4.201326
-95.330646	-9.579265	-1.084139
-95.341964	-9.422359	-10.985448
-95.353282	-3.415361	1.869573
-95.364599	-7.342019	-1.699578
-95.375917	-17.667728	-13.919362
-95.387235	-11.146776	-7.032354
-95.398553	-20.829552	7.756866
-95.409871	-8.109221	6.343708
-95.421189	-24.707684	-3.561944
-95.432507	-13.131401	-3.690521
-95.443825	-8.727202	-1.444518
-95.455143	-10.132524	-1.016056
-95.466461	-17.156191	2.451376
-95.477778	-0.963480	-2.551302
-95.489096	-15.064210	1.981924
-95.500414	-8.365669	0.365483
-95.511732	-8.701903	-4.551276
-95.523050	-13.970259	-5.375928
-95.534368	-15.309514	-4.610007
-95.545686	-17.725216	-5.736558
-95.557004	-13.180597	-4.575408
-95.568322	-13.832871	3.429816
-95.579640	-8.295150	-5.113176
-95.590957	-14.722119	1.238609
-95.602275	-4.291520	-0.951967
-95.613593	-8.974864	-4.528192
-95.624911	-6.966708	-4.944569
-95.636229	-14.154251	0.289080
-95.647547	-10.299824	-1.008777
-95.658865	-5.932218	1.509727
-95.670183	-3.732531	4.213783
-95.681501	-0.129999	2.871886
-95.692818	-15.226724	6.228681
-95.704136	-14.143328	-5.499912
-95.715454	-10.644331	-4.978211
-95.726772	-2.856845	-13.711920
-95.738090	2.561358	-7.449277
-95.749408	-11.843559	7.282303
-95.760726	-10.222000	-12.789775
-95.772044	-7.182688	0.992166
-95.783362	-10.540499	3.695938
-95.794680	-12.157784	-5.403743
-95.805997	-7.283052	-2.589073
-95.817315	-15.671229	-4.365742
-95.828633	-7.945136	1.070445
-95.839951	-11.838092	-6.926270
-95.851269	-11.496326	2.396387
-95.862587	-6.536485	0.288188
-95.873905	-2.517158	-7.275427
-95.885223	-11.332151	-9.181869
-95.896541	-5.345820	-1.185769
-95.907859	-13.266021	-10.329519
-95.919176	-16.689344	-2.456771
-95.930494	-13.154474	-3.707517
-95.941812	-9.160993	-6.573959
-95.953130	-16.648016	-7.980257
-95.964448	-2.184570	-7.432393
-95.975766	-6.047939	1.642343
-95.987084	-12.826074	-10.653861
-95.998402	-24.098766	-6.386397
-96.009720	-19.335985	-9.456509
-96.021038	-10.344821	-3.201323
-96.032355	-11.310459	-0.221971
-96.043673	-3.167359	1.589956
-96.054991	-8.194313	-1.820598
-96.066309	-16.047926	-1.911128
-96.077627	-11.418077	-10.971918
-96.088945	-11.799160	-1.378274
-96.100263	-7.309963	-11.428276
-96.111581	-17.655422	-4.119237
-96.122899	-2.959090	-1.891892
-96.134216	-8.799440	-2.403542
-96.145534	-17.017574	-7.142789
-96.156852	-10.675223	-1.093134
-96.168170	-9.451686	-10.390226
-96.179488	1.430287	-14.352346
-96.190806	-12.658801	-11.224370
-96.202124	-10.115234	-8.522417
-96.213442	-4.479832	-3.887027
-96.224760	-12.364330	-8.377676
-96.236078	-13.599518	-20.683058
-96.247395	-2.825907	-0.404432
-96.258713	-12.916815	-11.820690
-96.270031	-10.587814	-1.065389
-96.281349	-13.511486	-11.124416
-96.292667	-8.692510	3.678799
-96.303985	-3.417956	0.860342
-96.315303	-11.188064	-9.694970
-96.326621	-14.929611	-14.949005
-96.337939	-4.460038	-15.717156
-96.349257	-9.101986	-6.224447
-96.360574	-10.430468	-5.737389
-96.371892	-6.208974	-12.095653
-96.383210	-19.593853	-5.649393
-96.394528	-9.097209	-14.406584
-96.405846	-10.610570	-19.942307
-96.417164	-13.959313	-4.453011
-96.428482	-20.852064	-7.308670
-96.439800	-21.778982	-13.421746
-96.451118	-13.088944	2.623600
-96.462435	-4.838807	-9.517646
-96.473753	-14.692537	-16.517036
-96.485071	-12.342660	-6.093375
-96.496389	-13.803003	-9.385983
-96.507707	-12.022058	-11.856236
-96.519025	-22.712152	-19.057169
-96.530343	-4.411287	-12.770536
-96.541661	-16.568680	-8.190007
-96.552979	-4.563330	-4.705415
-96.564297	-18.606071	-8.092668
-96.575614	-8.576582	-21.934963
-96.586932	-7.202567	-13.697766
-96.598250	-5.184766	-22.597752
-96.609568	-9.425722	-18.705629
-96.620886	-11.839022	-10.429748
-96.632204	-15.211699	-12.317104
-96.643522	-6.027013	-22.843534
-96.654840	-8.822399	-16.362572
-96.666158	3.500582	-17.589731
-96.677476	-2.081068	-10.808381
-96.688793	-8.418750	-16.523083
-96.700111	-2.354172	-18.035992
-96.711429	-4.788982	-10.079072
-96.722747	-5.937721	-14.004878
-96.734065	-11.250803	-8.758440
-96.745383	-10.308417	-21.303295
-96.756701	-8.351893	-18.563246
-96.768019	-13.402838	-15.555733
-96.779337	-0.475813	-9.464176
-96.790654	-18.103636	-13.740700
-96.801972	-12.897943	-25.479967
-96.813290	-8.764190	-12.174820
-96.824608	-9.456062	-13.157528
-96.835926	-8.410035	-16.612146
-96.847244	-17.790262	-13.712071
-96.858562	-10.772122	-23.923222
-96.869880	-13.593820	-15.670443
-96.881198	-7.268767	-14.273758
-96.892516	-7.269673	-19.501329
-96.903833	-7.097661	-19.487284
-96.915151	-14.314730	-25.199854
-96.926469	-8.271303	-23.575804
-96.937787	-2.468381	-18.841404
-96.949105	-14.971422	-36.165123
-96.960423	-13.990979	-19.300322
-96.971741	-6.170708	-21.642561
-96.983059	-12.114598	-23.948656
-96.994377	-13.163101	-27.485289
-97.005695	-6.379061	-23.582859
-97.017012	-11.770374	-31.832432
-97.028330	-9.819291	-35.229229
-97.039648	-11.758972	-27.745321
-97.050966	-8.427422	-31.205055
-97.062284	-7.798358	-33.614399
-97.073602	-8.059508	-48.406143
-97.084920	-3.075173	-43.713120
-97.096238	-10.062610	-45.987305
-97.107556	-12.112163	-39.739723
-97.118874	-2.917749	-50.157883
-97.130191	-16.441080	-48.805996
-97.141509	-12.299132	-55.103252
-97.152827	-8.285369	-46.622700
-97.164145	-0.438934	-50.360291
-97.175463	4.938271	-60.411827
-97.186781	-1.271977	-65.271133
-97.198099	-6.281263	-70.563049
-97.209417	2.284786	-81.812904
-97.220735	1.917868	-94.077133
-97.232052	7.880912	-97.628998
-97.243370	14.637280	-93.810028
-97.254688	23.702162	-119.448563
-97.266006	38.667698	-132.099579
-97.277324	61.793785	-155.265152
-97.288642	108.487938	-161.316727
-97.299960	150.467010	-171.543396
-97.311278	230.973953	-139.686310
-97.322596	286.099915	-59.709911
-97.333914	283.321838	65.362473
-97.345231	174.862000	159.523743
-97.356549	58.890862	98.778900
-97.367867	113.231766	29.967112
-97.379185	108.622650	113.131386
-97.390503	62.745495	65.318779
-97.401821	71.099930	69.386223
-97.413139	46.263794	72.453552
-97.424457	53.739780	59.661674
-97.435775	55.204720	60.452679
-97.447093	47.527275	61.770634
-97.458410	47.790966	62.816990
-97.469728	25.781498	68.394058
-97.481046	43.203564	59.864227
-97.492364	26.116051	51.586349
-97.503682	30.211452	60.003181
-97.515000	42.437496	64.980255
-97.526318	33.523075	59.695431
-97.537636	28.611897	61.051151
-97.548954	19.383427	51.863632
-97.560271	19.459873	49.553787
-97.571589	19.905302	52.674892
-97.582907	13.700768	54.781353
-97.594225	8.708502	47.350586
-97.605543	5.526106	50.649799
-97.616861	-3.012838	46.138348
-97.628179	7.170551	49.564434
-97.639497	7.253942	54.290829
-97.650815	-3.415989	35.507359
-97.662133	-3.762428	36.593887
-97.673450	-3.918218	26.282610
-97.684768	3.558181	32.558151
-97.696086	-5.013710	36.897583
-97.707404	2.981715	39.164688
-97.718722	-4.708760	32.176987
-97.730040	-2.542391	31.147543
-97.741358	-2.584730	34.504505
-97.752676	-3.226493	28.056702
-97.763994	-10.635814	44.103756
-97.775312	-3.852308	37.410801
-97.786629	2.504097	35.789249
-97.797947	-6.234241	28.391407
-97.809265	-6.343539	41.186928
-97.820583	1.725150	28.346802
-97.831901	-0.333614	21.511717
-97.843219	-7.795287	23.537970
-97.854537	-1.988221	25.067999
-97.865855	-5.092991	24.865744
-97.877173	-5.241660	29.810484
-97.888490	-3.061302	23.604725
-97.899808	-12.409553	20.294550
-97.911126	6.360820	17.183441
-97.922444	-12.879392	20.178204
-97.933762	-10.713605	12.811753
-97.945080	-5.180454	17.859196
-97.956398	0.437155	21.832674
-97.967716	-4.761344	19.976652
-97.979034	-14.831888	25.098993
-97.990352	-14.843319	17.710033
-98.001669	-6.194192	29.015383
-98.012987	-20.332109	19.676624
-98.024305	-1.816206	20.520452
-98.035623	-9.222864	19.685617
-98.046941	-7.203448	16.167969
-98.058259	-2.678878	20.966560
-98.069577	-2.214980	9.016945
-98.080895	-5.775692	10.587237
-98.092213	-6.133233	21.308125
-98.103531	-5.722502	14.746710
-98.114848	-15.345498	14.067339
-98.126166	-11.787321	6.685386
-98.137484	-8.401665	18.151539
-98.148802	-10.551484	16.538074
-98.160120	-10.908923	17.803686
-98.171438	-9.338796	18.429087
-98.182756	-9.543251	19.427240
-98.194074	-7.276368	15.201233
-98.205392	-2.237664	5.804379
-98.216710	-8.415491	11.622663
-98.228027	-17.041061	16.893702
-98.239345	-13.662888	9.279314
-98.250663	0.582062	15.500462
-98.261981	-2.803343	18.040455
-98.273299	-5.099262	9.911771
-98.284617	-10.664988	12.249309
-98.295935	-11.821538	15.925959
-98.307253	2.373642	14.205049
-98.318571	-6.721498	20.004702
-98.329888	-5.379718	17.712893
-98.341206	-4.480628	18.564871
-98.352524	-6.400333	20.390656
-98.363842	-11.772862	16.891951
-98.375160	-2.684436	8.112723
-98.386478	-16.647099	13.304580
-98.397796	-7.272089	24.563694
-98.409114	-9.088656	9.576451
-98.420432	-9.412904	7.654365
-98.431750	-4.705426	15.967215
-98.443067	-9.911548	8.406727
-98.454385	-15.059744	5.398573
-98.465703	-12.045264	8.521783
-98.477021	-8.107177	9.801915
-98.488339	-4.270570	9.959838
-98.499657	-4.268614	8.386019
-98.510975	-4.183708	10.110943
-98.522293	-1.452094	15.723099
-98.533611	-0.225443	20.085661
-98.544929	-2.108423	13.342933
-98.556246	-1.180201	14.818393
-98.567564	-8.829630	10.051476
-98.578882	-9.843157	11.413613
-98.590200	-12.691767	14.423005
-98.601518	-16.341290	15.604295
-98.612836	-13.989723	8.023103
-98.624154	-10.969441	13.049770
-98.635472	-17.735575	5.125107
-98.646790	-0.935179	9.798759
-98.658107	-9.253795	4.688457
-98.669425	-13.154931	10.630052
-98.680743	-6.761376	20.530434
-98.692061	-5.009638	19.764366
-98.703379	-11.877113	18.650383
-98.714697	-20.765772	16.220547
-98.726015	-12.909752	10.354066
-98.737333	-2.697281	13.465791
-98.748651	-17.441586	6.486345
-98.759969	-8.287191	13.535854
-98.771286	-19.114723	3.737324
-98.782604	-4.142395	10.400076
-98.793922	-14.823812	13.530977
-98.805240	-3.046352	5.074268
-98.816558	-10.332461	10.318348
-98.827876	-9.426147	13.815524
-98.839194	-8.152178	-0.704380
-98.850512	-17.288155	16.143963
-98.861830	-8.333193	5.174282
-98.873148	-4.244008	2.582658
-98.884465	-3.699827	8.312868
-98.895783	-1.623227	10.194159
-98.907101	-4.732021	3.748055
-98.918419	0.447050	12.959552
-98.929737	1.816497	8.890570
-98.941055	-6.948045	7.102462
-98.952373	-0.956884	4.427766
-98.963691	-15.523840	1.941943
-98.975009	-11.120922	7.859521
-98.986326	-11.819449	4.334244
-98.997644	-4.431478	6.814587
-99.008962	-1.383562	15.194164
-99.020280	-5.864680	4.258529
-99.031598	0.016955	11.234440
-99.042916	-8.572111	14.784220
-99.054234	-2.864340	8.695589
-99.065552	-2.027874	5.162984
-99.076870	-7.686670	0.161039
-99.088188	-6.587310	2.461112
-99.099505	-9.950756	10.892884
-99.110823	-9.222445	9.926772
-99.122141	-2.985499	8.991048
-99.133459	-6.816805	5.573370
-99.144777	-17.538546	11.999811
-99.156095	-6.929869	-2.796985
-99.167413	-7.243026	9.483484
-99.178731	-3.209387	4.723757
-99.190049	-4.778840	8.409727
-99.201367	-9.730203	3.349666
-99.212684	-9.866529	6.637788
-99.224002	-9.685699	0.625778
-99.235320	2.165615	17.329807
-99.246638	-22.389166	6.727156
-99.257956	-5.179163	1.569878
-99.269274	-2.783485	3.234525
-99.280592	-12.141341	-2.270661
-99.291910	-12.828200	10.505663
-99.303228	-13.409554	22.126184
-99.314546	7.621376	2.060873
-99.325863	-5.777196	5.778785
-99.337181	-1.182136	9.036842
-99.348499	-9.289075	1.967153
-99.359817	-12.045418	8.059872
-99.371135	-11.329206	9.596249
-99.382453	1.089471	11.744494
-99.393771	-5.894081	5.992736
-99.405089	-1.931710	2.724336
-99.416407	-0.223932	8.700925
-99.427724	-16.388870	13.954803
-99.439042	-13.596743	3.995586
-99.450360	-5.884782	-4.593060
-99.461678	2.642682	10.110558
-99.472996	-12.185781	-4.144311
-99.484314	-1.272539	1.085798
-99.495632	-8.457972	8.312278
-99.506950	-3.097626	-0.016361
-99.518268	3.945496	13.411268
-99.529586	-9.206072	14.739244
-99.540903	-5.406214	1.694816
-99.552221	-1.153919	5.553423
-99.563539	-5.820089	5.153223
-99.574857	-3.064783	12.628343
-99.586175	-10.736346	3.755774
-99.597493	-3.947273	15.255089
-99.608811	-17.082146	11.709623
-99.620129	-8.393712	-0.090441
-99.631447	-7.591180	2.736677
-99.642765	-10.173621	1.221185
-99.654082	-5.810630	-0.514908
-99.665400	-8.771154	18.549723
-99.676718	-16.862103	9.346126
-99.688036	6.151477	10.381938
-99.699354	-8.831790	5.704930
-99.710672	-6.195766	6.552172
-99.721990	-3.739725	5.699272
-99.733308	-9.620252	-0.403922
-99.744626	-11.590284	8.619974
-99.755943	0.236626	4.207714
-99.767261	3.517398	-7.913012
-99.778579	-5.020881	4.617845
-99.789897	-11.887147	-4.191717
-99.801215	1.969540	2.460679
-99.812533	-5.304151	2.303235
-99.823851	-3.294350	8.370244
-99.835169	0.111666	7.906163
-99.846487	-1.954664	6.623622
-99.857805	-1.949118	9.574616
-99.869122	-10.978853	11.634985
-99.880440	-1.001916	12.081818
-99.891758	-14.093203	3.159547
-99.903076	-10.926118	2.633817
-99.914394	-3.968722	12.387916
-99.925712	-13.486669	8.483400
-99.937030	-6.656557	9.042637
-99.948348	-1.717700	10.675886
-99.959666	-0.979662	1.386236
-99.970984	1.504677	13.159904
-99.982301	-9.276195	7.783744
-99.993619	-12.607548	8.909878
-100.004937	-10.842563	6.943905
-100.016255	-9.323202	10.517003
-100.027573	0.431985	0.882423
-100.038891	-15.723206	16.500975
-100.050209	-6.277408	1.727920
-100.061527	-19.008173	4.069458
-100.072845	-11.343581	5.939448
-100.084162	-3.767414	3.822963
-100.095480	-11.047287	3.783090
-100.106798	-0.087053	14.248043
-100.118116	-5.274890	1.565768
-100.129434	-1.459374	-11.108631
-100.140752	1.025690	2.786125
-100.152070	-13.174982	14.586966
-100.163388	4.614969	2.116197
-100.174706	-10.278827	9.457669
-100.186024	-5.311508	-1.857688
-100.197341	-7.080418	2.810425
-100.208659	-9.063241	6.155482
-100.219977	-10.286013	6.339879
-100.231295	-12.186493	18.340239
-100.242613	1.008363	4.119539
-100.253931	-7.391568	9.667117
-100.265249	-4.756861	5.632460
-100.276567	-16.789143	5.789935
-100.287885	-10.142136	7.503992
-100.299203	-8.816597	-0.101406
-100.310520	-12.806627	4.016459
-100.321838	-12.622313	2.252255
-100.333156	-1.521573	14.229563
-100.344474	-13.697593	6.670911
-100.355792	-10.061371	5.011732
-100.367110	5.152349	9.590807
-100.378428	-10.235682	11.185518
-100.389746	-4.892426	3.557916
-100.401064	-5.582394	9.040678
-100.412382	-16.437418	3.520709
-100.423699	-7.031079	9.864842
-100.435017	-11.700882	12.236159
-100.446335	1.668951	13.989454
-100.457653	-7.255556	2.582050
-100.468971	-8.932927	2.954121
-100.480289	-15.254728	11.864565
-100.491607	1.721657	3.007311
-100.502925	0.528592	9.533771
-100.514243	-14.502837	2.686240
-100.525560	-11.803620	10.125020
-100.536878	-8.190855	9.525519
-100.548196	-5.229569	-3.831805
-100.559514	-13.988483	-0.473615
-100.570832	-18.328794	-0.107112
-100.582150	-10.044268	-0.321549
-100.593468	-1.514048	-4.778807
-100.604786	-7.564312	4.404146
-100.616104	-6.933889	9.743557
-100.627422	-3.882520	1.851900
-100.638739	-1.988023	0.165579
-100.650057	-8.999106	9.283990
-100.661375	-8.738290	-4.444945
-100.672693	-5.353174	5.721336
-100.684011	-12.055449	8.398046
-100.695329	-6.978569	-4.233169
-100.706647	-6.144371	5.367443
-100.717965	-14.400379	-3.697958
-100.729283	-5.879975	5.487823
-100.740601	-5.458748	0.323713
-100.751918	-11.240728	11.204088
-100.763236	-12.394227	1.188198
-100.774554	-7.958459	8.808380
-100.785872	-4.075259	3.226656
-100.797190	-1.989279	11.916155
-100.808508	-13.351024	6.979136
-100.819826	-2.653314	7.553937
-100.831144	2.160798	5.447730
-100.842462	-8.273592	19.891005
-100.853779	-9.261083	10.034207
-100.865097	-6.684474	5.276430
-100.876415	1.844272	11.937068
-100.887733	2.533180	5.261914
-100.899051	-4.599293	-1.379970
-100.910369	-14.021317	3.210987
-100.921687	-7.057847	2.315687
-100.933005	-5.940820	5.544343
-100.944323	-4.760615	-1.945413
-100.955641	-3.088001	8.380355
-100.966958	-12.516184	10.591578
-100.978276	-1.965604	9.831539
-100.989594	-7.936650	6.343403
-101.000912	-13.319836	9.904358
-101.012230	-5.562029	-6.628037
-101.023548	-4.050575	13.198021
-101.034866	-6.477663	8.263021
-101.046184	-5.925613	-2.182730
-101.057502	-8.088124	2.684225
-101.068820	-8.509651	2.498573
-101.080137	-8.293575	6.928877
-101.091455	-0.349671	-0.635278
-101.102773	-12.892456	-0.798104
-101.114091	-1.927546	13.575524
-101.125409	-0.085213	13.138083
-101.136727	-12.464911	0.351774
-101.148045	-2.340062	-3.192494
-101.159363	-8.072395	10.481403
-101.170681	-1.719700	1.535740
-101.181998	6.421822	7.122190
-101.193316	-6.835402	1.349927
-101.204634	-0.270242	9.164808
-101.215952	-2.372252	10.861259
-101.227270	-12.654372	3.248832
-101.238588	-0.529925	-0.075996
-101.249906	-3.927853	10.118300
-101.261224	-8.258264	4.036147
-101.272542	-12.993201	0.950161
-101.283860	4.745665	-0.262486
-101.295177	-6.263637	8.201632
-101.306495	-9.396947	2.877167
-101.317813	-8.187404	4.377771
-101.329131	-12.773267	4.065552
-101.340449	2.662924	5.435577
-101.351767	-4.998744	1.625505
-101.363085	-10.662957	13.644828
-101.374403	-0.515755	7.242342
-101.385721	-15.952707	-2.607273
-101.397039	-5.398712	-4.691658
-101.408356	-4.833767	-1.735901
-101.419674	-7.555312	3.826417
-101.430992	-0.513245	-2.737109
-101.442310	-13.281272	8.801058
-101.453628	-0.842301	-0.339092
-101.464946	4.654617	8.732490
-101.476264	-12.306615	0.339190
-101.487582	0.616504	11.340653
-101.498900	-9.730830	3.547758
-101.510218	1.340603	4.671979
-101.521535	-6.658604	1.600096
-101.532853	2.489762	3.844586
-101.544171	-11.936191	14.489850
-101.555489	-8.076319	3.402172
-101.566807	-14.427500	7.584179
-101.578125	-4.328671	4.939888
-101.589443	1.200560	7.297931
-101.600761	-5.899765	7.004470
-101.612079	2.204246	11.018661
-101.623396	-5.535354	9.884520
-101.634714	-9.800358	16.907763
-101.646032	-9.643587	7.357183
-101.657350	-4.863667	17.669178
-101.668668	-12.858691	14.220219
-101.679986	-13.705604	3.462599
-101.691304	-0.628002	5.763866
-101.702622	-12.423471	13.812207
-101.713940	-4.570205	4.411191
-101.725258	-4.722609	10.403558
-101.736575	-14.644379	3.397642
-101.747893	-2.423942	9.954537
-101.759211	-10.024942	4.649539
-101.770529	-8.317453	8.018388
-101.781847	-13.520309	11.368787
-101.793165	-9.537673	5.935191
-101.804483	-7.916989	4.671408
-101.815801	-4.295997	3.402302
-101.827119	-9.701410	0.841830
-101.838437	-8.644711	-1.745787
-101.849754	-5.557054	-0.297678
-101.861072	-10.453653	2.524961
-101.872390	-9.274812	3.587398
-101.883708	-8.132254	5.213919
-101.895026	-4.636537	2.700116
-101.906344	-3.524621	-2.504822
-101.917662	-8.648284	2.335780
-101.928980	-9.094780	-0.192054
-101.940298	-3.120373	4.254477
-101.951615	-1.746351	10.734275
-101.962933	-2.149902	3.422806
-101.974251	-1.903186	3.016533
-101.985569	-15.739313	0.172905
-101.996887	1.192767	6.611884
-102.008205	-16.683014	-0.731637
-102.019523	-7.906882	2.479311
-102.030841	-7.860783	7.231902
-102.042159	3.235952	7.531995
-102.053477	-1.553432	12.472015
-102.064794	-5.483972	7.371563
-102.076112	-3.391412	5.548984
-102.087430	-7.046367	4.345849
-102.098748	-7.283615	5.846004
-102.110066	-6.426391	19.155901
-102.121384	-13.610387	4.900641
-102.132702	1.010245	-0.142096
-102.144020	-8.076164	-0.442935
-102.155338	-4.603886	-0.747332
-102.166656	2.747815	7.049615
-102.177973	-1.575193	2.104615
-102.189291	-9.126321	2.373940
-102.200609	-4.215848	9.451759
-102.211927	-10.664683	0.573252
-102.223245	-1.331261	13.897236
-102.234563	-13.228261	5.179993
-102.245881	-18.992527	-4.135959
-102.257199	-20.686972	2.297207
-102.268517	-4.992890	6.211934
-102.279834	-5.200099	9.354973
-102.291152	-12.755571	-3.542047
-102.302470	-7.686582	0.617513
-102.313788	-3.112056	7.248094
-102.325106	-13.713028	-5.690458
-102.336424	-1.220668	6.331524
-102.347742	-22.498735	2.273523
-102.359060	-6.395340	-0.328204
-102.370378	-0.490090	2.904542
-102.381696	-6.258860	8.498410
-102.393013	-1.490421	11.915900
-102.404331	-4.707278	3.980742
-102.415649	-4.100094	-0.719983
-102.426967	-7.252045	4.215994
-102.438285	-11.509426	9.203800
-102.449603	-0.946205	-1.373063
-102.460921	-12.481236	6.257909
-102.472239	-4.452954	-3.730074
-102.483557	-10.478133	9.968873
-102.494875	-1.292616	7.058845
-102.506192	-5.599729	1.913715
-102.517510	6.527960	4.501695
-102.528828	-5.774399	6.762913
-102.540146	-5.263434	-0.321356
-102.551464	-5.283884	-6.885822
-102.562782	-10.361400	9.493367
-102.574100	-13.605025	6.962549
-102.585418	-3.397752	-7.538703
-102.596736	-9.509329	4.483830
-102.608054	-6.696128	7.466813
-102.619371	-0.192332	8.820357
-102.630689	-7.156446	11.074485
-102.642007	-11.386845	2.055415
-102.653325	-4.505986	11.897948
-102.664643	-7.579559	9.389930
-102.675961	-10.007121	1.642401
-102.687279	-3.478631	9.166417
-102.698597	-12.014896	-0.046084
-102.709915	-10.451379	3.898946
-102.721232	-13.717770	-0.718815
-102.732550	5.623571	4.163095
-102.743868	-19.066059	13.487749
-102.755186	-9.468228	-12.062167
-102.766504	-6.265567	3.285365
-102.777822	-0.022053	-5.964344
-102.789140	-7.228491	-4.398943
-102.800458	-4.856172	9.292417
-102.811776	1.210988	-2.718892
-102.823094	0.541721	5.747782
-102.834411	0.597739	5.012239
-102.845729	0.627809	7.418578
-102.857047	-13.188661	4.445618
-102.868365	-8.103966	8.213003
-102.879683	-5.222702	12.242315
-102.891001	-5.982003	-5.186755
-102.902319	-9.581789	-3.185474
-102.913637	-5.363628	5.526141
-102.924955	2.260856	-0.958161
-102.936273	-10.188416	-5.784547
-102.947590	-2.990408	-6.286111
-102.958908	2.246959	6.165682
-102.970226	-12.638486	4.629787
-102.981544	-7.642324	-2.185285
-102.992862	-2.757564	-1.916172
-103.004180	3.789183	10.005612
-103.015498	-7.422633	-7.597423
-103.026816	-9.301410	6.068475
-103.038134	-2.160135	1.510509
-103.049451	-10.372642	3.171166
-103.060769	-7.530797	3.881214
-103.072087	-6.977263	16.739664
-103.083405	-2.703166	-4.139612
-103.094723	6.000291	1.439927
-103.106041	-1.278989	6.765269
-103.117359	-7.616228	10.771325
-103.128677	4.376956	3.187670
-103.139995	-0.576887	9.588904
-103.151313	2.290619	9.725211
-103.162630	-12.277478	5.247058
-103.173948	-0.784208	-9.169599
-103.185266	-5.095892	6.545655
-103.196584	-8.111967	-4.790414
-103.207902	-5.734806	3.682087
-103.219220	-8.324689	3.600107
-103.230538	-2.458624	-8.688869
-103.241856	-1.781088	3.634663
-103.253174	-4.408844	5.425433
-103.264492	-5.152782	-0.406227
-103.275809	-0.180732	2.384717
-103.287127	-5.231363	-5.418114
-103.298445	5.032119	3.404044
-103.309763	-10.776574	1.909558
-103.321081	-5.949094	4.879745
-103.332399	-5.228877	2.977983
-103.343717	-0.834804	-7.818690
-103.355035	-0.403156	12.530204
-103.366353	-8.769667	4.701722
-103.377671	-6.853765	11.246821
-103.388988	-11.429976	3.844144
-103.400306	-2.430643	6.799768
-103.411624	-5.373985	4.371689
-103.422942	0.885307	-1.266671
-103.434260	-12.080191	14.863060
-103.445578	-0.876642	6.612718
-103.456896	-8.563439	7.777361
-103.468214	-5.139247	6.465088
-103.479532	-7.649115	1.209265
-103.490849	0.383199	6.613893
-103.502167	-7.658085	-3.744494
-103.513485	-0.934561	2.913979
-103.524803	2.171579	3.188955
-103.536121	-15.308314	-2.653417
-103.547439	-4.186795	10.587028
-103.558757	-0.490121	6.192488
-103.570075	-6.977763	3.157272
-103.581393	-7.313548	0.122654
-103.592711	-7.006217	13.162993
-103.604028	-3.923567	2.445315
-103.615346	-11.121554	8.414198
-103.626664	-6.300095	9.511034
-103.637982	-6.330996	5.239377
-103.649300	-2.431559	1.593344
-103.660618	-5.654437	13.283296
-103.671936	-10.858588	7.238276
-103.683254	2.447555	0.304011
-103.694572	-2.650442	8.009027
-103.705890	-3.562528	3.637218
-103.717207	-7.610547	5.242927
-103.728525	-9.221102	-1.535398
-103.739843	-5.085985	-4.164199
-103.751161	-4.256137	3.171164
-103.762479	-1.287113	5.271930
-103.773797	-7.184327	0.214421
-103.785115	-12.188476	3.781057
-103.796433	-17.544731	-0.784214
-103.807751	-7.315043	8.878864
-103.819068	-5.078379	-4.475296
-103.830386	-9.470704	15.629228
-103.841704	-5.838114	3.985649
-103.853022	-7.361823	-8.334388
-103.864340	-7.766950	4.078538
-103.875658	2.476224	1.422457
-103.886976	0.584711	-5.601912
-103.898294	-13.232789	-0.960276
-103.909612	-10.012422	1.916258
-103.920930	-7.434750	-2.310975
-103.932247	-9.682009	0.408677
-103.943565	-13.521505	3.928177
-103.954883	-14.822393	11.872600
-103.966201	-3.979363	0.274977
-103.977519	-8.122355	-2.442534
-103.988837	-8.678841	10.763617
-104.000155	-6.672609	2.406294
-104.011473	-1.790786	3.937160
-104.022791	-4.818168	1.017835
-104.034109	-6.564665	-4.210927
-104.045426	-9.963198	3.289184
-104.056744	0.070137	4.815917
-104.068062	-7.732256	12.404734
-104.079380	0.178576	1.924167
-104.090698	-5.163994	4.671477
-104.102016	9.489693	2.806459
-104.113334	0.328585	-0.387832
-104.124652	-12.122079	4.379293
-104.135970	-0.564065	5.896706
-104.147287	-8.595696	6.923267
-104.158605	-3.008061	3.370508
-104.169923	-6.195891	7.696186
-104.181241	-3.576257	-1.161395
-104.192559	-15.436752	8.169343
-104.203877	-12.750718	-1.853450
-104.215195	-15.225672	-1.434329
-104.226513	-4.862301	1.629911
-104.237831	-0.107917	5.228765
-104.249149	-2.936403	-0.452211
-104.260466	-6.123841	-2.637726
-104.271784	-7.263403	-0.136045
-104.283102	-4.108814	13.449310
-104.294420	-2.973056	-1.830774
-104.305738	0.005441	8.103835
-104.317056	-6.623348	13.591397
-104.328374	-12.219365	7.739543
-104.339692	1.694116	6.752682
-104.351010	-8.211498	11.212708
-104.362328	-10.902367	4.783649
-104.373645	-2.243134	2.838927
-104.384963	-3.220923	3.228674
-104.396281	-13.535797	5.678617
-104.407599	-6.566486	1.541907
-104.418917	-0.978512	-3.734910
-104.430235	-7.511905	-1.397529
-104.441553	-1.101975	-6.192640
-104.452871	-11.768943	9.579770
-104.464189	1.026422	3.042044
-104.475507	-9.597587	3.837517
-104.486824	4.072886	6.936191
-104.498142	0.562846	2.193364
-104.509460	-5.098235	5.463672
-104.520778	-3.002823	3.019348
-104.532096	-10.076093	6.771861
-104.543414	-8.889719	-2.411820
-104.554732	-4.338012	-0.891854
-104.566050	-0.647012	-5.344951
-104.577368	-15.188353	7.983028
-104.588685	-8.035407	0.788440
-104.600003	-3.685027	10.447435
-104.611321	-2.892976	10.489939
-104.622639	-4.583939	5.141947
-104.633957	-2.246043	4.958056
-104.645275	6.784671	-0.160864
-104.656593	-11.894025	3.536816
-104.667911	-4.519957	4.028518
-104.679229	-5.896162	9.540671
-104.690547	-6.055883	-3.766469
-104.701864	-2.083273	3.108300
-104.713182	2.295577	10.068270
-104.724500	-6.561749	3.176917
-104.735818	-11.672235	12.430342
-104.747136	-5.944406	-2.992823
-104.758454	-5.937329	1.772220
-104.769772	-1.137104	5.097293
-104.781090	-3.464583	7.230048
-104.792408	-5.667019	6.327123
-104.803726	-13.595299	-10.311161
-104.815043	-8.172835	-6.979558
-104.826361	-13.643291	-6.386920
-104.837679	-8.113253	-2.718743
-104.848997	4.109977	6.334875
-104.860315	-7.411528	5.614800
-104.871633	-4.084709	-6.236021
-104.882951	3.655472	3.319587
-104.894269	-0.818826	4.837697
-104.905587	-0.132955	2.671608
-104.916904	-6.445009	4.353348
-104.928222	-9.913256	3.042624
-104.939540	-7.684658	6.070530
-104.950858	-3.803369	1.312591
-104.962176	-11.130122	9.109807
-104.973494	0.654279	-4.916615
-104.984812	-1.067798	7.946626
-104.996130	-8.131658	0.118664
-105.007448	4.050727	2.107373
-105.018766	-10.038269	12.713483
-105.030083	-5.004057	12.243443
-105.041401	-1.167606	12.151135
-105.052719	-13.564947	8.657019
-105.064037	-0.273427	3.162865
-105.075355	-6.105741	4.263284
-105.086673	-4.162937	9.393231
-105.097991	1.935282	13.978507
-105.109309	-6.162597	8.121330
-105.120627	-10.035892	1.067043
-105.131945	-3.274067	-1.529093
-105.143262	1.498503	-3.093952
-105.154580	-6.925341	4.431135
-105.165898	-5.772544	7.606950
-105.177216	-8.111658	8.493176
-105.188534	-3.124907	1.133187
-105.199852	-9.663536	-1.258125
-105.211170	-2.419660	9.401509
-105.222488	-4.122336	4.369155
-105.233806	-11.363667	-3.336012
-105.245123	-8.029059	-6.679253
-105.256441	-11.648196	12.663857
-105.267759	-4.741190	-1.138767
-105.279077	-12.585701	-9.730835
-105.290395	0.471094	2.866368
-105.301713	-14.852529	-5.383743
-105.313031	-11.838613	4.602231
-105.324349	-6.560771	7.964771
-105.335667	-4.912642	3.413615
-105.346985	3.436258	-5.484932
-105.358302	-5.405605	7.675650
-105.369620	-5.016260	-0.750185
-105.380938	-8.818069	7.148421
-105.392256	-1.179470	5.621670
-105.403574	-3.714858	3.751762
-105.414892	-4.598107	-3.462400
-105.426210	-5.904467	4.738567
-105.437528	-4.021008	0.571760
-105.448846	-7.570167	2.444348
-105.460164	-2.753716	2.914690
-105.471481	3.072815	1.114125
-105.482799	-4.315117	13.861166
-105.494117	4.829658	6.865434
-105.505435	-11.650990	9.689118
-105.516753	-9.607279	0.806311
-105.528071	0.643446	-7.305731
-105.539389	-0.609504	3.653265
-105.550707	-0.131378	8.435714
-105.562025	-2.951836	-9.636095
-105.573343	-7.083791	2.606184
-105.584660	-1.255169	10.671722
-105.595978	2.479425	-0.773777
-105.607296	-6.478244	0.093889
-105.618614	-2.042267	16.381163
-105.629932	-3.165016	-8.146255
-105.641250	-7.304887	8.517161
-105.652568	0.641862	10.166462
-105.663886	9.801514	5.444586
-105.675204	-2.925256	15.285564
-105.686521	0.022615	12.243468
-105.697839	-6.034325	15.219225
-105.709157	-0.451064	16.430441
-105.720475	5.097538	-0.780217
-105.731793	-2.120949	5.520938
-105.743111	-4.679920	5.435284
-105.754429	2.836606	7.372805
-105.765747	-4.370209	11.797390
-105.777065	3.307830	3.323056
-105.788383	-7.183757	2.435512
-105.799700	-8.569486	4.768678
-105.811018	-4.082532	-1.295752
-105.822336	1.205886	-1.501535
-105.833654	-9.697024	11.506065
-105.844972	-8.410300	1.358881
-105.856290	-7.437753	-1.000889
-105.867608	-5.918822	0.735216
-105.878926	-10.258080	3.207995
-105.890244	1.769212	-0.795858
-105.901562	-15.153881	8.790122
-105.912879	1.882222	3.242800
-105.924197	-6.454023	1.564330
-105.935515	-5.003210	-2.356298
-105.946833	-3.803540	7.816546
-105.958151	-2.695356	-4.524893
-105.969469	1.552393	-7.503815
-105.980787	2.292314	11.233356
-105.992105	-3.298377	-4.901085
-106.003423	-4.517269	0.475564
-106.014740	-8.440558	4.646164
-106.026058	-2.610576	5.211158
-106.037376	0.218702	7.392982
-106.048694	0.238046	2.735958
-106.060012	-4.583776	7.241805
-106.071330	-3.508967	4.973601
-106.082648	-1.703743	3.705966
-106.093966	0.388605	0.994694
-106.105284	5.445038	0.104439
-106.116602	2.464092	20.627911
-106.127919	-9.642059	-4.822560
-106.139237	-6.888114	-2.243506
-106.150555	-7.764668	5.666806
-106.161873	0.822517	-5.910002
-106.173191	-3.271836	3.513112
-106.184509	-6.776113	2.591959
-106.195827	-4.044703	-1.115882
-106.207145	-10.720956	1.966615
-106.218463	0.792525	5.702088
-106.229781	-7.251406	7.356781
-106.241098	1.632311	6.485563
-106.252416	3.074607	11.042722
-106.263734	0.627695	4.004853
-106.275052	-2.096910	6.734274
-106.286370	-4.899391	10.944246
-106.297688	-6.584375	2.481700
-106.309006	1.687469	9.034756
-106.320324	-6.400794	4.832762
-106.331642	-7.638114	1.687012
-106.342959	1.102210	4.865973
-106.354277	0.662545	1.355668
-106.365595	-3.315845	-1.644897
-106.376913	-2.363687	0.082374
-106.388231	-3.382241	-4.876141
-106.399549	-7.473731	6.517986
-106.410867	-2.964931	-1.137247
-106.422185	3.834889	3.655097
-106.433503	-7.066903	1.062996
-106.444821	-7.292477	7.713392
-106.456138	8.758286	3.901562
-106.467456	-3.783971	-1.596426
-106.478774	1.916324	9.791059
-106.490092	-1.545014	-3.411686
-106.501410	5.485102	3.970375
-106.512728	-6.537335	5.811176
-106.524046	3.110157	1.573192
-106.535364	-14.563875	7.510230
-106.546682	-2.470766	-3.330942
-106.558000	-8.937346	3.505575
-106.569317	2.405412	1.345750
-106.580635	6.968415	2.275188
-106.591953	-2.565186	5.760774
-106.603271	-13.927547	-4.790477
-106.614589	2.306346	11.062520
-106.625907	-7.286856	7.356076
-106.637225	-2.247504	-1.097261
-106.648543	3.930931	5.630856
-106.659861	1.339912	3.149422
-106.671179	0.403142	4.812920
-106.682496	-13.848389	2.272082
-106.693814	-8.449697	7.928480
-106.705132	-7.476614	7.641398
-106.716450	-4.040713	5.575459
-106.727768	2.007359	7.684068
-106.739086	-4.544124	12.678577
-106.750404	-11.008247	7.520989
-106.761722	-4.257536	-2.701710
-106.773040	-6.623528	-2.397205
-106.784357	0.705864	3.691806
-106.795675	-2.577614	7.963927
-106.806993	2.860869	5.269720
-106.818311	-3.446250	0.864403
-106.829629	-10.296172	3.717784
-106.840947	-8.569318	2.098566
-106.852265	-2.152385	4.462887
-106.863583	-0.521633	-5.564138
-106.874901	-6.520697	2.536789
-106.886219	-17.511274	12.816401
-106.897536	1.050838	1.038474
-106.908854	-7.105236	-2.511021
-106.920172	1.039184	11.050695
-106.931490	-12.057104	-2.654304
-106.942808	-10.481016	3.443198
-106.954126	-3.484127	-3.606338
-106.965444	1.325429	14.746727
-106.976762	0.580110	3.368654
-106.988080	-5.146426	6.148284
-106.999398	-4.011786	8.897432
-107.010715	2.283422	6.057064
-107.022033	-9.576753	-4.313636
-107.033351	-3.808120	0.770759
-107.044669	-3.440907	9.529662
-107.055987	-0.733806	-9.638224
-107.067305	2.316324	-2.450551
-107.078623	-2.530125	-1.352762
-107.089941	-4.479123	2.087839
-107.101259	2.485906	7.225838
-107.112576	-18.106583	4.295769
-107.123894	-5.192741	-1.455620
-107.135212	-5.654611	2.959223
-107.146530	-8.439908	-2.710852
-107.157848	-12.785012	1.578279
-107.169166	-3.589984	-1.486527
-107.180484	-3.976202	-9.939790
-107.191802	-3.966852	11.463504
-107.203120	-1.966259	8.534575
-107.214438	-3.013686	11.891652
-107.225755	-6.012510	5.939669
-107.237073	4.703790	4.126409
-107.248391	-0.578359	4.032881
-107.259709	-3.441365	2.056416
-107.271027	-9.503170	7.604951
-107.282345	-3.752514	8.999410
-107.293663	-4.432474	5.357029
-107.304981	-2.684602	3.241422
-107.316299	4.371079	8.487017
-107.327617	-2.565808	6.384773
-107.338934	-5.201560	-5.187647
-107.350252	-4.576919	-6.481759
-107.361570	-6.151429	3.002957
-107.372888	-9.182191	-1.374712
-107.384206	0.770614	7.724866
-107.395524	-9.611437	4.414506
-107.406842	-2.455349	2.209659
-107.418160	-2.300386	0.289167
-107.429478	-9.943854	-4.925570
-107.440795	-3.766187	-1.553434
-107.452113	-2.722233	3.674066
-107.463431	-3.385869	2.851320
-107.474749	-12.934476	12.568427
-107.486067	-0.322920	11.787313
-107.497385	-11.687672	3.254492
-107.508703	-5.890771	6.171528
-107.520021	-5.261034	7.631417
-107.531339	-0.351629	0.315599
-107.542657	-3.706875	1.796103
-107.553974	1.389130	6.824967
-107.565292	-3.375627	6.752868
-107.576610	-2.070995	4.649886
-107.587928	-3.983437	6.474859
-107.599246	5.278255	0.689666
-107.610564	-2.524055	14.003618
-107.621882	-2.766859	4.713307
-107.633200	-9.488856	6.723608
-107.644518	-11.482472	1.224375
-107.655836	-7.543313	-2.728466
-107.667153	-3.665976	3.889011
-107.678471	-7.901382	-3.641741
-107.689789	-10.733942	-1.033767
-107.701107	-1.214192	3.229992
-107.712425	-6.440312	-7.413613
-107.723743	5.373069	12.430408
-107.735061	-8.705918	-6.521064
-107.746379	2.842190	4.081447
-107.757697	-11.752891	4.862029
-107.769015	-8.331413	0.880982
-107.780332	-3.901867	1.605972
-107.791650	-4.910570	-1.893221
-107.802968	-0.574369	10.378271
-107.814286	-5.400234	0.959069
-107.825604	1.431973	7.222153
-107.836922	2.041780	8.380283
-107.848240	-16.760426	-2.119831
-107.859558	-1.481478	6.052491
-107.870876	-7.608852	9.697274
-107.882193	-0.565223	4.978317
-107.893511	-5.670818	9.967554
-107.904829	4.659275	0.663243
-107.916147	-2.112117	8.745237
-107.927465	-3.986035	5.141496
-107.938783	-4.913157	-4.054303
-107.950101	2.975270	-3.046837
-107.961419	-5.695765	8.582355
-107.972737	-3.693321	-2.691641
-107.984055	1.121891	5.331544
-107.995372	3.639147	1.062575
-108.006690	2.306997	8.085520
-108.018008	-3.006179	-4.136742
-108.029326	-5.369020	1.056039
-108.040644	1.086387	13.319546
-108.051962	2.144279	15.163496
-108.063280	2.648500	8.024358
-108.074598	-9.175690	2.602888
-108.085916	3.069231	5.321162
-108.097234	-0.129462	8.110071
-108.108551	-7.842027	4.500854
-108.119869	-2.755863	-1.035853
-108.131187	-4.250100	5.241527
-108.142505	-3.320507	1.672246
-108.153823	-0.570896	8.023499
-108.165141	-4.063663	4.777671
-108.176459	-10.852015	4.518732
-108.187777	-5.860942	5.112025
-108.199095	-3.161173	4.419133
-108.210412	-2.457584	-1.928845
-108.221730	2.304022	-3.845759
-108.233048	6.501242	14.133704
-108.244366	-8.570185	-1.481493
-108.255684	-4.623212	4.001663
-108.267002	-12.606593	0.029654
-108.278320	3.029156	-2.664189
-108.289638	-1.095331	9.934960
-108.300956	0.382166	-10.172866
-108.312274	-2.780298	10.005724
-108.323591	-8.387140	5.476307
-108.334909	0.767180	-4.894290
-108.346227	11.060230	0.855819
-108.357545	-6.453467	-0.142631
-108.368863	-6.748518	11.257401
-108.380181	-2.410744	4.107450
-108.391499	-11.615673	2.953890
-108.402817	7.763606	4.799452
-108.414135	-6.525828	5.209412
-108.425453	-3.392126	-2.689184
-108.436770	-7.037033	-8.963933
-108.448088	-4.862174	5.837606
-108.459406	5.488345	-0.725529
-108.470724	5.143513	3.475235
-108.482042	-1.560367	3.130565
-108.493360	-17.674156	-4.938839
-108.504678	0.665138	-3.353624
-108.515996	2.734729	12.313441
-108.527314	1.342403	4.259790
-108.538631	-7.073704	7.574871
-108.549949	-4.612568	7.074527
-108.561267	-3.544920	-1.101363
-108.572585	-6.443026	6.181686
-108.583903	-7.755148	0.103459
-108.595221	-1.613676	6.378405
-108.606539	-8.234952	3.150435
-108.617857	-6.028753	-9.263337
-108.629175	3.074395	5.480810
-108.640493	2.072679	-3.018955
-108.651810	-1.380403	3.342976
-108.663128	-5.291882	0.448934
-108.674446	-20.593435	0.892802
-108.685764	-1.921822	9.452528
-108.697082	-5.657829	-1.502949
-108.708400	-0.644188	9.236267
-108.719718	-6.738464	3.753356
-108.731036	-3.394893	-1.526490
-108.742354	-1.321682	1.182164
-108.753672	-9.937365	5.750363
-108.764989	5.482547	14.277826
-108.776307	-2.065959	8.356605
-108.787625	2.957522	1.776572
-108.798943	-4.526805	7.531398
-108.810261	-0.127455	-3.319483
-108.821579	3.946318	9.963573
-108.832897	-12.656228	4.254004
-108.844215	-0.693589	2.169071
-108.855533	-2.069330	12.566835
-108.866851	-7.009185	-5.773812
-108.878168	-0.510735	2.982923
-108.889486	-0.949351	-7.339323
-108.900804	-0.941271	2.498033
-108.912122	-4.511797	6.802373
-108.923440	-1.613217	4.614002
-108.934758	-3.911227	7.633725
-108.946076	-1.552804	-3.397555
-108.957394	-9.708736	-2.277196
-108.968712	0.125908	-0.226335
-108.980029	-5.767037	1.176731
-108.991347	3.761555	4.209759
-109.002665	-8.563643	-2.172567
-109.013983	3.669144	2.671366
-109.025301	3.163021	7.550199
-109.036619	-6.685245	-0.593322
-109.047937	-8.495275	4.913081
-109.059255	-10.387907	3.922163
-109.070573	-8.127453	13.089073
-109.081891	-9.170197	-8.872273
-109.093208	-4.808412	5.829039
-109.104526	6.417401	2.174474
-109.115844	-5.250036	5.578805
-109.127162	-4.058964	1.916027
-109.138480	-2.761419	5.504996
-109.149798	-1.207133	-0.907447
-109.161116	0.900368	6.601504
-109.172434	-0.529119	1.213270
-109.183752	3.398660	-2.748714
-109.195070	-6.402421	8.056301
-109.206387	5.482523	-1.735244
-109.217705	4.654179	10.342859
-109.229023	-0.317702	1.666569
-109.240341	-6.586174	-3.163211
-109.251659	-6.025425	5.215113
-109.262977	1.498543	7.917690
-109.274295	-2.257401	10.790462
-109.285613	-14.250923	-6.577847
-109.296931	2.133012	4.329947
-109.308248	-9.763613	-3.926947
-109.319566	-3.859326	-2.804873
-109.330884	4.746016	3.463487
-109.342202	-0.100964	-5.075877
-109.353520	-9.118534	9.232975
-109.364838	-0.398863	-2.357050
-109.376156	0.641849	1.235445
-109.387474	-3.081661	9.937756
-109.398792	-4.301326	6.354449
-109.410110	-9.508564	2.032849
-109.421427	0.310885	7.900910
-109.432745	-1.046565	3.280783
-109.444063	0.885290	3.517291
-109.455381	-12.289052	12.733342
-109.466699	-7.769387	-2.439502
-109.478017	-5.028229	5.112987
-109.489335	1.825389	5.047506
-109.500653	-0.323800	-3.402155
-109.511971	0.135455	8.276305
-109.523289	10.274519	-3.595536
-109.534606	1.043426	8.430060
-109.545924	-2.600739	0.960629
-109.557242	-1.358800	3.434915
-109.568560	1.943594	2.960987
-109.579878	-7.126907	3.360441
-109.591196	-4.426209	2.164801
-109.602514	-8.380469	6.665497
-109.613832	-9.073089	4.021383
-109.625150	-10.702590	0.272918
-109.636467	3.933996	-3.613474
-109.647785	-2.409896	-1.286847
-109.659103	4.442950	4.928092
-109.670421	-0.054091	1.082862
-109.681739	-11.601741	2.066897
-109.693057	-4.629776	5.110065
-109.704375	1.619785	8.024874
-109.715693	-4.176982	2.624495
-109.727011	-6.700600	1.042860
-109.738329	-3.279163	-2.024324
-109.749646	-2.683727	4.046279
-109.760964	-7.288282	7.609057
-109.772282	-4.419923	-0.890111
-109.783600	-7.736663	4.162903
-109.794918	-14.756047	3.356640
-109.806236	-4.410344	1.191125
-109.817554	-7.327696	2.227300
-109.828872	-8.366263	0.554820
-109.840190	-8.514506	13.895098
-109.851508	0.488875	6.604022
-109.862825	-6.399019	-1.132771
-109.874143	-0.133450	-1.994839
-109.885461	-0.275759	1.553760
-109.896779	4.423313	6.013000
-109.908097	-0.110974	-0.551623
-109.919415	-7.114185	-0.980744
-109.930733	-0.133196	-0.520607
-109.942051	4.479263	-3.514998
-109.953369	-3.116605	5.802607
-109.964687	-4.411940	-6.354881
-109.976004	5.621292	-1.712820
-109.987322	8.946712	-10.156634
-109.998640	7.197755	-7.367491
-110.009958	-3.198931	8.785587
-110.021276	0.955829	-5.367267
-110.032594	-14.375669	1.038548
-110.043912	-9.391579	5.279240
-110.055230	-3.470295	-5.335328
-110.066548	-13.332618	8.476067
-110.077865	-4.948903	7.298911
-110.089183	-3.453897	4.924908
-110.100501	-7.381582	1.509511
-110.111819	0.405924	10.240098
-110.123137	-1.248814	7.621472
-110.134455	2.775228	-6.088143
-110.145773	-7.058139	7.566096
-110.157091	-0.010870	-0.925447
-110.168409	-4.988933	-6.179416
-110.179727	-6.611732	-1.534345
-110.191044	-2.873002	7.031555
-110.202362	-0.672813	1.472554
-110.213680	3.768741	3.013270
-110.224998	-0.629053	-0.590716
-110.236316	-9.345126	2.449824
-110.247634	-9.738847	1.021630
-110.258952	-8.885426	7.006353
-110.270270	-2.257373	-9.823720
-110.281588	4.695061	-0.466700
-110.292906	-5.103063	-0.984043
-110.304223	6.768931	9.637843
-110.315541	1.926059	10.998754
-110.326859	-12.891183	-0.112922
-110.338177	-4.780586	4.094526
-110.349495	-2.056887	10.522369
-110.360813	-11.860309	-0.253937
-110.372131	-5.303233	0.528765
-110.383449	-2.223429	11.471848
-110.394767	-2.920626	-0.077544
-110.406084	-1.676674	6.655697
-110.417402	-0.499258	-5.356892
-110.428720	-14.101377	2.719935
-110.440038	-4.781605	1.565328
-110.451356	-12.433877	-3.625060
-110.462674	2.624205	12.767845
-110.473992	-8.822817	-0.928204
-110.485310	-10.124628	7.564117
-110.496628	-2.105016	0.941991
-110.507946	2.310540	2.219162
-110.519263	-0.086400	4.192122
-110.530581	1.837482	7.332870
-110.541899	-6.828237	-4.392434
-110.553217	-6.400459	0.932326
-110.564535	2.533488	0.111328
-110.575853	-9.057992	6.424719
-110.587171	-3.503905	7.079831
-110.598489	-7.280710	4.857543
-110.609807	-4.615727	7.475944
-110.621125	-6.488370	1.384470
-110.632442	2.339191	1.913831
-110.643760	-2.201047	9.190302
-110.655078	-3.203207	-0.202151
-110.666396	-3.047992	1.693480
-110.677714	2.294124	0.618298
-110.689032	-0.053183	9.236729
-110.700350	1.668634	14.777940
-110.711668	-13.817321	-4.342290
-110.722986	-7.909589	-1.645925
-110.734304	-0.029896	2.446095
-110.745621	-6.037783	4.839678
-110.756939	-5.621752	2.167445
-110.768257	-0.394233	4.867263
-110.779575	-5.085045	2.226504
-110.790893	-5.996913	-7.542991
-110.802211	-5.291360	4.986569
-110.813529	-11.547603	1.252259
-110.824847	-5.243152	3.634907
-110.836165	-8.439077	1.085047
-110.847482	13.690514	-2.449156
-110.858800	1.377653	9.209606
-110.870118	0.244095	-0.637535
-110.881436	0.286812	1.378328
-110.892754	-2.286486	9.016609
-110.904072	-6.098757	1.736131
-110.915390	-1.269366	-3.585166
-110.926708	-0.442439	6.137831
-110.938026	-0.526455	-2.057554
-110.949344	-10.159891	3.513770
-110.960661	1.048609	8.183995
-110.971979	2.726241	-7.386707
-110.983297	-4.951987	6.238406
-110.994615	6.939005	-5.694183
-111.005933	-4.690513	10.069476
-111.017251	-2.578623	3.113219
-111.028569	-10.346296	0.620797
-111.039887	2.797040	8.004478
-111.051205	-8.209561	11.805673
-111.062523	3.143716	8.089424
-111.073840	-2.621489	-1.370463
-111.085158	-4.054507	4.523278
-111.096476	-5.698855	0.427430
-111.107794	-3.409263	0.085288
-111.119112	-10.903106	6.662331
-111.130430	-1.941813	0.681258
-111.141748	-3.365636	1.474467
-111.153066	6.383784	6.011766
-111.164384	-4.126489	4.336220
-111.175701	-6.466035	-1.672416
-111.187019	-2.469734	2.365088
-111.198337	-6.730867	6.275583
-111.209655	-3.275748	6.507071
-111.220973	-3.325168	4.618282
-111.232291	-4.988580	1.422016
-111.243609	0.004234	0.606223
-111.254927	0.419533	6.373274
-111.266245	-1.480325	5.765612
-111.277563	-2.358246	-7.717621
-111.288880	-3.523378	10.339506
-111.300198	-5.638324	0.033982
-111.311516	-9.681059	4.124940
-111.322834	-4.388383	-3.909995
-111.334152	-3.342104	4.375591
-111.345470	-3.735594	-2.949841
-111.356788	-6.503464	-5.784334
-111.368106	-4.257297	-3.726346
-111.379424	0.729359	6.131557
-111.390742	-10.181564	13.325479
-111.402059	-0.745082	5.400843
-111.413377	-4.821637	5.169942
-111.424695	-4.963927	1.637601
-111.436013	-2.112417	1.417114
-111.447331	-6.070095	13.045468
-111.458649	-1.370062	9.326800
-111.469967	-7.981668	5.803752
-111.481285	1.771057	1.192937
-111.492603	-7.211695	5.075734
-111.503920	2.331134	16.793135
-111.515238	-9.891852	0.352497
-111.526556	-1.054384	3.695855
-111.537874	-13.861288	12.128006
-111.549192	-0.274894	5.177746
-111.560510	6.475224	-0.786891
-111.571828	-8.016588	7.545231
-111.583146	-2.105160	-1.897565
-111.594464	-4.141004	8.253658
-111.605782	1.526209	0.213724
-111.617099	1.188192	9.051730
-111.628417	-10.798353	5.934694
-111.639735	-10.014773	5.137624
-111.651053	-8.215576	-3.285563
-111.662371	-3.691760	-3.917697
-111.673689	-9.210857	12.186597
-111.685007	-2.932924	6.102937
-111.696325	-7.651362	4.529449
-111.707643	-4.697849	-0.657425
-111.718961	-3.182589	0.480304
-111.730278	-6.774617	4.800510
-111.741596	2.400333	3.552737
-111.752914	4.422149	11.197874
-111.764232	-1.143769	-13.006127
-111.775550	-9.826866	8.113938
-111.786868	-3.572149	4.387796
-111.798186	-2.637533	0.725233
-111.809504	-3.704367	-2.321934
-111.820822	-8.837564	5.543983
-111.832140	5.894772	-4.732946
-111.843457	6.125718	-0.242553
-111.854775	1.769456	11.884160
-111.866093	-0.724254	-2.342343
-111.877411	0.514906	-2.590453
-111.888729	0.251529	-6.807961
-111.900047	-9.220769	3.071807
-111.911365	-5.573638	5.816909
-111.922683	-3.814531	8.523809
-111.934001	-4.732992	-0.841296
-111.945318	-3.769137	3.410470
-111.956636	0.673917	3.526742
-111.967954	-2.522954	4.496730
-111.979272	-3.862117	8.281241
-111.990590	-4.622698	4.058709
-112.001908	-0.345567	-1.196877
-112.013226	-2.120722	6.026656
-112.024544	-2.308505	3.690900
-112.035862	-3.970130	4.746952
-112.047180	-1.685678	-3.271257
-112.058497	8.122285	0.370973
-112.069815	-8.708119	4.836730
-112.081133	-0.598184	4.755570
-112.092451	5.469110	3.854241
-112.103769	-1.112543	-9.260194
-112.115087	3.979651	3.582651
-112.126405	4.008202	-5.340483
-112.137723	-14.121904	-2.584033
-112.149041	-4.739068	8.267447
-112.160359	0.396910	5.677341
-112.171676	7.907341	3.584216
-112.182994	1.170615	3.223251
-112.194312	-4.598555	4.283616
-112.205630	-7.346300	-2.207614
-112.216948	-1.171332	15.229086
-112.228266	2.891070	-0.129730
-112.239584	3.907706	-1.327561
-112.250902	-3.527683	1.316803
-112.262220	-7.386052	1.858906
-112.273537	-2.448520	-4.734557
-112.284855	-1.179488	10.079576
-112.296173	-4.203621	5.104731
-112.307491	4.632493	-2.921916
-112.318809	-2.296346	-1.393613
-112.330127	3.419184	-2.332008
-112.341445	3.042028	0.701657
-112.352763	-0.367375	8.268955
-112.364081	3.379614	4.742337
-112.375399	-7.502714	17.138205
-112.386716	3.096509	-0.434353
-112.398034	-0.841798	3.936241
-112.409352	-0.534499	6.567986
-112.420670	-4.206056	4.162853
-112.431988	-5.986252	7.085708
-112.443306	-3.172992	0.569811
-112.454624	-1.892663	0.843922
-112.465942	-11.451171	3.757350
-112.477260	-11.179711	2.135903
-112.488578	-7.581552	5.435460
-112.499895	-5.957322	8.463943
-112.511213	-3.214165	7.646175
-112.522531	-4.266444	4.238633
-112.533849	-7.310676	-1.006132
-112.545167	-4.828573	1.263830
-112.556485	-1.345700	5.382051
-112.567803	-5.217125	1.248263
-112.579121	-4.025227	2.475462
-112.590439	6.055758	9.913799
-112.601756	-5.212458	16.335453
-112.613074	5.316990	3.949393
-112.624392	-1.066113	0.515987
-112.635710	-2.477952	5.008286
-112.647028	-7.176174	5.609485
-112.658346	-0.578636	10.926794
-112.669664	-5.313346	16.247047
-112.680982	1.324693	3.880644
-112.692300	-7.122041	2.143750
-112.703618	-2.309534	-4.103983
-112.714935	-7.164904	4.289014
-112.726253	1.607001	3.034502
-112.737571	-9.014987	2.713441
-112.748889	-3.541418	2.380383
-112.760207	-6.221597	7.326671
-112.771525	0.214492	-3.183282
-112.782843	0.067376	2.761594
-112.794161	-4.442990	8.418477
-112.805479	2.553422	3.487298
-112.816797	-4.802240	8.358650
-112.828114	-5.399658	19.450174
-112.839432	-11.212276	2.023054
-112.850750	-2.144436	1.569121
-112.862068	-1.954901	-3.063344
-112.873386	0.108426	-7.534151
-112.884704	-9.866542	2.889428
-112.896022	-7.151994	-5.538694
-112.907340	-8.389387	-2.672203
-112.918658	-0.870482	-3.809820
-112.929976	1.750875	-2.074398
-112.941293	-0.811718	-1.361933
-112.952611	-8.978836	1.070198
-112.963929	-3.078950	0.043861
-112.975247	-1.258472	6.105822
-112.986565	6.807591	6.014296
-112.997883	-9.482356	7.132220
-113.009201	-3.968237	3.935234
-113.020519	-4.549359	-6.490182
-113.031837	-2.589826	-2.989329
-113.043154	-6.614357	1.214472
-113.054472	2.930998	3.124843
-113.065790	-4.796626	-2.418861
-113.077108	-11.186151	-0.235384
-113.088426	-2.342030	-8.136018
-113.099744	4.283218	9.618873
-113.111062	-3.476660	5.501009
-113.122380	-4.408919	8.294901
-113.133698	-3.779160	10.478130
-113.145016	1.021421	8.581847
-113.156333	-1.322157	5.304940
-113.167651	-12.509437	8.040763
-113.178969	-9.274084	12.114587
-113.190287	-3.812053	-0.355455
-113.201605	-1.948915	10.811187
-113.212923	-0.194208	13.253650
-113.224241	-5.827758	6.339890
-113.235559	3.995893	-2.915876
-113.246877	1.456032	7.342063
-113.258195	3.313385	1.826723
-113.269512	7.507253	2.325114
-113.280830	-1.386557	18.465475
-113.292148	-6.262084	4.358513
-113.303466	-8.002616	-7.269855
-113.314784	-5.048971	-4.361579
-113.326102	1.917202	0.186946
-113.337420	4.635081	-7.427895
-113.348738	6.452399	3.267926
-113.360056	-3.289832	3.435495
-113.371373	-3.992558	1.462371
-113.382691	-4.659929	5.711490
-113.394009	-4.001626	5.277184
-113.405327	-0.662327	8.324529
-113.416645	3.114125	12.984667
-113.427963	-4.174890	-4.171885
-113.439281	1.084383	-2.594678
-113.450599	7.475356	-1.756330
-113.461917	-14.621887	9.418831
-113.473235	-2.860367	1.564029
-113.484552	-1.048589	-5.644245
-113.495870	4.308440	3.327667
-113.507188	-5.705470	0.915250
-113.518506	-2.415849	4.221693
-113.529824	-9.763644	7.371237
-113.541142	3.553326	6.098228
-113.552460	5.114647	-0.471360
-113.563778	3.890155	-4.273295
-113.575096	-11.700119	-7.920366
-113.586414	-9.034458	4.404805
-113.597731	0.124399	-9.149177
-113.609049	3.580245	9.588721
-113.620367	-2.857804	10.580681
-113.631685	-0.939411	-2.040340
-113.643003	-9.737460	7.610446
-113.654321	-2.604109	-1.116367
-113.665639	-0.665282	4.990854
-113.676957	-2.336520	2.013504
-113.688275	-0.459715	-2.843762
-113.699592	-10.640762	-3.195011
-113.710910	-1.035906	2.793659
-113.722228	1.433428	2.219432
-113.733546	-2.918803	9.018052
-113.744864	-0.232648	6.206008
-113.756182	-4.744817	1.873076
-113.767500	-3.187371	1.454898
-113.778818	-6.098682	8.547616
-113.790136	-0.523193	3.913390
-113.801454	0.897554	6.249874
-113.812771	4.701210	-0.613573
-113.824089	-4.037596	1.466736
-113.835407	-8.060504	8.252873
-113.846725	-2.767316	8.939615
-113.858043	2.559426	-5.517947
-113.869361	0.929253	1.093583
-113.880679	-4.232985	-7.586788
-113.891997	-2.283124	-4.794197
-113.903315	0.986685	12.312915
-113.914633	-0.927728	3.002248
-113.925950	2.344173	9.275224
-113.937268	-0.267969	11.655698
-113.948586	0.387652	4.018229
-113.959904	-0.044593	1.774850
-113.971222	5.373702	3.644504
-113.982540	-12.509964	0.727439
-113.993858	2.170803	-3.510183
-114.005176	-5.036395	-0.479165
-114.016494	-10.903135	8.443345
-114.027812	-0.579773	11.843199
-114.039129	5.453123	4.909564
-114.050447	-2.864224	-2.569285
-114.061765	8.666040	-3.876221
-114.073083	-11.682407	5.215258
-114.084401	0.418642	-2.661359
-114.095719	-4.472934	9.589605
-114.107037	0.453264	10.060390
-114.118355	-0.211718	2.693419
-114.129673	-1.732661	7.515594
-114.140990	-10.646020	2.652190
-114.152308	-11.895453	-2.822429
-114.163626	-8.306026	8.426490
-114.174944	-2.805472	3.188709
-114.186262	-4.643439	6.849888
-114.197580	2.569201	1.646879
-114.208898	-4.884085	8.598746
-114.220216	-6.405384	-4.973988
-114.231534	0.788240	4.981608
-114.242852	-2.072713	8.246312
-114.254169	3.507224	4.344596
-114.265487	-1.865110	15.396991
-114.276805	-5.745478	-10.943114
-114.288123	1.360942	-3.592226
-114.299441	-7.355413	12.981783
-114.310759	0.643508	3.192515
-114.322077	-9.825290	2.542146
-114.333395	1.957662	-5.573128
-114.344713	1.346308	1.771332
-114.356031	-13.061953	5.768524
-114.367348	-2.573643	-8.550253
-114.378666	3.957678	4.315044
-114.389984	-5.145254	-0.944773
-114.401302	6.017657	-1.886695
-114.412620	-3.971518	11.595754
-114.423938	5.363500	-0.758547
-114.435256	-4.324957	3.306504
-114.446574	-10.395121	-5.193575
-114.457892	-1.813355	4.310766
-114.469209	1.422325	11.099147
-114.480527	6.470373	6.656576
-114.491845	7.237289	3.816744
-114.503163	0.208178	0.427396
-114.514481	6.869298	-7.336466
-114.525799	-10.181458	2.202947
-114.537117	-1.004035	6.537282
-114.548435	-0.553144	3.779475
-114.559753	-6.961583	2.044168
-114.571071	-6.302564	-1.405593
-114.582388	2.059731	6.632870
-114.593706	0.081526	5.395917
-114.605024	0.927633	2.095097
-114.616342	-1.775139	-0.336849
-114.627660	0.919783	-1.727358
-114.638978	6.656930	3.421898
-114.650296	0.979875	-4.785313
-114.661614	-1.957349	17.278921
-114.672932	-3.668969	-11.050179
-114.684250	3.560257	-7.498815
-114.695567	-1.549363	3.795088
-114.706885	-4.987983	9.314405
-114.718203	-1.220385	1.732050
-114.729521	-6.350040	2.449138
-114.740839	-5.211703	0.922974
-114.752157	5.884503	-2.107709
-114.763475	4.942607	2.382262
-114.774793	-4.507200	2.756825
-114.786111	-15.705374	-1.841057
-114.797428	-4.636093	-0.915475
-114.808746	3.545087	1.067729
-114.820064	-0.701230	-8.374381
-114.831382	-8.680085	-4.027143
-114.842700	1.170940	-1.733557
-114.854018	3.855551	5.650244
-114.865336	0.874005	0.671111
-114.876654	-3.874623	-0.139031
-114.887972	-4.231686	-1.310426
-114.899290	2.083351	9.979772
-114.910607	-8.156507	-5.016211
-114.921925	-5.912323	-6.358177
-114.933243	4.887357	-2.393408
-114.944561	1.158663	8.922606
-114.955879	1.533277	1.134395
-114.967197	-3.054738	4.517913
-114.978515	-5.765437	3.463034
-114.989833	-4.777089	0.295452
-115.001151	-1.435232	10.301600
-115.012469	-4.441794	5.976452
-115.023786	-13.455770	1.619818
-115.035104	4.239018	10.345265
-115.046422	-4.358581	3.530028
-115.057740	-12.046863	5.778892
-115.069058	-7.936365	6.138235
-115.080376	-9.878196	-0.121435
-115.091694	-1.070222	4.088061
-115.103012	0.835886	13.540397
-115.114330	-7.477534	5.215728
-115.125648	3.049958	6.460901
-115.136965	-4.293381	7.554701
-115.148283	0.324037	-6.083789
-115.159601	-1.548224	0.958201
-115.170919	-5.000658	-2.146197
-115.182237	1.556410	5.503998
-115.193555	3.151706	7.483685
-115.204873	-3.180614	1.416141
-115.216191	-5.296225	6.770542
-115.227509	-6.573740	11.323514
-115.238826	-5.217881	5.251928
-115.250144	1.560008	-5.926278
-115.261462	3.842763	5.233515
-115.272780	-0.797056	5.655214
-115.284098	-4.032337	2.712384
-115.295416	-13.628412	5.124759
-115.306734	-5.272781	-7.386837
-115.318052	-1.051438	1.606704
-115.329370	8.365289	10.065107
-115.340688	-4.491638	-5.515249
-115.352005	-6.198454	1.277700
-115.363323	-11.530913	5.672732
-115.374641	-3.916511	-2.096148
-115.385959	-1.193426	4.835825
-115.397277	0.834836	-5.486232
-115.408595	-1.757094	9.822855
-115.419913	-0.461490	3.689105
-115.431231	-7.863992	5.499074
-115.442549	-2.899953	3.580470
-115.453867	-5.290365	0.545775
-115.465184	-2.120796	6.262639
-115.476502	-4.249946	1.986223
-115.487820	-3.403076	-3.174331
-115.499138	0.706261	2.686730
-115.510456	-3.151049	0.764690
-115.521774	-2.255841	0.662639
-115.533092	-10.130477	5.105723
-115.544410	-1.752835	-6.935179
-115.555728	-0.317184	-0.623068
-115.567045	1.406405	7.341607
-115.578363	-3.221552	-4.437435
-115.589681	-6.097662	8.073299
-115.600999	-4.171075	1.456279
-115.612317	4.711726	5.419262
-115.623635	-9.982626	5.045895
-115.634953	6.153943	7.812881
-115.646271	-3.120137	3.851285
-115.657589	1.075536	1.827168
-115.668907	2.188718	3.333962
-115.680224	3.383464	-4.021467
-115.691542	-0.458857	4.935490
-115.702860	0.605969	12.859652
-115.714178	-2.151142	-3.977154
-115.725496	0.952842	-2.637953
-115.736814	-3.515260	2.052037
-115.748132	-4.230777	2.899460
-115.759450	-8.494690	6.570473
-115.770768	-1.910231	-2.645147
-115.782086	-2.629148	7.515839
-115.793403	-0.222998	4.436127
-115.804721	-1.326172	-0.914712
-115.816039	-16.690025	-0.325224
-115.827357	-7.281412	-6.162871
-115.838675	-4.800994	3.271293
-115.849993	2.039022	-1.090713
-115.861311	3.833526	6.392539
-115.872629	-10.958123	1.248027
-115.883947	0.584478	4.567663
-115.895264	-4.023237	4.851626
-115.906582	5.920249	0.466241
-115.917900	-4.496079	5.383217
-115.929218	-7.474513	-2.647710
-115.940536	-6.618794	-11.048788
-115.951854	-12.737223	-3.672130
-115.963172	5.702734	2.709135
-115.974490	6.236121	2.887991
-115.985808	6.278500	0.970277
-115.997126	-7.197924	5.752398
-116.008443	-4.424363	16.597645
-116.019761	-5.023401	2.670905
-116.031079	-0.442425	0.652650
-116.042397	-10.129550	9.283119
-116.053715	-2.953480	-0.854021
-116.065033	1.574550	4.168694
-116.076351	-5.536028	3.094523
-116.087669	-5.452802	-0.822505
-116.098987	-9.155919	6.582697
-116.110305	-1.621841	7.468015
-116.121622	-5.033418	1.286686
-116.132940	-12.086025	6.462918
-116.144258	3.231907	-13.628971
-116.155576	-7.868023	1.747810
-116.166894	-11.112188	-0.386211
-116.178212	-1.312637	0.256121
-116.189530	-9.077543	4.148416
-116.200848	-1.467285	3.456010
-116.212166	-1.853544	1.121692
-116.223484	5.059474	-1.177756
-116.234801	12.442645	9.898691
-116.246119	-3.028227	-9.013457
-116.257437	-8.568007	7.250215
-116.268755	-0.028418	13.531307
-116.280073	-9.937491	-1.792883
-116.291391	-4.268146	1.760656
-116.302709	-9.929213	8.392716
-116.314027	1.658885	7.205214
-116.325345	-2.982335	5.487745
-116.336662	-7.724473	-5.422335
-116.347980	-0.568959	0.893882
-116.359298	1.033882	4.774126
-116.370616	6.618832	0.493302
-116.381934	-4.818603	1.337033
-116.393252	-7.707399	1.856451
-116.404570	-1.672759	-11.585551
-116.415888	1.420028	-2.604371
-116.427206	4.619538	-1.915592
-116.438524	-8.768923	5.070980
-116.449841	-12.048970	2.983202
-116.461159	0.135217	1.121274
-116.472477	-0.294963	-0.318513
-116.483795	-3.160855	8.365963
-116.495113	-8.537924	2.330059
-116.506431	-8.464657	3.266467
-116.517749	-0.729020	5.191543
-116.529067	-5.205625	-3.892355
-116.540385	-4.332094	8.057594
-116.551703	-9.739394	15.586402
-116.563020	-2.003603	3.194135
-116.574338	-3.657699	8.684555
-116.585656	-1.044477	-8.123308
-116.596974	-1.762549	5.985544
-116.608292	-7.707002	9.027841
-116.619610	-4.927378	3.949058
-116.630928	1.150739	2.371814
-116.642246	-6.243896	3.312921
-116.653564	2.090604	5.364780
-116.664881	-1.880521	3.342196
-116.676199	-5.433246	-3.858725
-116.687517	3.884653	8.755891
-116.698835	4.345458	0.758592
-116.710153	-0.366978	2.991931
-116.721471	1.358115	-11.789642
-116.732789	-12.783924	7.224676
-116.744107	-9.762445	9.334183
-116.755425	3.339209	6.802804
-116.766743	8.675439	1.121785
-116.778060	-1.644934	4.652387
-116.789378	-1.185755	-0.665233
-116.800696	-6.402179	3.552849
-116.812014	-10.391759	6.331378
-116.823332	-0.679268	4.491401
-116.834650	-5.754903	5.082261
-116.845968	-3.318732	-2.683487
-116.857286	1.603364	3.637700
-116.868604	0.874956	-0.582195
-116.879922	-2.820946	7.100379
-116.891239	2.703419	-3.688509
-116.902557	-13.257399	5.049549
-116.913875	-1.912818	5.384964
-116.925193	0.944851	-8.558968
-116.936511	-2.549773	9.055546
-116.947829	-5.247260	4.250646
-116.959147	-10.265922	3.268301
-116.970465	-4.015538	0.873251
-116.981783	-0.878371	-3.485866
-116.993100	6.838090	-0.806056
-117.004418	3.675127	6.198827
-117.015736	-2.709902	-0.636178
-117.027054	-8.231264	-1.249184
-117.038372	-10.008093	-3.424685
-117.049690	1.117244	0.281405
-117.061008	-8.144122	-2.078246
-117.072326	-4.066009	1.026600
-117.083644	-10.143611	6.120368
-117.094962	-11.559258	4.200405
-117.106279	7.550939	7.195326
-117.117597	-12.200897	-3.761074
-117.128915	-7.684015	1.167797
-117.140233	-4.956215	-3.075773
-117.151551	1.135992	-3.128457
-117.162869	6.162705	5.979771
-117.174187	3.164917	-5.182725
-117.185505	-8.458387	2.653947
-117.196823	-5.780929	1.075249
-117.208141	-3.776505	-2.214283
-117.219458	-1.742162	-2.239698
-117.230776	-1.820221	4.273341
-117.242094	-5.521334	11.026158
-117.253412	-0.705324	5.859586
-117.264730	3.087272	-6.532871
-117.276048	-5.161753	-4.548143
-117.287366	-9.068119	4.711015
-117.298684	-6.315204	3.966331
-117.310002	-11.532765	-1.962451
-117.321320	-5.756488	3.225729
-117.332637	0.907449	-3.279994
-117.343955	-12.354980	4.144089
-117.355273	7.404338	11.383170
-117.366591	-11.122109	12.123169
-117.377909	-7.854187	4.204506
-117.389227	-2.276882	1.057518
-117.400545	5.358222	3.523394
-117.411863	-1.678799	5.927268
-117.423181	-4.880215	-2.044507
-117.434498	0.963953	5.960701
-117.445816	1.651626	12.945940
-117.457134	-0.453356	4.118431
-117.468452	-8.209975	-4.684039
-117.479770	-8.114319	11.176975
-117.491088	2.507597	-3.161774
-117.502406	-1.326887	2.801903
-117.513724	-8.135584	10.274057
-117.525042	-2.967494	8.149650
-117.536360	6.268167	4.833246
-117.547677	0.662262	7.858558
-117.558995	4.213361	10.965130
-117.570313	-0.051798	-6.387004
-117.581631	6.743564	8.886382
-117.592949	-9.103761	-0.787027
-117.604267	4.378130	-6.582516
-117.615585	8.851875	8.358257
-117.626903	-3.359854	-2.393996
-117.638221	-1.903877	3.555124
-117.649539	-2.388268	4.914922
-117.660856	-10.798595	-10.470822
-117.672174	-9.922301	1.685968
-117.683492	1.503733	3.003888
-117.694810	2.015499	2.156262
-117.706128	-1.442445	10.469819
-117.717446	1.872202	1.729924
-117.728764	-5.470412	7.489658
-117.740082	-4.678896	-4.029026
-117.751400	-4.548593	5.370787
-117.762717	-5.330916	-6.744280
-117.774035	0.321566	-1.337218
-117.785353	0.845306	8.127857
-117.796671	-1.581404	4.367676
-117.807989	-5.752192	1.384351
-117.819307	-7.962333	1.936858
-117.830625	-7.326731	7.461002
-117.841943	-6.156961	2.500226
-117.853261	3.718608	-5.734673
-117.864579	2.907665	0.984514
-117.875896	-11.679787	5.495591
-117.887214	1.976218	-1.918312
-117.898532	-1.698707	2.288949
-117.909850	1.796542	0.158866
-117.921168	-6.052606	6.390184
-117.932486	-5.380499	-2.945590
-117.943804	-12.788700	2.922622
-117.955122	7.666135	1.343363
-117.966440	-0.777660	0.676819
-117.977758	-0.783038	6.126542
-117.989075	-9.584897	-0.810834
-118.000393	0.168213	-6.175354
-118.011711	-3.576777	-1.224934
-118.023029	-2.821650	-1.919010
-118.034347	8.378219	4.946486
-118.045665	-1.270027	5.791744
-118.056983	-4.458315	-1.861851
-118.068301	-6.109328	-0.067975
-118.079619	6.876283	-2.825906
-118.090937	3.133148	-1.541963
-118.102254	-5.524212	-2.805038
-118.113572	-2.078139	-3.962186
-118.124890	-7.082991	-0.890752
-118.136208	-2.609189	-7.548788
-118.147526	-8.338081	2.726189
-118.158844	-0.727351	4.158998
-118.170162	3.709524	-0.763148
-118.181480	4.536856	6.819763
-118.192798	0.154923	0.031298
-118.204115	5.104671	6.343635
-118.215433	-8.428141	7.033573
-118.226751	-4.509142	7.115378
-118.238069	5.300642	2.344509
-118.249387	-2.289021	1.290603
-118.260705	-0.609584	-8.564941
-118.272023	-1.470367	1.870701
-118.283341	3.260741	8.409087
-118.294659	-1.163102	3.161799
-118.305977	-5.888557	9.736668
-118.317294	-5.327897	6.288755
-118.328612	-2.580842	1.618835
-118.339930	-1.961385	-0.779276
-118.351248	7.532074	-0.755007
-118.362566	-1.519979	-4.430366
-118.373884	0.410292	11.811841
-118.385202	-5.035223	0.144632
-118.396520	-7.336870	12.800217
-118.407838	-3.665743	2.425712
-118.419156	2.650306	-2.672939
-118.430473	-11.216894	-1.535963
-118.441791	1.625923	1.539399
-118.453109	2.057617	0.186336
-118.464427	-1.455510	0.396426
-118.475745	-5.364457	-0.356477
-118.487063	-0.421164	5.405853
-118.498381	-2.144036	4.144035
-118.509699	0.059873	7.597589
-118.521017	1.575991	3.565035
-118.532334	-1.912841	-2.716136
-118.543652	-2.020938	16.977774
-118.554970	0.833964	6.857841
-118.566288	0.874129	9.810299
-118.577606	-0.819408	-0.135086
-118.588924	4.758668	3.766236
-118.600242	-4.063238	2.141832
-118.611560	1.748530	-2.739972
-118.622878	-2.781943	0.919399
-118.634196	-6.764552	11.760653
-118.645513	0.113516	-3.532726
-118.656831	-8.279994	3.703944
-118.668149	-3.996410	4.084270
-118.679467	-4.936008	-2.775463
-118.690785	-8.346492	-2.003042
-118.702103	-6.718990	-2.217941
-118.713421	-4.231916	-1.227863
-118.724739	-7.478245	10.910612
-118.736057	1.156359	0.438514
-118.747375	0.186113	-0.836834
-118.758692	-5.268314	-1.412651
-118.770010	-1.251569	10.808116
-118.781328	-3.433654	8.676282
-118.792646	-7.824131	-2.852628
-118.803964	5.169031	3.154704
-118.815282	-9.526292	-4.644349
-118.826600	-2.765255	-8.655840
-118.837918	-11.505300	-9.649865
-118.849236	-6.593050	-13.413464
-118.860553	-2.071635	3.048990
-118.871871	-6.214999	8.319830
-118.883189	5.423670	8.106422
-118.894507	0.956619	2.575918
-118.905825	-2.050087	4.964980
-118.917143	0.065398	10.853933
-118.928461	0.779973	1.777048
-118.939779	-8.846122	3.095616
-118.951097	-3.236823	8.753519
-118.962415	-2.858726	8.673979
-118.973732	-1.568279	1.568636
-118.985050	2.158960	8.891816
-118.996368	2.671115	2.588099
-119.007686	-11.462286	7.093145
-119.019004	-9.108403	10.245488
-119.030322	-5.489400	5.258857
-119.041640	12.868329	3.983806
-119.052958	-6.663488	-1.897517
-119.064276	-3.617864	7.192821
-119.075594	1.096943	-1.016849
-119.086911	2.665150	7.190323
-119.098229	3.451597	3.590418
-119.109547	8.710295	0.227363
-119.120865	2.068175	0.201207
-119.132183	0.302029	0.338563
-119.143501	-9.302397	6.125914
-119.154819	-2.769183	-1.039638
-119.166137	5.349829	1.365475
-119.177455	-9.352815	-3.805165
-119.188773	0.019311	5.421226
-119.200090	-3.333027	6.083218
-119.211408	4.449711	5.400103
-119.222726	11.686654	1.177624
-119.234044	-0.627276	8.189876
-119.245362	-2.891970	11.240861
-119.256680	-2.891732	-7.004593
-119.267998	7.117448	4.819692
-119.279316	6.758999	5.022179
-119.290634	-3.845483	1.132584
-119.301951	5.735888	1.026309
-119.313269	-11.703616	6.753702
-119.324587	1.833531	-2.348212
-119.335905	1.698802	9.147180
-119.347223	-4.217215	-0.466306
-119.358541	-2.322677	-1.873358
-119.369859	-10.263133	8.810351
-119.381177	7.369054	-1.159405
-119.392495	-2.002151	-2.172050
-119.403813	2.611181	-0.482916
-119.415130	-6.961598	5.125093
-119.426448	-1.122671	8.924706
-119.437766	1.063854	6.559042
-119.449084	9.910855	10.888262
-119.460402	-3.714823	-0.232178
-119.471720	-6.521738	-1.122570
-119.483038	-6.624735	1.725382
-119.494356	-1.985067	1.332371
-119.505674	8.771041	8.250188
-119.516992	3.982945	2.430475
-119.528309	8.659415	5.705618
-119.539627	0.169735	2.088218
-119.550945	-5.680772	4.606303
-119.562263	0.096608	0.999139
-119.573581	-3.262620	-1.763598
-119.584899	-1.590486	-4.823787
-119.596217	-3.773434	-6.019318
-119.607535	-5.806208	2.057813
-119.618853	-4.616374	-1.051301
-119.630170	1.038608	2.995146
-119.641488	1.987739	7.447477
-119.652806	-4.354409	3.371276
-119.664124	-3.681209	0.624021
-119.675442	1.474811	5.607800
-119.686760	-0.634921	9.414162
-119.698078	-4.346676	1.128883
-119.709396	-7.054235	10.037828
-119.720714	1.018452	1.983154
-119.732032	-7.929749	-3.522986
-119.743349	2.761320	3.139516
-119.754667	2.646230	-0.159726
-119.765985	-5.583069	-9.650564
-119.777303	2.582553	-9.186371
-119.788621	-9.111888	7.222638
-119.799939	1.348829	-7.948809
-119.811257	1.124565	0.181478
-119.822575	-8.389726	5.506443
-119.833893	-0.095788	-4.055211
-119.845211	-7.641511	10.706426
-119.856528	0.795389	7.164307
-119.867846	1.357731	-1.463124
-119.879164	-9.376066	1.525948
-119.890482	4.359358	0.602336
-119.901800	5.432547	-1.081820
-119.913118	-0.082858	1.796665
-119.924436	6.523294	3.283676
-119.935754	-13.802676	9.722914
-119.947072	-2.320377	-4.540615
-119.958389	-4.541876	-4.705797
-119.969707	4.364522	-4.697541
-119.981025	5.811141	-4.490406
-119.992343	-4.594101	4.388965
-120.003661	5.974865	3.089293
-120.014979	5.547140	3.895836
-120.026297	-2.579999	-1.018533
-120.037615	-4.926806	6.054847
-120.048933	3.985413	-0.971500
-120.060251	-0.505183	1.188097
-120.071568	-3.132157	0.657376
-120.082886	-3.435141	2.171343
-120.094204	-3.094051	-0.131564
-120.105522	-5.695323	-1.730890
-120.116840	-8.589654	5.228995
-120.128158	-4.075050	4.238605
-120.139476	-10.852267	4.587088
-120.150794	3.697657	12.969397
-120.162112	-6.376744	0.916570
-120.173430	3.560085	3.410227
-120.184747	-4.402292	2.754173
-120.196065	-6.360833	4.101525
-120.207383	-6.163417	9.148900
-120.218701	1.225645	9.580252
-120.230019	-4.350719	3.778077
-120.241337	-5.177552	-0.045950
-120.252655	0.257312	4.424622
-120.263973	1.466719	2.405381
-120.275291	8.317655	13.248626
-120.286609	1.634629	-1.012364
-120.297926	-3.093253	0.976552
-120.309244	-3.446100	1.432546
-120.320562	0.825220	5.211792
-120.331880	-2.813856	6.258288
-120.343198	-2.325818	11.698967
-120.354516	-2.014259	3.716004
-120.365834	0.908056	5.403553
-120.377152	1.061670	4.212883
-120.388470	-4.384326	3.815521
-120.399787	0.872581	7.318449
-120.411105	-10.472735	2.974949
-120.422423	-4.005932	-1.105507
-120.433741	-3.192184	6.358002
-120.445059	-7.755686	-1.041001
-120.456377	-1.080323	3.401532
-120.467695	0.512141	-0.374227
-120.479013	-4.243392	9.924897
-120.490331	-5.425824	14.167739
-120.501649	-8.417698	5.397759
-120.512966	2.983323	2.893080
-120.524284	-4.096850	2.947176
-120.535602	5.409540	-8.857637
-120.546920	2.488626	9.833426
-120.558238	-5.847260	1.834291
-120.569556	-10.004226	-5.976852
-120.580874	-6.950668	5.066884
-120.592192	-4.084470	-2.016804
-120.603510	0.897371	-2.631042
-120.614828	2.658710	6.059869
-120.626145	-0.957746	8.328563
-120.637463	-4.252931	6.047887
-120.648781	4.973644	2.634010
-120.660099	3.025331	1.650462
-120.671417	3.860719	4.985504
-120.682735	-0.302429	6.920690
-120.694053	-8.794698	9.289806
-120.705371	-0.013496	14.036215
-120.716689	-5.340825	-5.216039
-120.728006	5.695935	1.496203
-120.739324	3.449781	0.597470
-120.750642	-5.434590	-1.334574
-120.761960	1.347868	-0.573820
-120.773278	-6.146505	1.474281
-120.784596	2.465931	0.106331
-120.795914	-8.228980	11.462640
-120.807232	-3.413886	12.761149
-120.818550	6.846075	0.058836
-120.829868	2.748356	4.302604
-120.841185	0.320410	3.216814
-120.852503	-8.040904	5.287966
-120.863821	-8.712683	7.451520
-120.875139	9.250777	-0.691464
-120.886457	2.991546	4.960695
-120.897775	-1.202576	2.731648
-120.909093	-1.430258	0.860709
-120.920411	-4.715488	-3.625715
-120.931729	2.161080	-4.895411
-120.943047	-6.316558	-10.837668
-120.954364	-3.629111	-0.687655
-120.965682	-7.390159	5.252499
-120.977000	-7.029925	8.001067
-120.988318	-10.237789	-3.310935
-120.999636	2.108164	9.935787
-121.010954	7.980973	-0.445807
-121.022272	0.334659	-14.781684
-121.033590	-8.060700	5.505451
-121.044908	-2.630324	-8.440335
-121.056225	8.760580	0.884057
-121.067543	1.647141	-3.247962
-121.078861	-3.691899	0.126848
-121.090179	-11.964398	1.742522
-121.101497	-1.445096	-2.440964
-121.112815	7.161247	1.235099
-121.124133	-6.420518	0.176259
-121.135451	0.933840	6.246118
-121.146769	-6.207811	2.653578
-121.158087	4.099456	-3.666929
-121.169404	1.831844	-7.414627
-121.180722	3.144081	-1.428831
-121.192040	-4.827734	-3.402400
-121.203358	-10.991098	7.549418
-121.214676	0.096552	4.371124
-121.225994	3.371185	4.851526
-121.237312	-1.373705	-2.428173
-121.248630	-11.876493	-1.886283
-121.259948	-0.213717	-7.614255
-121.271266	-6.448223	-7.847544
-121.282583	-1.138298	0.848418
-121.293901	2.576621	-1.217733
-121.305219	-5.000978	0.198416
-121.316537	-10.970412	9.006768
-121.327855	-6.512113	1.535054
-121.339173	5.953277	5.497136
-121.350491	5.519781	-6.274982
-121.361809	-9.028538	3.448472
-121.373127	-3.651032	1.498743
-121.384445	0.344766	6.762457
-121.395762	9.828812	2.346480
-121.407080	0.718850	-0.619933
-121.418398	2.448824	9.649416
-121.429716	2.546093	8.282761
-121.441034	-0.013439	4.513615
-121.452352	-1.727949	3.548583
-121.463670	5.114678	-4.232185
-121.474988	10.437447	-6.973224
-121.486306	5.057958	0.427211
-121.497623	-2.308481	-2.638431
-121.508941	2.260303	-2.155593
-121.520259	-12.375713	10.801287
-121.531577	-2.360706	5.644778
-121.542895	-7.853899	12.387633
-121.554213	-0.180074	2.311945
-121.565531	-9.457718	0.089254
-121.576849	-2.895115	-0.358703
-121.588167	-5.310953	2.326381
-121.599485	-5.840983	-2.465086
-121.610802	2.352291	7.458842
-121.622120	-3.642850	-2.364542
-121.633438	1.479551	-8.608917
-121.644756	0.298765	10.976662
-121.656074	-9.894297	3.826438
-121.667392	-13.117714	-2.703616
-121.678710	-2.219292	0.481501
-121.690028	1.066559	1.799529
-121.701346	-4.845871	5.361938
-121.712664	-0.509024	2.948877
-121.723981	-1.289381	7.231635
-121.735299	-2.889042	1.739442
-121.746617	-4.252260	-4.691473
-121.757935	0.220947	4.626866
-121.769253	-8.240623	3.142240
-121.780571	3.969574	-4.068873
-121.791889	-1.665591	-1.681185
-121.803207	5.280448	0.328552
-121.814525	-3.802949	-2.587705
-121.825842	0.828365	7.906194
-121.837160	4.316679	3.174181
-121.848478	-5.209302	7.612374
-121.859796	10.034949	-10.279278
-121.871114	3.860139	8.082276
-121.882432	-4.563856	-0.199811
-121.893750	1.675779	-2.517640
-121.905068	-9.450204	5.705653
-121.916386	-4.576652	2.673226
-121.927704	4.341618	3.756100
-121.939021	-2.491760	2.574714
-121.950339	-3.395408	2.366657
-121.961657	-1.812989	1.903791
-121.972975	6.120346	10.656465
-121.984293	-6.236493	7.113441
-121.995611	-7.503566	13.336591
-122.006929	-0.382060	0.516653
-122.018247	3.153338	2.162710
-122.029565	1.896744	5.456708
-122.040883	14.192125	-9.249935
-122.052200	-8.329941	-1.268191
-122.063518	-2.991111	0.709564
-122.074836	0.265968	6.381742
-122.086154	6.953312	1.183919
-122.097472	5.251174	5.918431
-122.108790	-1.222784	3.255642
-122.120108	-6.946708	-6.450655
-122.131426	-7.685781	6.112661
-122.142744	-3.706696	2.767966
-122.154061	-3.188055	13.812852
-122.165379	-4.438206	0.124941
-122.176697	6.631217	13.155128
-122.188015	-8.560800	0.910225
-122.199333	-7.406079	-0.079569
-122.210651	-5.558015	2.874569
-122.221969	-8.785295	0.878065
-122.233287	0.630184	8.159855
-122.244605	-3.142627	4.109214
-122.255923	-4.341369	0.880122
-122.267240	0.009095	3.397394
-122.278558	0.580350	6.780852
-122.289876	-4.252723	16.807873
-122.301194	-4.861290	6.120694
-122.312512	0.690777	1.477536
-122.323830	2.406551	10.463115
-122.335148	-3.770620	-0.702396
-122.346466	3.159572	-6.232841
-122.357784	-10.567593	11.160849
-122.369102	3.646512	0.514873
-122.380419	16.611147	8.854176
-122.391737	-8.060603	6.805122
-122.403055	2.778168	4.942398
-122.414373	-0.728338	6.486229
-122.425691	-6.939361	-1.653020
-122.437009	5.949206	1.034134
-122.448327	-1.492514	2.004913
-122.459645	-0.887883	-3.405958
-122.470963	-6.457753	0.019784
-122.482281	-6.927775	-3.171872
-122.493598	2.130866	5.353335
-122.504916	3.367578	4.778009
-122.516234	-0.980453	2.928143
-122.527552	-4.273312	5.605339
-122.538870	-12.785024	0.717896
-122.550188	-1.174912	6.306602
-122.561506	-10.381419	-1.703627
-122.572824	1.753805	2.783892
-122.584142	-6.768712	-1.471389
-122.595459	-0.717456	-5.184111
-122.606777	-0.587856	-4.074458
-122.618095	0.843668	10.542532
-122.629413	-0.647330	5.383450
-122.640731	-14.898751	7.370473
-122.652049	-2.435372	-1.174186
-122.663367	-1.609851	6.264689
-122.674685	0.087855	-2.344994
-122.686003	1.087232	7.497128
-122.697321	-6.798732	1.793130
-122.708638	-5.144130	-0.723593
-122.719956	4.069760	-5.912855
-122.731274	1.945212	-3.353663
-122.742592	2.212259	5.282338
-122.753910	6.709180	-11.415960
-122.765228	6.192198	-5.007889
-122.776546	-2.038100	15.383652
-122.787864	-5.095803	2.985958
-122.799182	0.462083	5.429740
-122.810500	4.523159	3.476224
-122.821817	5.815032	-5.801513
-122.833135	10.015940	-2.243246
-122.844453	5.476908	-1.634018
-122.855771	3.187093	4.609030
-122.867089	-2.422060	8.188777
-122.878407	-0.072419	-4.191411
-122.889725	9.440137	6.383115
-122.901043	-3.382085	-5.756965
-122.912361	2.948742	2.637218
-122.923678	-0.874115	0.775295
-122.934996	-0.593255	-0.270493
-122.946314	-1.873966	-1.344721
-122.957632	-8.374634	-4.712142
-122.968950	5.354604	7.569448
-122.980268	-4.245268	7.619596
-122.991586	-0.088500	-2.059384
-123.002904	-2.572080	-7.048137
-123.014222	2.369815	1.317634
-123.025540	-0.612544	17.317984
-123.036857	-4.037190	-4.160736
-123.048175	-6.624306	-2.671876
-123.059493	4.972752	2.250385
-123.070811	-6.614436	-3.425774
-123.082129	-8.628250	4.549430
-123.093447	-7.737220	9.134786
-123.104765	-5.856217	11.332067
-123.116083	-1.279013	4.815148
-123.127401	-9.979877	-2.552217
-123.138719	-1.375007	5.016413
-123.150036	-4.671043	-4.099007
-123.161354	-5.193817	-5.542969
-123.172672	-3.840643	3.371512
-123.183990	4.305692	3.976025
-123.195308	-8.406389	4.469662
-123.206626	7.323757	-4.606543
-123.217944	0.145567	-6.043211
-123.229262	-2.895760	-0.182555
-123.240580	-2.532070	-1.896729
-123.251897	3.669982	0.970616
-123.263215	-4.904422	4.758198
-123.274533	-1.623379	2.605931
-123.285851	-3.167201	4.043938
-123.297169	-11.460797	5.679218
-123.308487	-9.797476	8.755654
-123.319805	3.255629	6.464847
-123.331123	-1.548522	0.078437
-123.342441	-7.697554	-5.088897
-123.353759	-2.457995	1.684904
-123.365076	6.995656	6.085889
-123.376394	-14.926431	-4.238175
-123.387712	1.964269	3.792424
-123.399030	6.616466	1.451887
-123.410348	9.429046	4.534438
-123.421666	1.679212	0.889795
-123.432984	-1.261896	0.518300
-123.444302	3.846367	1.128699
-123.455620	-1.786386	3.971157
-123.466938	-5.334535	3.507283
-123.478255	-7.632258	1.138329
-123.489573	4.058388	7.580964
-123.500891	-6.257419	-1.417781
-123.512209	-8.824490	-10.104259
-123.523527	-1.155484	-2.342125
-123.534845	-3.858814	7.587592
-123.546163	-11.327979	-5.016606
-123.557481	-2.136615	11.440200
-123.568799	1.004698	7.207035
-123.580117	1.708669	2.375342
-123.591434	11.071448	3.581595
-123.602752	-5.003920	0.028050
-123.614070	1.902346	0.887382
-123.625388	4.216489	3.284975
-123.636706	-2.392569	0.612048
-123.648024	-9.839875	7.934816
-123.659342	-0.192472	11.740670
-123.670660	0.698455	0.684155
-123.681978	-2.026712	0.706250
-123.693295	-4.327627	1.564940
-123.704613	-6.873425	-4.597709
-123.715931	1.851851	4.007340
-123.727249	-2.894991	0.736147
-123.738567	-1.418530	2.772547
-123.749885	0.707608	-0.094689
-123.761203	8.854968	9.732812
-123.772521	-5.952148	0.029573
-123.783839	-2.542369	9.112115
-123.795157	2.025826	10.058319
-123.806474	6.299627	9.343223
-123.817792	2.175854	5.834408
-123.829110	4.683066	5.038381
-123.840428	-2.375233	8.483424
-123.851746	1.859701	-2.750648
-123.863064	-3.875242	-9.189950
-123.874382	3.735832	3.010995
-123.885700	-5.110371	9.789143
-123.897018	5.716000	3.990954
-123.908336	-1.146406	5.738339
-123.919653	7.151881	-5.641102
-123.930971	-1.582798	12.014399
-123.942289	-5.516757	10.299026
-123.953607	-4.244989	-5.182806
-123.964925	-3.672779	1.195100
-123.976243	5.659854	4.851080
-123.987561	-1.843305	-1.824412
-123.998879	-11.247574	3.114611
-124.010197	-9.721371	-0.531604
-124.021514	-7.242102	6.256343
-124.032832	1.888607	2.143825
-124.044150	-8.476190	10.406174
-124.055468	7.683829	0.768166
-124.066786	-11.596350	-5.115284
-124.078104	-9.583502	8.605135
-124.089422	-0.703698	-1.806701
-124.100740	1.145913	6.842068
-124.112058	-3.238732	4.353930
-124.123376	-6.642233	20.158749
-124.134693	-6.273666	0.698274
-124.146011	-1.025423	-6.174613
-124.157329	1.507818	2.851630
-124.168647	-2.308674	1.650409
-124.179965	-4.538754	3.545152
-124.191283	7.819503	4.934885
-124.202601	-6.107206	-0.945809
-124.213919	4.473069	-0.835283
-124.225237	0.039344	17.185362
-124.236555	4.638399	2.070824
-124.247872	1.598202	0.099437
-124.259190	-3.013561	-2.679358
-124.270508	2.214901	4.522884
-124.281826	-5.208897	8.728344
-124.293144	-5.851342	1.167435
-124.304462	-2.601870	6.389427
-124.315780	-3.323502	-0.798983
-124.327098	3.292315	-0.280352
-124.338416	1.703931	6.948891
-124.349734	-7.464783	2.160818
-124.361051	0.580478	-3.652362
-124.372369	0.084234	-6.345008
-124.383687	1.957364	6.898466
-124.395005	1.592837	0.223068
-124.406323	-4.516488	0.598365
-124.417641	-2.981027	1.190537
-124.428959	0.185253	6.066252
-124.440277	-10.849935	-0.809960
-124.451595	0.793817	9.345705
-124.462912	6.889322	2.334658
-124.474230	2.214786	10.626121
-124.485548	-1.200391	6.188790
-124.496866	3.871600	2.235070
-124.508184	-2.135962	-5.359364
-124.519502	0.250886	-5.697639
-124.530820	3.568069	-8.450445
-124.542138	-0.619503	-2.042239
-124.553456	-6.152028	6.712393
-124.564774	5.645602	0.264167
-124.576091	-4.428647	7.446037
-124.587409	-4.855407	0.812450
-124.598727	4.552433	-2.695869
-124.610045	-1.130290	0.512823
-124.621363	-6.583820	2.512663
-124.632681	8.239917	6.183096
-124.643999	-9.711926	3.309646
-124.655317	2.806509	15.284392
-124.666635	-2.249536	6.036515
-124.677953	4.433195	6.406605
-124.689270	-0.948428	2.453679
-124.700588	-2.969741	7.082089
-124.711906	-4.042638	11.815802
-124.723224	-7.625190	-5.086003
-124.734542	-3.722615	-4.974886
-124.745860	8.904583	3.224010
-124.757178	0.343698	10.868486
-124.768496	11.194867	6.207007
-124.779814	-9.087266	-5.376193
-124.791131	8.439575	-0.775087
-124.802449	-4.245482	4.966939
-124.813767	-6.230592	-3.984869
-124.825085	-12.601612	2.608820
-124.836403	10.128049	0.932321
-124.847721	-2.503879	-1.052492
-124.859039	-4.027138	0.618126
-124.870357	-10.086545	-4.514912
-124.881675	-3.463337	0.984459
-124.892993	-2.613794	4.417628
-124.904310	3.438286	4.963283
-124.915628	-7.013406	7.459469
-124.926946	-10.377005	-2.287962
-124.938264	0.351291	-0.110036
-124.949582	-5.037814	1.171341
-124.960900	10.494917	2.823594
-124.972218	-4.307185	1.097134
-124.983536	-3.722817	2.852671
-124.994854	9.529970	3.567776
-125.006172	4.116840	3.608439
-125.017489	9.078127	14.013947
-125.028807	-7.093503	5.921889
-125.040125	6.410135	0.459142
-125.051443	-2.194208	2.604451
-125.062761	0.041481	4.484859
-125.074079	3.287781	6.568886
-125.085397	4.150061	1.001125
-125.096715	-1.355574	-6.842976
-125.108033	7.593288	-12.319525
-125.119350	-4.659988	4.663454
-125.130668	-2.624367	3.286118
-125.141986	7.359459	6.028238
-125.153304	3.643281	3.962932
-125.164622	-4.704543	-2.229415
-125.175940	-1.716684	2.386101
-125.187258	-4.853148	6.056632
-125.198576	-1.561321	3.030898
-125.209894	-11.269328	2.031150
-125.221212	3.440366	7.736565
-125.232529	-2.268927	-2.300017
-125.243847	-1.534370	1.640459
-125.255165	1.947059	7.271763
-125.266483	-13.249281	2.184709
-125.277801	8.422262	-0.762636
-125.289119	-4.046649	-1.408849
-125.300437	1.775662	6.744009
-125.311755	3.935477	5.174800
-125.323073	-6.290730	-2.289447
-125.334391	3.913927	-1.240212
-125.345708	0.056806	-0.731705
-125.357026	4.959588	-0.628392
-125.368344	-7.149708	-1.585633
-125.379662	-12.147841	4.229227
-125.390980	1.749591	8.463800
-125.402298	1.705688	-4.310884
-125.413616	4.606720	2.926602
-125.424934	-6.260566	5.093455
-125.436252	-5.255473	-0.250608
-125.447570	5.636536	-6.757614
-125.458887	1.164449	-8.485617
-125.470205	2.751829	-0.727355
-125.481523	5.900117	-1.043871
-125.492841	-6.333702	5.731956
-125.504159	-1.364338	5.783744
-125.515477	0.296253	4.884403
-125.526795	17.149538	4.830934
-125.538113	3.211932	3.878066
-125.549431	-0.089656	3.054359
-125.560748	0.856797	-6.309567
-125.572066	0.930353	-4.109899
-125.583384	-0.154336	-4.705692
-125.594702	5.562392	7.312012
-125.606020	-6.484843	5.899196
-125.617338	-10.968205	6.079804
-125.628656	-0.025665	0.771464
-125.639974	-2.454273	-6.650556
-125.651292	-4.612161	1.407455
-125.662610	-1.813740	3.085987
-125.673927	-14.034719	1.540820
-125.685245	-5.917807	7.996482
-125.696563	5.853389	0.412491
-125.707881	3.595666	2.390692
-125.719199	-1.125903	1.025981
-125.730517	-1.220175	6.242407
-125.741835	-11.088196	-1.245655
-125.753153	-2.814701	-16.150160
-125.764471	9.033845	4.689963
-125.775789	-3.326766	-3.783265
-125.787106	-0.263930	-1.830277
-125.798424	-1.043472	2.830313
-125.809742	10.376165	1.963678
-125.821060	-1.859785	-0.276384
-125.832378	4.091206	11.273891
-125.843696	-6.613220	9.062707
-125.855014	1.222137	-3.053272
-125.866332	-1.520433	0.668996
-125.877650	-0.745473	1.910309
-125.888967	-10.953485	3.906665
-125.900285	-3.110098	1.763229
-125.911603	-13.181047	0.975299
-125.922921	1.493445	5.290877
-125.934239	1.430483	4.095795
-125.945557	-3.547168	-0.260738
-125.956875	7.162621	3.115366
-125.968193	0.943158	9.321559
-125.979511	-0.453636	7.641717
-125.990829	3.375608	0.437579
-126.002146	3.120361	4.637384
-126.013464	4.565478	-1.092119
-126.024782	-7.956998	-1.144255
-126.036100	-5.576008	-9.940072
-126.047418	-5.021992	3.356271
-126.058736	8.579648	4.170852
-126.070054	3.039279	14.357244
-126.081372	-6.443016	-2.841727
-126.092690	-3.621170	7.709657
-126.104008	7.753400	7.274055
-126.115325	1.967299	7.993685
-126.126643	7.518100	5.432991
-126.137961	-6.229534	1.353581
-126.149279	-4.473369	4.652913
-126.160597	-1.176744	2.384591
-126.171915	7.720376	1.197922
-126.183233	1.654224	3.885420
-126.194551	-1.232351	0.559934
-126.205869	-0.250470	1.147020
-126.217186	-5.002465	4.105181
-126.228504	-10.466965	4.213935
-126.239822	0.642448	0.932497
-126.251140	-1.762817	5.939745
-126.262458	3.841197	3.643312
-126.273776	-6.857672	6.135463
-126.285094	6.041729	1.613661
-126.296412	4.112617	1.115280
-126.307730	-8.782842	7.384187
-126.319048	-3.185726	1.607368
-126.330365	-1.329026	7.961237
-126.341683	7.265540	1.615385
-126.353001	9.967607	-1.082282
-126.364319	0.864727	0.398057
-126.375637	-4.869462	-1.899840
-126.386955	-0.042305	6.681308
-126.398273	-0.462723	0.772622
-126.409591	-3.040474	-0.259763
-126.420909	-0.614381	10.130426
-126.432227	-2.580082	0.444236
-126.443544	1.201037	3.441144
-126.454862	7.682819	3.377945
-126.466180	-2.603706	-6.450371
-126.477498	10.286628	2.132216
-126.488816	-2.145220	7.294478
-126.500134	-0.002096	5.206311
-126.511452	-1.372134	-1.567403
-126.522770	-7.953116	-1.552423
-126.534088	-5.437890	5.525343
-126.545406	-8.119029	-1.902466
-126.556723	2.501166	-4.566391
-126.568041	-8.887320	6.871743
-126.579359	-10.271671	2.047364
-126.590677	-6.469351	-1.051364
-126.601995	-7.832418	2.455988
-126.613313	-19.307055	13.996585
-126.624631	-1.403441	10.397486
-126.635949	-2.500616	0.576213
-126.647267	-9.545763	-6.052200
-126.658584	-2.362781	-1.055800
-126.669902	2.986078	0.025488
-126.681220	15.217510	6.560026
-126.692538	-6.074533	6.257788
-126.703856	-0.389604	4.303655
-126.715174	0.339456	3.993580
-126.726492	-1.008023	1.315355
-126.737810	8.221399	5.171226
-126.749128	-4.037216	8.856532
-126.760446	-2.603360	0.822209
-126.771763	-0.422084	3.661550
-126.783081	3.510241	-1.110161
-126.794399	-4.588438	-0.275992
-126.805717	-5.248232	-0.971267
-126.817035	5.078746	2.185748
-126.828353	7.159265	4.588338
-126.839671	-1.909869	-6.718795
-126.850989	2.458823	-0.251718
-126.862307	-6.157833	0.875535
-126.873625	-10.690353	-5.434741
-126.884942	2.316993	2.370617
-126.896260	-1.643671	-9.752656
-126.907578	17.263468	0.893560
-126.918896	-5.941961	8.405581
-126.930214	6.596433	-2.426125
-126.941532	-3.102789	-3.074796
-126.952850	3.219603	-2.571651
-126.964168	-6.701023	-4.319402
-126.975486	8.023380	-0.587894
-126.986803	-2.582486	2.400236
-126.998121	-13.636703	1.320168
-127.009439	-2.605531	6.594479
-127.020757	1.909768	-5.947421
-127.032075	-5.546814	19.195415
-127.043393	-7.349057	4.823802
-127.054711	2.829392	-1.218740
-127.066029	-8.155303	-2.129431
-127.077347	0.557134	3.926167
-127.088665	2.223952	7.976223
-127.099982	8.234482	2.147291
-127.111300	-6.686132	-6.701247
-127.122618	-1.434345	16.812637
-127.133936	-2.708488	7.823732
-127.145254	-10.143415	3.423826
-127.156572	-4.576347	4.192614
-127.167890	10.327961	9.105636
-127.179208	2.865429	1.029125
-127.190526	-4.830188	-4.742909
-127.201844	1.945240	7.042452
-127.213161	-8.218042	3.223905
-127.224479	-6.724930	5.372252
-127.235797	0.667588	-1.314202
-127.247115	14.309677	9.497246
-127.258433	-10.928393	-1.013766
-127.269751	-10.328088	6.733065
-127.281069	1.939256	0.044262
-127.292387	-7.984869	3.808023
-127.303705	0.723318	-0.618844
-127.315022	-5.744837	-1.414440
-127.326340	-7.227640	9.539403
-127.337658	1.123492	4.534988
-127.348976	-8.830978	0.763235
-127.360294	-8.095741	-7.181376
-127.371612	-3.151679	6.448111
-127.382930	-7.472096	-7.694669
-127.394248	1.149495	6.476034
-127.405566	-0.234210	16.679987
-127.416884	2.450917	-1.167202
-127.428201	1.561144	1.125605
-127.439519	-1.339280	0.370906
-127.450837	-8.241860	-7.099616
-127.462155	0.251410	2.305919
-127.473473	-0.467995	-6.243895
-127.484791	-5.709347	0.410522
-127.496109	-10.142332	6.836236
-127.507427	-6.316416	7.535597
-127.518745	-10.652903	-7.617531
-127.530063	0.992838	1.957906
-127.541380	5.394157	11.898608
-127.552698	2.681636	1.287945
-127.564016	-17.282318	5.882697
-127.575334	-4.444484	-6.515455
-127.586652	-5.999599	2.634517
-127.597970	5.237180	-4.214833
-127.609288	2.405466	4.672163
-127.620606	3.565720	-8.166223
-127.631924	-8.110950	0.136473
-127.643242	3.456613	7.247459
-127.654559	0.398018	12.750821
-127.665877	-3.494672	1.563991
-127.677195	-0.411391	16.348486
-127.688513	0.887178	-7.211199
-127.699831	3.985157	2.365421
-127.711149	-5.121451	-2.767978
-127.722467	-3.859732	-0.545558
-127.733785	-1.412919	1.778612
-127.745103	-1.323050	-2.733600
-127.756420	-2.590588	11.101417
-127.767738	-0.190984	-1.922259
-127.779056	-0.843731	2.793151
-127.790374	2.849656	11.257372
-127.801692	-9.506274	-6.264143
-127.813010	9.034461	-0.580910
-127.824328	-2.743884	0.833874
-127.835646	-9.626994	1.660014
-127.846964	-1.903873	4.886846
-127.858282	-2.096642	3.183293
-127.869599	-8.169837	-3.233293
-127.880917	-6.233307	-5.920587
-127.892235	-1.283774	4.606938
-127.903553	16.579367	0.851915
-127.914871	-9.281359	-6.894245
-127.926189	1.502693	5.672316
-127.937507	0.757985	8.171046
-127.948825	-3.692120	4.362060
-127.960143	4.509060	2.560967
-127.971461	1.895038	-5.143975
-127.982778	-1.646918	-0.639852
-127.994096	-1.834252	4.095288
-128.005414	1.174484	4.983722
-128.016732	-0.822880	-0.327728
-128.028050	0.135150	6.811145
-128.039368	-6.526606	-1.517322
-128.050686	1.450749	1.767930
-128.062004	-2.586662	-4.941810
-128.073322	-0.010383	7.231106
-128.084639	-0.445103	-3.919280
-128.095957	0.048123	-3.103734
-128.107275	3.838431	4.542359
-128.118593	-3.203292	5.145566
-128.129911	1.867236	10.717286
-128.141229	-1.387600	-2.927315
-128.152547	-2.089131	-2.407372
-128.163865	-4.193288	2.216025
-128.175183	-2.870663	6.025960
-128.186501	1.518464	4.737113
-128.197818	-1.073411	5.461642
-128.209136	2.332715	-1.663248
-128.220454	-4.727621	-2.346400
-128.231772	3.283813	2.983867
-128.243090	-3.601152	6.601333
-128.254408	-0.082505	4.206512
-128.265726	2.825599	3.258672
-128.277044	-1.696619	2.274261
-128.288362	-7.152702	3.461267
-128.299680	-9.856633	8.086843
-128.310997	-16.112928	2.504260
-128.322315	-2.515386	5.949780
-128.333633	4.686918	-3.817324
-128.344951	5.186266	0.100170
-128.356269	-0.408127	5.594658
-128.367587	1.852361	-3.688331
-128.378905	-1.063700	-2.563166
-128.390223	0.704900	-3.828189
-128.401541	-0.710807	2.804873
-128.412858	0.380115	-0.125747
-128.424176	0.769320	-6.198763
-128.435494	10.736840	14.975621
-128.446812	0.184733	-3.125279
-128.458130	5.117268	9.357710
-128.469448	4.015531	4.832053
-128.480766	-6.247198	8.391561
-128.492084	-4.630928	5.498724
-128.503402	-4.052683	-4.845703
-128.514720	8.931361	4.260202
-128.526037	-7.589124	3.498718
-128.537355	-14.706788	8.719004
-128.548673	0.637131	3.283424
-128.559991	-0.016356	12.165709
-128.571309	-2.048268	8.862851
-128.582627	10.661818	8.133353
-128.593945	9.961246	5.647465
-128.605263	2.839341	-1.564847
-128.616581	-9.604601	7.253683
-128.627899	-12.380252	-3.888106
-128.639216	5.495638	8.477559
-128.650534	0.516971	-3.647088
-128.661852	-5.339137	9.681268
-128.673170	1.031714	10.450633
-128.684488	9.192197	2.648273
-128.695806	-0.203799	8.775867
-128.707124	-9.974896	-3.704678
-128.718442	-7.773757	5.492902
-128.729760	-5.588023	3.580864
-128.741078	1.278125	-3.430015
-128.752395	1.514079	0.369201
-128.763713	-1.869060	-1.847282
-128.775031	0.629534	-0.487611
-128.786349	-3.762079	2.474251
-128.797667	4.821011	6.406650
-128.808985	-4.588945	1.118670
-128.820303	-0.903238	6.618753
-128.831621	-3.374408	-0.456074
-128.842939	-8.007385	1.580010
-128.854256	0.439777	5.828360
-128.865574	-2.529775	-1.101346
-128.876892	-3.729766	5.202390
-128.888210	-11.179141	3.840001
-128.899528	-8.738765	5.485209
-128.910846	2.018700	2.645061
-128.922164	6.800795	9.298919
-128.933482	5.641142	2.169477
-128.944800	-12.857435	6.970326
-128.956118	0.951185	0.730480
-128.967435	-3.753118	4.181910
-128.978753	5.644861	7.331070
-128.990071	-3.919399	9.550145
-129.001389	-4.889804	2.270405
-129.012707	-1.771397	-1.394291
-129.024025	3.320471	4.145828
-129.035343	1.262418	1.926154
-129.046661	-3.701323	15.081000
-129.057979	-0.406561	-3.312752
-129.069297	-2.707948	9.613932
-129.080614	-4.488998	-0.888763
-129.091932	7.702163	-2.510412
-129.103250	-12.106703	2.468686
-129.114568	-5.272827	4.776042
-129.125886	2.309661	-1.793473
-129.137204	8.164489	7.144240
-129.148522	0.245868	4.558283
-129.159840	-2.843429	-3.714130
-129.171158	-5.052386	5.647418
-129.182475	-9.418756	0.941448
-129.193793	0.399804	-6.049827
-129.205111	-6.879215	9.661087
-129.216429	-6.403058	-4.219212
-129.227747	-9.226110	0.760447
-129.239065	-5.422846	-5.043295
-129.250383	-0.762216	-6.095448
-129.261701	3.575079	11.132071
-129.273019	-4.412014	-2.136053
-129.284337	9.212802	6.144608
-129.295654	4.258521	-6.629577
-129.306972	6.677422	4.497253
-129.318290	-9.614853	13.988613
-129.329608	-1.743271	-4.268898
-129.340926	0.257224	9.425502
-129.352244	-5.558483	1.819076
-129.363562	10.870932	-4.215078
-129.374880	-4.825569	-3.170212
-129.386198	-0.563164	-1.019239
-129.397516	-0.954154	4.311068
-129.408833	-2.812753	3.848547
-129.420151	0.871088	7.934811
-129.431469	-2.940503	-1.667449
-129.442787	-1.913947	-4.303341
-129.454105	-16.526129	0.649997
-129.465423	-7.141922	0.351352
-129.476741	6.393080	-1.999783
-129.488059	-0.737087	-1.069029
-129.499377	-1.813414	11.053475
-129.510694	-0.325792	-1.796254
-129.522012	-2.292479	9.609302
-129.533330	3.799348	-11.072113
-129.544648	1.644479	7.647452
-129.555966	3.645089	8.186666
-129.567284	-14.640360	1.812586
-129.578602	1.739553	0.541663
-129.589920	3.436394	-7.061852
-129.601238	-7.254579	8.201661
-129.612556	-12.530832	-3.411400
-129.623873	-0.483979	2.843160
-129.635191	-9.936209	0.526510
-129.646509	-6.488338	-1.559111
-129.657827	-1.115802	-0.747718
-129.669145	0.356625	4.456100
-129.680463	5.545284	2.277279
-129.691781	-4.390648	3.349940
-129.703099	-0.711770	-3.425272
-129.714417	5.157074	4.729691
-129.725735	4.202304	11.224295
-129.737052	-7.074694	3.095543
-129.748370	4.479424	3.730038
-129.759688	2.232932	9.196799
-129.771006	-3.702466	-6.633198
-129.782324	0.449684	3.987509
-129.793642	-0.754833	11.691845
-129.804960	-1.020088	-6.461919
-129.816278	-1.276721	-2.199332
-129.827596	-6.038050	8.596062
-129.838914	0.672903	-3.478453
-129.850231	0.778846	10.480198
-129.861549	-0.821056	-4.878384
-129.872867	2.201990	-2.280701
-129.884185	8.711864	-5.944205
-129.895503	0.636100	-0.126129
-129.906821	0.523610	3.938523
-129.918139	7.806942	7.369978
-129.929457	4.924257	-4.534445
-129.940775	-5.875823	0.532940
-129.952092	11.110727	0.420473
-129.963410	4.122087	4.483596
-129.974728	-0.961092	-0.031057
-129.986046	1.758940	0.787478
-129.997364	1.264368	-0.582934
-130.008682	-0.319701	-4.821046
-130.020000	-0.332986	3.333016
-130.031318	0.997314	1.836630
-130.042636	1.136426	4.692210
-130.053954	9.948779	12.946998
-130.065271	9.459531	7.677926
-130.076589	-7.327487	16.721701
-130.087907	-1.041632	-2.622227
-130.099225	-0.825294	2.930639
-130.110543	-4.047398	-1.842286
-130.121861	0.132201	2.566324
-130.133179	2.157008	6.990662
-130.144497	-8.158164	-1.302752
-130.155815	4.124071	9.837996
-130.167133	-5.814547	0.398193
-130.178450	7.475490	-1.993562
-130.189768	-0.487142	6.704847
-130.201086	0.476966	0.309744
-130.212404	10.495872	6.160487
-130.223722	-12.944095	4.746042
-130.235040	1.771585	1.311202
-130.246358	3.679388	4.430142
-130.257676	6.440028	-4.619587
-130.268994	-10.167927	-0.485091
-130.280311	-8.743714	10.262741
-130.291629	-1.534685	0.301586
-130.302947	-4.265267	-0.941378
-130.314265	-0.569604	-7.100924
-130.325583	-0.630845	3.578451
-130.336901	1.215538	-1.148588
-130.348219	-5.261569	11.036944
-130.359537	-4.802512	6.036692
-130.370855	0.520914	14.227245
-130.382173	2.200018	-0.734325
-130.393490	-2.287916	-5.041109
-130.404808	0.737546	-1.031231
-130.416126	4.542080	-5.526703
-130.427444	-0.735304	-2.936421
-130.438762	-8.041486	-1.904486
-130.450080	-9.994117	-0.729897
-130.461398	-2.074244	-3.082110
-130.472716	5.312152	10.976026
-130.484034	6.372924	11.777859
-130.495352	1.155867	3.611802
-130.506669	-5.500205	2.374857
-130.517987	-4.223214	15.269342
-130.529305	0.089535	6.531052
-130.540623	-7.458799	2.744758
-130.551941	1.792456	9.510568
-130.563259	-4.953849	-3.290353
-130.574577	4.788014	-7.008464
-130.585895	10.999067	10.857591
-130.597213	-4.092389	0.219783
-130.608530	2.175790	-0.477626
-130.619848	-5.293671	-3.920577
-130.631166	4.233831	-6.608395
-130.642484	0.995771	15.044709
-130.653802	1.782686	-5.966621
-130.665120	-7.882858	9.583087
-130.676438	-1.186083	-5.619688
-130.687756	7.121209	9.014118
-130.699074	1.243028	10.668916
-130.710392	2.102190	4.671520
-130.721709	4.775753	8.654623
-130.733027	-2.222456	2.362354
-130.744345	0.607345	3.134242
-130.755663	1.832772	16.473757
-130.766981	0.685092	-1.234151
-130.778299	0.368083	2.569949
-130.789617	-4.695941	-4.040215
-130.800935	-4.068568	1.801234
-130.812253	-0.112806	-2.164887
-130.823571	0.291238	6.991608
-130.834888	-4.786791	2.088499
-130.846206	1.656299	4.050273
-130.857524	-1.968626	-3.445779
-130.868842	7.016705	6.308743
-130.880160	-0.914732	4.631176
-130.891478	-0.358112	2.363286
-130.902796	3.006701	-3.461367
-130.914114	2.796338	3.556948
-130.925432	1.076290	1.891034
-130.936750	4.908031	3.343128
-130.948067	-6.767720	-1.566757
-130.959385	-8.727462	2.664161
-130.970703	-1.529557	-8.443990
-130.982021	4.489031	9.285087
-130.993339	-2.478518	16.282019
-131.004657	-0.494435	-4.931850
-131.015975	-0.515718	-1.624717
-131.027293	5.478678	-2.550064
-131.038611	-12.392422	-0.116092
-131.049928	-7.507607	-2.228863
-131.061246	-4.488690	-4.251389
-131.072564	-2.547883	2.531847
-131.083882	14.789207	-4.208330
-131.095200	2.017845	-0.200091
-131.106518	-0.158055	0.002500
-131.117836	1.082136	1.958049
-131.129154	3.582910	-1.589518
-131.140472	7.019418	7.809954
-131.151790	-3.322581	1.127723
-131.163107	5.557321	12.895734
-131.174425	-6.497241	-3.619176
-131.185743	-7.896640	-1.593789
-131.197061	-0.219795	1.899978
-131.208379	13.866740	-6.988227
-131.219697	-9.037790	11.386757
-131.231015	-4.962118	-4.158766
-131.242333	-1.741476	2.971453
-131.253651	7.977609	6.212124
-131.264969	2.853864	4.242901
-131.276286	2.967096	5.153382
-131.287604	-8.993725	9.186478
-131.298922	-0.747921	0.685562
-131.310240	10.489226	-0.322101
-131.321558	-0.161441	-1.483196
-131.332876	-3.641204	5.078375
-131.344194	12.075288	0.064611
-131.355512	1.794399	3.508879
-131.366830	8.542383	5.325122
-131.378147	3.014219	7.816202
-131.389465	-13.004587	-0.129701
-131.400783	-8.547061	8.811802
-131.412101	6.793241	-1.080967
-131.423419	2.289890	-0.405753
-131.434737	-6.010252	0.056197
-131.446055	7.590772	0.545779
-131.457373	0.434142	6.749041
-131.468691	6.813441	-1.451386
-131.480009	-8.325644	2.074403
-131.491326	-0.614353	8.657282
-131.502644	2.421892	5.398551
-131.513962	2.388269	8.825782
-131.525280	3.390834	4.310389
-131.536598	3.476570	-3.862512
-131.547916	-7.465767	6.228303
-131.559234	0.526420	-11.171229
-131.570552	3.711277	0.529106
-131.581870	-1.995990	-1.334324
-131.593188	-8.269476	-7.694775
-131.604505	-4.980067	3.025064
-131.615823	6.300212	4.713829
-131.627141	-5.920539	6.654314
-131.638459	-4.953348	1.109025
-131.649777	9.292838	5.868605
-131.661095	-1.114961	-2.459276
-131.672413	-2.587394	-2.829818
-131.683731	-11.819416	11.150383
-131.695049	-1.218142	9.964820
-131.706367	-5.017188	-4.601477
-131.717684	3.063228	1.425693
-131.729002	-0.740690	6.774036
-131.740320	-0.788621	2.353874
-131.751638	-2.613611	3.153172
-131.762956	-4.923812	-5.412749
-131.774274	1.356205	3.837979
-131.785592	6.035865	-7.950018
-131.796910	-11.054035	2.988375
-131.808228	9.640371	8.218848
-131.819545	-8.173432	-9.051198
-131.830863	1.963976	0.331100
-131.842181	2.150193	2.461934
-131.853499	-10.564624	9.014897
-131.864817	-5.276842	-0.341209
-131.876135	-1.118068	0.291573
-131.887453	-1.066748	-4.789991
-131.898771	4.665453	5.198728
-131.910089	-8.047635	-2.373193
-131.921407	-5.570973	-9.400425
-131.932724	-10.308176	2.098157
-131.944042	3.609678	2.906271
-131.955360	3.036606	9.644096
-131.966678	-7.793792	10.735906
-131.977996	2.537953	-6.796570
-131.989314	-0.707096	-9.676496
-132.000632	-3.357491	4.553297
-132.011950	10.073217	-0.705273
-132.023268	-3.149633	5.678486
-132.034586	0.488661	-3.009258
-132.045903	-4.385537	3.102457
-132.057221	-0.846602	-8.812696
-132.068539	6.750862	-10.789194
-132.079857	2.809647	5.260642
-132.091175	-4.273447	1.536686
-132.102493	3.723514	-8.438038
-132.113811	6.797125	-3.995836
-132.125129	0.890599	5.496048
-132.136447	5.750524	0.686332
-132.147764	10.491576	-14.721172
-132.159082	-8.135587	4.848784
-132.170400	-12.625965	-5.591678
-132.181718	4.010683	-0.261806
-132.193036	1.506024	6.032283
-132.204354	8.524945	-2.504953
-132.215672	6.840808	-4.034463
-132.226990	-7.447739	3.183139
-132.238308	5.806750	-0.276316
-132.249626	6.829166	1.923245
-132.260943	-1.437333	-0.124450
-132.272261	2.478850	-0.450317
-132.283579	2.330433	5.231860
-132.294897	1.010996	6.778163
-132.306215	6.404825	1.503315
-132.317533	-0.615021	-3.596990
-132.328851	3.058596	10.369557
-132.340169	12.143034	1.087116
-132.351487	-7.916831	0.417754
-132.362805	-1.786018	1.384016
-132.374122	2.798553	3.489891
-132.385440	-8.892952	5.182282
-132.396758	3.748033	3.234791
-132.408076	-5.997487	-10.161982
-132.419394	0.040260	15.690508
-132.430712	9.837417	-3.992952
-132.442030	-0.897403	-4.943020
-132.453348	-3.814174	4.597436
-132.464666	7.285309	7.786335
-132.475983	2.869452	1.665307
-132.487301	-6.305100	0.896044
-132.498619	0.901787	-0.479996
-132.509937	-1.617648	2.460548
-132.521255	3.540291	0.129183
-132.532573	-1.082188	1.283862
-132.543891	5.208328	-1.903651
-132.555209	-3.663548	-11.827394
-132.566527	0.102130	0.389497
-132.577845	1.619631	4.727601
-132.589162	-2.821697	7.565866
-132.600480	-1.572515	2.098390
-132.611798	2.979351	-2.195495
-132.623116	-7.947269	12.281127
-132.634434	-8.473863	12.872789
-132.645752	-3.144548	0.958027
-132.657070	-0.846355	1.808471
-132.668388	-4.665128	5.709732
-132.679706	-7.145886	-8.360764
-132.691024	-14.836622	7.466157
-132.702341	-0.283485	7.223364
-132.713659	-13.581946	3.749932
-132.724977	-5.910930	-2.406523
-132.736295	1.529847	0.882225
-132.747613	-7.719810	5.442961
-132.758931	-8.018159	-2.442942
-132.770249	-3.702163	4.282023
-132.781567	-6.833747	10.140942
-132.792885	-11.108186	5.393920
-132.804203	-2.146234	6.504236
-132.815520	-11.313219	-5.153276
-132.826838	3.876649	11.649681
-132.838156	2.894928	1.991888
-132.849474	-2.654517	-0.295327
-132.860792	-1.977469	-9.442145
-132.872110	-12.277429	-0.804051
-132.883428	3.695401	2.906998
-132.894746	-3.637933	5.203390
-132.906064	-9.237898	5.938832
-132.917381	5.175115	12.511661
-132.928699	-14.932680	0.857211
-132.940017	6.941495	4.561007
-132.951335	1.757161	-4.364192
-132.962653	-6.411129	-1.178411
-132.973971	0.380834	5.350508
-132.985289	5.664254	3.079221
-132.996607	8.337347	11.624768
-133.007925	-2.546122	3.484738
-133.019243	-4.155397	-1.866228
-133.030560	-3.409716	5.809352
-133.041878	0.235446	2.458289
-133.053196	1.628364	6.121559
-133.064514	-2.566272	-4.787900
-133.075832	-2.284449	-2.370773
-133.087150	3.265875	0.670466
-133.098468	8.542212	13.351192
-133.109786	-3.790751	7.109172
-133.121104	8.635219	1.839873
-133.132422	-8.261065	-9.014012
-133.143739	-6.633881	-0.890768
-133.155057	-1.182673	-2.078168
-133.166375	1.529729	-1.641746
-133.177693	-7.161245	-0.244163
-133.189011	-7.288210	5.268439
-133.200329	6.911528	0.682348
-133.211647	9.208393	2.011280
-133.222965	5.208826	-5.806548
-133.234283	-7.116704	2.150212
-133.245600	-1.416519	0.065256
-133.256918	2.170123	2.024020
-133.268236	6.010764	-3.303585
-133.279554	0.432407	3.125051
-133.290872	3.412030	-6.675256
-133.302190	2.780390	-6.530538
-133.313508	0.307930	-1.432880
-133.324826	3.681543	6.977928
-133.336144	5.106224	-5.344207
-133.347462	3.969028	-5.319044
-133.358779	-1.897580	-13.544099
-133.370097	-1.513459	2.982262
-133.381415	0.302043	-2.043694
-133.392733	-7.967268	4.865368
-133.404051	-4.502567	5.768164
-133.415369	-5.281551	5.031210
-133.426687	-4.607679	14.436346
-133.438005	4.864089	-1.084564
-133.449323	-5.291296	1.123687
-133.460641	2.227671	8.669022
-133.471958	-3.439788	-3.306453
-133.483276	10.033390	-5.859453
-133.494594	-5.168602	-5.741201
-133.505912	6.573652	-4.377356
-133.517230	1.752298	-0.268172
-133.528548	2.273742	2.246471
-133.539866	4.314555	-4.378749
-133.551184	-0.165333	-5.809467
-133.562502	-0.945193	4.559329
-133.573819	-2.153722	-0.208981
-133.585137	-0.353280	-12.726694
-133.596455	-5.332554	-10.992913
-133.607773	-1.612873	0.702642
-133.619091	10.674506	-7.061344
-133.630409	-12.096096	6.204102
-133.641727	0.070139	4.847574
-133.653045	-0.595898	-7.998268
-133.664363	1.918000	10.399310
-133.675681	-6.341284	4.126459
-133.686998	-3.466539	3.252352
-133.698316	-1.057946	-5.524630
-133.709634	-2.020034	-3.116296
-133.720952	8.073308	-6.598524
-133.732270	0.767072	5.930913
-133.743588	-0.602363	-0.305125
-133.754906	-5.662873	-15.626938
-133.766224	-11.173140	-4.513838
-133.777542	-2.028116	-6.375762
-133.788860	-1.152669	-6.632722
-133.800177	-0.399548	0.955781
-133.811495	-3.834954	7.080392
-133.822813	9.400781	8.042266
-133.834131	-8.070087	3.932320
-133.845449	1.673788	2.975119
-133.856767	4.348339	9.652132
-133.868085	-1.210721	-4.429678
-133.879403	-7.942746	2.601594
-133.890721	5.150929	-2.234190
-133.902039	4.125380	3.584833
-133.913356	-7.569344	-7.650474
-133.924674	-1.599458	-2.827715
-133.935992	0.766121	-3.064081
-133.947310	7.869966	1.502681
-133.958628	3.081715	-0.499097
-133.969946	0.078062	1.861694
-133.981264	-7.509812	0.782858
-133.992582	2.880006	-4.514709
-134.003900	-6.239675	-5.990991
-134.015217	-3.766715	12.436446
-134.026535	-0.957199	-3.240254
-134.037853	1.662136	4.003092
-134.049171	-1.614894	-2.817253
-134.060489	0.802467	4.683852
-134.071807	-3.378966	-0.912234
-134.083125	-8.741507	5.778016
-134.094443	8.349546	4.524128
-134.105761	1.378642	3.626009
-134.117079	4.532275	-2.612689
-134.128396	8.294328	3.381952
-134.139714	-3.287117	11.628450
-134.151032	1.094668	-0.737683
-134.162350	-0.998206	-2.095086
-134.173668	4.208931	4.968767
-134.184986	3.772090	12.960644
-134.196304	4.983859	2.007617
-134.207622	-12.359076	5.098620
-134.218940	2.432002	-4.094624
-134.230258	-3.340738	-0.599462
-134.241575	-1.760319	-1.053086
-134.252893	1.639005	-12.335636
-134.264211	4.057482	6.959918
-134.275529	2.776521	8.756278
-134.286847	3.858850	-1.640558
-134.298165	-6.585040	5.014126
-134.309483	-0.245635	11.209071
-134.320801	-1.717663	-1.937724
-134.332119	3.059189	-0.719347
-134.343436	6.686546	5.810406
-134.354754	11.785860	-1.838491
-134.366072	-2.688378	2.447994
-134.377390	-0.169095	1.826964
-134.388708	-5.358652	5.223997
-134.400026	-1.767420	9.854511
-134.411344	-8.209517	11.923306
-134.422662	1.220895	3.276901
-134.433980	-1.555770	-1.901707
-134.445298	-1.100317	-4.488257
-134.456615	-4.074816	4.093183
-134.467933	0.683650	2.777203
-134.479251	0.109447	9.252296
-134.490569	3.351248	13.064782
-134.501887	-7.567380	-8.527652
-134.513205	0.988686	-5.346018
-134.524523	4.317608	-3.876194
-134.535841	0.317649	-6.579478
-134.547159	3.237602	7.825552
-134.558477	4.787230	4.177691
-134.569794	-4.140949	-9.060850
-134.581112	6.099279	0.702716
-134.592430	9.719952	13.722939
-134.603748	4.545538	-0.616281
-134.615066	-0.532976	16.077354
-134.626384	-2.793600	-3.424750
-134.637702	-0.711818	10.186669
-134.649020	3.002646	6.256899
-134.660338	-9.272995	8.795338
-134.671655	-4.924115	4.029376
-134.682973	-6.495660	3.476672
-134.694291	-2.927392	-0.382678
-134.705609	9.370300	4.252222
-134.716927	-8.670367	-7.568438
-134.728245	-3.500271	1.319551
-134.739563	2.185479	-7.551954
-134.750881	3.240010	9.126376
-134.762199	-5.869810	-6.160662
-134.773517	-3.128263	11.656207
-134.784834	6.376668	4.074256
-134.796152	-2.969957	-5.140849
-134.807470	1.937550	1.132113
-134.818788	-6.581041	4.287702
-134.830106	-1.990129	15.736123
-134.841424	-3.228249	6.927815
-134.852742	3.899884	-6.424367
-134.864060	-1.601953	1.767296
-134.875378	10.338662	-0.138451
-134.886696	-3.791930	4.916739
-134.898013	-1.913291	-7.293020
-134.909331	0.534995	-3.175045
-134.920649	-6.037302	3.330863
-134.931967	5.886540	-8.317224
-134.943285	0.563400	5.497394
-134.954603	-3.381477	-4.035312
-134.965921	11.522526	-10.342870
-134.977239	-8.297692	4.650524
-134.988557	-1.179533	3.290665
-134.999875	-3.188331	5.459362
-135.011192	-5.685265	-1.067879
-135.022510	-4.033240	1.260410
-135.033828	11.180618	1.036614
-135.045146	0.349713	-4.600016
-135.056464	6.152650	3.074110
-135.067782	2.871507	1.062586
-135.079100	2.975601	10.932980
-135.090418	-1.277902	6.045037
-135.101736	-1.485054	3.542107
-135.113053	0.810610	7.533146
-135.124371	-12.281127	10.477840
-135.135689	3.654191	9.261917
-135.147007	3.455908	-0.445582
-135.158325	-1.823582	3.323906
-135.169643	1.998448	1.698073
-135.180961	-3.648806	1.474928
-135.192279	-0.942014	-4.301532
-135.203597	6.759179	0.251497
-135.214915	4.227070	5.440833
-135.226232	1.650828	7.609761
-135.237550	-11.460824	8.345943
-135.248868	-3.515464	-3.012939
-135.260186	-0.160018	10.021854
-135.271504	-7.656353	-2.506452
-135.282822	2.875808	6.226259
-135.294140	-3.088203	5.189080
-135.305458	-0.701059	1.058700
-135.316776	-3.320608	-4.110337
-135.328094	10.959357	-3.051697
-135.339411	-4.868704	7.522554
-135.350729	2.581632	2.423767
-135.362047	-7.660410	-9.168665
-135.373365	-0.895531	2.961519
-135.384683	5.420315	-3.072834
-135.396001	1.943793	2.497102
-135.407319	5.223162	4.788773
-135.418637	-5.723782	-10.136960
-135.429955	-9.661941	0.102391
-135.441272	1.124035	1.990212
-135.452590	4.044948	4.368308
-135.463908	-2.807617	2.859231
-135.475226	-3.084441	-7.777514
-135.486544	-4.591640	13.339147
-135.497862	5.473015	-2.912508
-135.509180	-0.773126	6.271995
-135.520498	-8.239368	2.644525
-135.531816	3.450457	4.689965
-135.543134	7.161115	-1.891220
-135.554451	3.916972	-0.479927
-135.565769	2.623753	5.518512
-135.577087	-6.697841	4.391057
-135.588405	0.508462	-5.637939
-135.599723	-0.170598	13.135960
-135.611041	-7.786525	7.213478
-135.622359	-0.627262	8.678133
-135.633677	-2.817500	0.056370
-135.644995	-5.682389	-1.562531
-135.656313	-7.563786	2.859998
-135.667630	2.329527	6.314014
-135.678948	-4.334680	7.811239
-135.690266	1.578876	-3.866004
-135.701584	-4.962396	-4.982016
-135.712902	5.403526	4.897797
-135.724220	3.640051	-4.874718
-135.735538	-0.735796	3.882129
-135.746856	-0.538771	7.831764
-135.758174	-3.614545	-7.801611
-135.769491	-2.976626	3.304986
-135.780809	6.162194	-6.736616
-135.792127	-3.576066	4.457438
-135.803445	-0.564617	4.418230
-135.814763	-3.759256	2.967072
-135.826081	-3.264446	-0.640145
-135.837399	0.627831	-1.215793
-135.848717	2.517242	5.229993
-135.860035	4.225556	1.625202
-135.871353	6.322593	-3.604510
-135.882670	-1.747530	-6.391819
-135.893988	-0.980229	-3.428270
-135.905306	-3.140373	10.076442
-135.916624	0.013682	-1.963315
-135.927942	-2.593644	1.930301
-135.939260	-4.602505	8.695523
-135.950578	1.508093	-8.403756
-135.961896	1.236166	8.184205
-135.973214	-3.373847	4.563327
-135.984532	-8.385613	6.594077
-135.995849	7.716111	8.546819
-136.007167	-0.006024	7.040316
-136.018485	3.696634	6.746984
-136.029803	-7.725529	11.261841
-136.041121	3.382294	7.527338
-136.052439	-1.255121	-1.731927
-136.063757	-5.366760	0.615606
-136.075075	6.908953	-1.276054
-136.086393	-5.731409	9.307185
-136.097711	5.815675	6.000867
-136.109028	5.277885	4.659048
-136.120346	5.464436	4.253425
-136.131664	-14.246915	-3.386901
-136.142982	-2.425074	-3.019756
-136.154300	0.420601	0.377603
-136.165618	5.515535	0.375825
-136.176936	3.708159	10.968869
-136.188254	4.654113	-1.159104
-136.199572	9.433367	3.854132
-136.210889	-2.316189	-0.955351
-136.222207	-7.067340	11.494324
-136.233525	3.362007	8.905739
-136.244843	8.822013	-3.581781
-136.256161	2.480976	3.762074
-136.267479	-7.151488	-5.635672
-136.278797	0.798769	0.605680
-136.290115	-1.474012	-5.869742
-136.301433	-3.489276	1.623360
-136.312751	3.770811	10.424819
-136.324068	5.293373	4.386648
-136.335386	-6.659318	6.775058
-136.346704	-0.080378	-0.355041
-136.358022	0.217882	11.401404
-136.369340	2.628570	1.078830
-136.380658	-11.889719	-2.413321
-136.391976	-2.760282	2.054290
-136.403294	-5.248362	5.197362
-136.414612	13.117756	6.074168
-136.425930	-3.056944	1.164774
-136.437247	-3.869312	1.379720
-136.448565	-3.185855	-1.286939
-136.459883	4.242057	-3.958924
-136.471201	1.831247	4.672608
-136.482519	8.313717	7.763144
-136.493837	-2.078258	-4.280920
-136.505155	1.459071	-0.344480
-136.516473	2.599855	-8.482928
-136.527791	-0.831005	5.540407
-136.539108	-4.972529	-1.848344
-136.550426	-9.499513	6.651499
-136.561744	5.136519	-3.257006
-136.573062	6.371604	1.120143
-136.584380	-2.837305	9.163002
-136.595698	0.263255	1.685537
-136.607016	2.463231	-0.406375
-136.618334	-5.197359	6.981900
-136.629652	-0.820912	4.781883
-136.640970	-0.099061	16.146032
-136.652287	-5.217135	-10.183396
-136.663605	-10.213330	3.886773
-136.674923	-3.482610	2.062820
-136.686241	3.265358	3.263867
-136.697559	2.095834	-2.825529
-136.708877	6.340862	-5.694657
-136.720195	9.803777	10.058029
-136.731513	-6.066598	-4.429751
-136.742831	-5.859896	-3.921615
-136.754149	10.306094	10.210794
-136.765466	-4.184811	10.244928
-136.776784	5.858111	-2.807534
-136.788102	-0.037010	2.574607
-136.799420	-0.016706	-6.927613
-136.810738	-3.642188	-0.657014
-136.822056	-1.936433	2.004143
-136.833374	-0.976963	-1.131339
-136.844692	2.956641	-1.929333
-136.856010	3.635883	3.963514
-136.867327	-2.928973	10.428859
-136.878645	-3.015857	-6.101483
-136.889963	-0.153651	5.895085
-136.901281	-4.271906	-0.459115
-136.912599	-7.273604	-0.006489
-136.923917	-1.778405	4.176927
-136.935235	-3.506835	-10.845807
-136.946553	6.897186	8.030026
-136.957871	-5.077375	6.555970
-136.969189	-2.873086	-3.863551
-136.980506	0.620775	4.609570
-136.991824	3.662901	-3.222599
-137.003142	-2.459529	-8.329404
-137.014460	5.616405	4.998805
-137.025778	-1.093147	5.705373
-137.037096	1.453418	3.179950
-137.048414	-3.523754	-2.292166
-137.059732	0.764745	3.903692
-137.071050	-0.897615	2.117565
-137.082368	1.093221	15.879925
-137.093685	-4.570836	-2.670792
-137.105003	2.878204	2.810226
-137.116321	6.682385	1.558320
-137.127639	3.646095	4.138544
-137.138957	3.109193	-1.920844
-137.150275	-2.010734	-0.800612
-137.161593	0.217786	4.547632
-137.172911	2.909472	10.259298
-137.184229	-1.119924	3.491406
-137.195547	-1.891742	-1.807285
-137.206864	-16.461498	-9.013323
-137.218182	-6.622239	-0.985145
-137.229500	-14.256721	14.705735
-137.240818	-1.912630	15.012807
-137.252136	-3.029902	4.800358
-137.263454	5.430072	-2.730025
-137.274772	1.085633	-1.982584
-137.286090	5.234241	-0.620556
-137.297408	-8.506223	-4.832319
-137.308725	-3.534511	3.983063
-137.320043	-4.452898	5.902172
-137.331361	-4.462885	0.484756
-137.342679	-2.743920	-5.273730
-137.353997	-1.296470	0.937515
-137.365315	-13.575136	0.663389
-137.376633	-9.370817	-3.554960
-137.387951	5.850676	1.161490
-137.399269	1.214824	3.412127
-137.410587	-10.589725	5.053182
-137.421904	-0.405144	2.722612
-137.433222	-2.363888	0.792982
-137.444540	-13.554365	7.511527
-137.455858	-0.863968	-0.705585
-137.467176	-1.921020	-0.873858
-137.478494	1.125673	0.757492
-137.489812	-0.175203	-0.586458
-137.501130	-3.466895	-0.267669
-137.512448	2.726248	4.312968
-137.523766	-7.214658	2.281411
-137.535083	-0.298763	-12.918785
-137.546401	9.561929	-2.010994
-137.557719	6.966280	-1.085438
-137.569037	4.847964	8.079097
-137.580355	0.308145	-5.433524
-137.591673	1.443862	0.292535
-137.602991	-1.406782	0.845242
-137.614309	-2.012419	-12.703003
-137.625627	-1.208148	9.680129
-137.636944	3.567784	3.998582
-137.648262	-0.860959	-0.592896
-137.659580	-3.386235	2.601143
-137.670898	-3.143212	-1.663784
-137.682216	5.927415	3.445343
-137.693534	-3.669774	5.473746
-137.704852	-4.287597	9.356889
-137.716170	-9.927055	9.094835
-137.727488	-5.216215	0.789396
-137.738806	-8.256459	4.441674
-137.750123	-2.930359	-1.361363
-137.761441	0.248293	-6.194590
-137.772759	4.378786	3.282991
-137.784077	2.644068	9.558855
-137.795395	0.528516	3.672361
-137.806713	8.126736	9.152018
-137.818031	-4.642949	-3.338399
-137.829349	-3.574527	9.966126
-137.840667	4.131688	-3.431417
-137.851985	-8.006926	1.429605
-137.863302	2.666825	-2.570490
-137.874620	-0.683826	16.406549
-137.885938	6.185803	-1.644065
-137.897256	5.811861	-2.682501
-137.908574	7.825086	-4.712896
-137.919892	-0.087390	7.571267
-137.931210	3.324285	14.373938
-137.942528	0.884901	0.796448
-137.953846	-3.125785	1.231215
-137.965163	8.372333	5.357094
-137.976481	-4.173899	-12.070787
-137.987799	1.214148	9.637689
-137.999117	-0.706952	-1.159537
-138.010435	-5.273842	10.162199
-138.021753	-6.708678	-1.398132
-138.033071	-4.541753	2.383420
-138.044389	8.833565	1.556074
-138.055707	0.394408	-1.485048
-138.067025	5.796651	-11.211487
-138.078342	-9.490846	4.829091
-138.089660	-6.988130	8.308106
-138.100978	1.931579	-4.757046
-138.112296	-1.293662	1.167873
-138.123614	-4.647487	-1.068186
-138.134932	6.323427	-0.244367
-138.146250	5.765043	-4.517671
-138.157568	4.160975	6.835805
-138.168886	3.068318	-3.606866
-138.180204	4.771867	4.927555
-138.191521	5.165461	0.325811
-138.202839	-1.413793	-6.959599
-138.214157	-4.655412	-2.124005
-138.225475	-13.130344	-4.634750
-138.236793	3.151417	-0.519505
-138.248111	8.242475	0.156225
-138.259429	-9.458209	-0.781509
-138.270747	-15.192172	7.621103
-138.282065	-4.701341	2.931152
-138.293383	7.714902	6.811253
-138.304700	3.652287	5.829188
-138.316018	-6.098740	0.201716
-138.327336	4.326158	-10.178883
-138.338654	-13.498501	-2.961661
-138.349972	7.973214	-1.384751
-138.361290	2.008791	4.233333
-138.372608	10.043587	-0.114487
-138.383926	-0.917365	-0.116044
-138.395244	-4.491502	5.800642
-138.406561	-12.019164	-3.426761
-138.417879	4.751384	1.062954
-138.429197	5.380100	-2.786875
-138.440515	2.975543	14.495945
-138.451833	0.650874	4.952697
-138.463151	-1.709097	0.635042
-138.474469	3.663348	0.297093
-138.485787	6.961036	-3.899586
-138.497105	4.010610	7.983912
-138.508423	-6.267344	3.869068
-138.519740	-4.526293	-6.356226
-138.531058	-0.261158	-1.190449
-138.542376	-6.726175	8.104745
-138.553694	9.519719	3.140303
-138.565012	-18.191534	-3.140389
-138.576330	-1.497245	9.971979
-138.587648	2.174470	-1.584765
-138.598966	1.303401	9.695724
-138.610284	2.558362	-4.487560
-138.621602	-1.223248	7.371755
-138.632919	-11.394925	1.203764
-138.644237	-3.842843	-2.492614
-138.655555	4.901017	-6.906423
-138.666873	4.971666	8.434247
-138.678191	-6.474360	3.486491
-138.689509	-6.527322	2.965661
-138.700827	3.877465	-0.974244
-138.712145	11.694108	2.471848
-138.723463	-1.018964	13.946281
-138.734780	-4.329067	1.432660
-138.746098	-7.691684	-2.297758
-138.757416	4.683031	-7.874135
-138.768734	0.378892	11.134105
-138.780052	-4.892662	-3.548605
-138.791370	1.952836	9.739651
-138.802688	-0.665829	6.624937
-138.814006	-6.908141	4.854812
-138.825324	-2.903615	-2.187527
-138.836642	-9.141264	8.930747
-138.847959	-3.977648	5.116537
-138.859277	-6.291327	-0.314225
-138.870595	-5.901693	0.115953
-138.881913	7.100024	1.855059
-138.893231	6.896191	-5.971758
-138.904549	0.923389	-5.476325
-138.915867	3.387348	1.868729
-138.927185	5.536760	-2.339698
-138.938503	6.481182	-2.983014
-138.949821	6.744338	7.884140
-138.961138	-0.567680	3.701587
-138.972456	4.125600	8.986085
-138.983774	-5.138813	-2.933441
-138.995092	-7.092451	-2.017885
-139.006410	-4.526097	5.383770
-139.017728	2.394424	6.759145
-139.029046	-3.590774	1.011173
-139.040364	-2.626150	-5.945174
-139.051682	11.237676	11.301426
-139.063000	-3.877478	10.185543
-139.074317	-0.634647	-3.028510
-139.085635	-3.130967	10.282535
-139.096953	-12.488194	-4.737312
-139.108271	-2.220294	-1.393866
-139.119589	-13.332471	1.149042
-139.130907	-5.940950	2.136983
-139.142225	-6.355848	5.101595
-139.153543	-5.229123	1.744160
-139.164861	-1.023233	5.770002
-139.176178	10.720816	-9.181938
-139.187496	0.215975	-3.310151
-139.198814	4.027660	-1.352108
-139.210132	-9.107890	0.644521
-139.221450	4.652218	-7.615039
-139.232768	8.972441	-3.127639
-139.244086	-5.204287	-0.465548
-139.255404	-1.870269	-1.656268
-139.266722	-8.128274	-2.903080
-139.278040	2.942072	-3.061421
-139.289357	-6.505267	5.188608
-139.300675	0.666437	4.026694
-139.311993	-3.756571	-8.299891
-139.323311	0.843798	2.860252
-139.334629	-2.209034	-10.359526
-139.345947	5.659094	-4.891771
-139.357265	-11.091461	3.800658
-139.368583	-1.316627	-0.178983
-139.379901	6.043030	8.294512
-139.391219	13.307228	7.412672
-139.402536	-1.280965	5.556496
-139.413854	-2.766149	4.899563
-139.425172	-3.251739	-10.148281
-139.436490	-0.420820	-1.272366
-139.447808	7.758912	-2.822587
-139.459126	6.630600	-1.088096
-139.470444	-5.305517	0.132301
-139.481762	3.639552	-0.220736
-139.493080	6.239738	0.276272
-139.504397	-10.170535	3.843345
-139.515715	-1.675711	-5.170266
-139.527033	-7.068958	-0.387932
-139.538351	-5.903660	5.138635
-139.549669	-6.560415	1.206424
-139.560987	-8.688322	-2.597981
-139.572305	-0.499194	-8.333040
-139.583623	5.533956	3.660693
-139.594941	6.449686	0.563792
-139.606259	-2.942710	0.768919
-139.617576	2.125782	-4.813941
-139.628894	0.881255	2.439059
-139.640212	4.508364	-11.190301
-139.651530	1.205736	18.640867
-139.662848	5.801331	0.779592
-139.674166	-5.344878	-0.285672
-139.685484	-1.470700	-8.448027
-139.696802	6.568255	4.876139
-139.708120	1.266932	-5.242879
-139.719438	-2.157931	6.069838
-139.730755	-0.314312	-2.901430
-139.742073	-8.652754	6.525227
-139.753391	0.596450	1.671461
-139.764709	-4.614769	1.595742
-139.776027	1.979552	8.669817
-139.787345	-4.488942	-3.792182
-139.798663	0.947403	11.460331
-139.809981	3.813684	5.160242
-139.821299	-13.924288	7.957058
-139.832616	0.976360	7.393361
-139.843934	-3.014355	-5.289598
-139.855252	1.228306	4.357635
-139.866570	-1.971282	7.657771
-139.877888	0.839557	-2.103555
-139.889206	-4.986021	0.055696
-139.900524	-0.203924	1.600916
-139.911842	4.179037	2.654228
-139.923160	-2.188123	3.867157
-139.934478	-11.100327	-0.915080
-139.945795	3.045143	-7.696408
-139.957113	9.398446	2.348244
-139.968431	-9.288656	1.230211
-139.979749	-9.683653	-4.647254
-139.991067	5.975229	0.785179
-140.002385	2.966515	-13.208113
-140.013703	-0.014376	-1.691724
-140.025021	5.399473	-2.347264
-140.036339	-11.495872	0.719753
-140.047657	0.625725	0.568356
-140.058974	-4.925728	-1.355367
-140.070292	3.045001	0.541374
-140.081610	-3.138057	5.115402
-140.092928	1.673803	2.429118
-140.104246	-3.544496	0.176686
-140.115564	-3.751412	-0.816932
-140.126882	-6.796236	-11.046524
-140.138200	-4.992091	3.638428
-140.149518	-5.101392	-5.911808
-140.160836	5.968023	-0.854833
-140.172153	-3.278631	4.684000
-140.183471	0.040229	0.658217
-140.194789	5.736739	9.020384
-140.206107	5.016748	14.680763
-140.217425	1.068866	10.840139
-140.228743	-10.029490	1.429146
-140.240061	5.081660	2.331311
-140.251379	-4.860736	1.728131
-140.262697	-4.561604	8.718117
-140.274014	4.170841	-2.672104
-140.285332	-7.156365	4.036993
-140.296650	-5.694780	8.766509
-140.307968	2.238972	-3.368748
-140.319286	5.575992	1.732455
-140.330604	1.576519	2.404219
-140.341922	-7.689358	14.260305
-140.353240	-3.728395	-8.859599
-140.364558	-2.781363	2.267556
-140.375876	5.874690	1.207102
-140.387193	-2.334182	1.474421
-140.398511	4.629629	12.738517
-140.409829	-2.767294	-3.715958
-140.421147	-4.671877	11.961553
-140.432465	-0.964037	0.522662
-140.443783	6.893999	5.081276
-140.455101	1.955592	-0.155187
-140.466419	-7.909362	5.495902
-140.477737	-2.303589	-3.055120
-140.489055	-1.917430	6.834284
-140.500372	1.711043	8.250534
-140.511690	-11.879492	1.155125
-140.523008	-3.663869	-6.951084
-140.534326	-1.457886	3.097064
-140.545644	10.721744	1.552197
-140.556962	-4.632369	1.092940
-140.568280	-10.159717	-1.336998
-140.579598	-4.551212	-0.912142
-140.590916	-1.318700	-3.005202
-140.602233	-2.373642	-7.105846
-140.613551	-0.082650	9.900441
-140.624869	-8.663469	1.495683
-140.636187	3.544731	1.409374
-140.647505	2.153037	11.168205
-140.658823	5.230923	3.001722
-140.670141	7.138206	10.558375
-140.681459	-0.033068	3.158165
-140.692777	6.828827	-10.917847
-140.704095	2.781842	11.750737
-140.715412	6.244512	-10.562580
-140.726730	-3.135384	4.104550
-140.738048	1.498508	8.056198
-140.749366	-13.387511	13.818611
-140.760684	3.801409	0.686135
-140.772002	-11.819490	-0.682418
-140.783320	8.599465	3.111255
-140.794638	0.657329	-3.083799
-140.805956	2.254035	4.587852
-140.817274	-5.406719	-3.533990
-140.828591	-2.056293	3.364083
-140.839909	7.242803	4.378575
-140.851227	-10.349808	-1.569008
-140.862545	11.237579	-0.430521
-140.873863	4.856245	-1.717475
-140.885181	5.483037	-4.831791
-140.896499	-5.577494	6.663257
-140.907817	9.098042	6.170990
-140.919135	-1.305252	-1.295492
-140.930452	-3.973143	0.763479
-140.941770	-2.691549	4.298031
-140.953088	6.642107	8.134705
-140.964406	3.081456	-0.686586
-140.975724	0.636417	3.557343
-140.987042	7.141541	2.435477
-140.998360	2.632757	-0.026407
-141.009678	-2.162927	5.217314
-141.020996	-2.331341	-9.724432
-141.032314	-2.390913	-3.622212
-141.043631	-6.899056	5.399481
-141.054949	-0.698845	4.189003
-141.066267	-5.649230	17.603342
-141.077585	-5.299204	-8.045192
-141.088903	-1.682955	1.767381
-141.100221	-9.175671	9.232999
-141.111539	4.341412	-9.915132
-141.122857	1.372422	-0.816914
-141.134175	2.874081	-0.153229
-141.145493	2.948064	-1.201839
-141.156810	1.910221	-4.345370
-141.168128	8.343563	5.029442
-141.179446	-1.517820	16.097534
-141.190764	-1.303154	1.197019
-141.202082	-11.134358	-4.915166
-141.213400	1.312829	-0.480072
-141.224718	-6.119836	2.682413
-141.236036	-1.205505	2.576994
-141.247354	5.718248	-5.189866
-141.258672	1.562529	3.376369
-141.269989	0.792330	-14.049059
-141.281307	-5.653919	7.545611
-141.292625	0.066334	3.564726
-141.303943	-13.553888	1.014991
-141.315261	3.772292	-5.513973
-141.326579	2.835388	7.562113
-141.337897	8.426571	-4.259280
-141.349215	3.561469	-1.676939
-141.360533	-4.356548	-2.571519
-141.371850	-6.646887	2.419297
-141.383168	10.825268	6.138422
-141.394486	2.605303	0.303739
-141.405804	0.539521	4.727411
-141.417122	2.515944	5.247594
-141.428440	3.409475	9.500880
-141.439758	0.891268	2.708210
-141.451076	7.937394	3.805210
-141.462394	-6.570730	2.716658
-141.473712	3.804871	6.578282
-141.485029	12.099210	-2.045463
-141.496347	-4.655681	-1.003343
-141.507665	6.023900	3.927041
-141.518983	-1.735163	2.250171
-141.530301	3.685027	-11.534266
-141.541619	-6.549988	8.009219
-141.552937	-7.994475	4.079482
-141.564255	-5.308484	4.960685
-141.575573	5.357310	8.373913
-141.586891	-8.752955	-1.920936
-141.598208	2.406875	-2.395303
-141.609526	-9.394251	-6.777597
-141.620844	-1.016494	-2.587521
-141.632162	-0.656190	7.034505
-141.643480	-2.183471	13.948217
-141.654798	-10.749932	2.245883
-141.666116	8.477742	-3.553022
-141.677434	7.124044	2.186803
-141.688752	-6.789635	1.851343
-141.700069	-7.051818	10.585579
-141.711387	3.031682	5.555968
-141.722705	-7.221427	0.583770
-141.734023	3.721612	-3.394395
-141.745341	-8.079317	-2.266453
-141.756659	4.590250	9.244759
-141.767977	9.919275	3.510218
-141.779295	-0.116992	-8.738335
-141.790613	-4.521596	-2.441509
-141.801931	-0.334042	-0.290494
-141.813248	-3.866182	2.082303
-141.824566	-7.930156	2.469204
-141.835884	8.246820	5.271137
-141.847202	8.258347	-3.828961
-141.858520	0.577797	3.170230
-141.869838	-7.437808	12.736702
-141.881156	1.703766	9.301137
-141.892474	-0.376258	8.314640
-141.903792	4.633331	0.551589
-141.915110	2.602527	-0.921631
-141.926427	3.221022	0.755995
-141.937745	9.770607	5.734094
-141.949063	-11.429096	5.060471
-141.960381	-0.055664	5.525097
-141.971699	1.333671	0.284662
-141.983017	6.704103	-1.233886
-141.994335	9.072564	6.725781
-142.005653	-1.654647	1.980390
-142.016971	-3.912428	7.354120
-142.028288	7.738464	2.220145
-142.039606	7.052907	8.139457
-142.050924	1.870950	10.275664
-142.062242	-0.790570	-1.452490
-142.073560	-5.315687	-6.312775
-142.084878	-5.994950	6.961699
-142.096196	-2.937160	-1.019600
-142.107514	-0.473781	0.424093
-142.118832	-10.431605	15.701841
-142.130150	0.538337	4.556492
-142.141467	-4.224722	6.936703
-142.152785	4.297667	-2.701344
-142.164103	0.499419	13.861284
-142.175421	-10.226191	0.288623
-142.186739	-5.152080	2.939713
-142.198057	5.117102	3.956039
-142.209375	-2.524901	-10.982655
-142.220693	-6.630660	8.202299
-142.232011	2.527002	2.874367
-142.243329	3.491224	2.373509
-142.254646	-9.111013	4.987172
-142.265964	-2.029345	-6.922780
-142.277282	6.753217	6.255032
-142.288600	7.522360	6.180077
-142.299918	2.589131	1.228109
-142.311236	-5.550017	1.768381
-142.322554	-6.755198	1.860472
-142.333872	3.973063	12.027878
-142.345190	-6.185529	11.337488
-142.356508	-6.715762	16.016703
-142.367825	-2.090888	-8.050184
-142.379143	-4.016020	1.822603
-142.390461	1.849852	14.204007
-142.401779	-4.900833	-4.111576
-142.413097	-8.235803	-7.426328
-142.424415	-6.677066	8.507388
-142.435733	7.334748	8.792102
-142.447051	-0.762711	-1.337435
-142.458369	-3.098292	11.514189
-142.469686	-1.155323	-0.929759
-142.481004	-10.757265	11.198226
-142.492322	-0.201344	-4.327458
-142.503640	-5.387214	4.230487
-142.514958	-1.057140	-5.222125
-142.526276	3.316144	-0.497790
-142.537594	1.734588	-3.087071
-142.548912	6.834959	7.446338
-142.560230	-7.769366	10.688797
-142.571548	-0.392477	8.408575
-142.582865	-1.431424	-2.388040
-142.594183	-0.698022	6.861827
-142.605501	6.573088	-2.140589
-142.616819	-11.507955	1.853720
-142.628137	8.675982	-2.870421
-142.639455	-7.603188	8.412326
-142.650773	2.892864	11.227373
-142.662091	5.385811	9.003751
-142.673409	4.224979	7.172006
-142.684727	-7.493283	-9.212477
-142.696044	1.106601	-7.508896
-142.707362	-3.505654	8.060238
-142.718680	-1.318228	2.001018
-142.729998	0.549437	12.778123
-142.741316	6.814984	3.390472
-142.752634	-5.404300	-3.487120
-142.763952	-1.705248	8.250348
-142.775270	-1.738334	-4.446046
-142.786588	-0.939803	4.589277
-142.797905	1.051832	2.338783
-142.809223	-8.070788	0.090710
-142.820541	-4.903829	6.423823
-142.831859	0.643275	5.977263
-142.843177	4.688044	6.479575
-142.854495	7.503201	-1.104057
-142.865813	2.208104	-1.123053
-142.877131	-12.844138	-1.809558
-142.888449	13.939381	4.993346
-142.899767	-5.624753	4.308984
-142.911084	-9.059962	0.431493
-142.922402	4.378828	-11.757895
-142.933720	0.101134	-3.734100
-142.945038	1.411401	3.840418
-142.956356	5.225476	6.499347
-142.967674	7.288170	11.569517
-142.978992	2.571230	2.813705
-142.990310	5.665093	-5.987922
-143.001628	3.415051	-1.021445
-143.012946	4.545352	0.880711
-143.024263	3.289438	6.185008
-143.035581	-1.860036	-0.888192
-143.046899	10.604910	3.005700
-143.058217	5.265529	7.371811
-143.069535	-1.009618	5.741839
-143.080853	-3.751990	-8.097578
-143.092171	-8.558122	7.347999
-143.103489	4.451659	-0.563348
-143.114807	3.709458	3.623064
-143.126124	6.520284	-4.828968
-143.137442	2.241427	1.983281
-143.148760	5.083951	4.527103
-143.160078	-0.802586	-8.383355
-143.171396	3.068180	-4.294822
-143.182714	0.764977	-4.487743
-143.194032	-5.672448	-3.306877
-143.205350	-4.927950	0.898562
-143.216668	2.823589	1.667772
-143.227986	-2.336993	11.837574
-143.239303	0.355101	-1.955369
-143.250621	-2.665999	-2.193984
-143.261939	-7.056211	5.425169
-143.273257	2.456600	-9.268534
-143.284575	-6.276230	-1.811107
-143.295893	1.402597	3.008548
-143.307211	-5.503769	10.197021
-143.318529	-2.811667	1.171385
-143.329847	-22.469723	-5.628344
-143.341165	-1.129271	-5.167909
-143.352482	-3.110607	-0.881067
-143.363800	-3.498771	6.695901
-143.375118	-1.038177	1.089827
-143.386436	-0.438057	-5.804199
-143.397754	1.815550	-2.395591
-143.409072	9.630484	2.561788
-143.420390	1.401862	5.515286
-143.431708	0.270779	-3.245431
-143.443026	-2.571919	-3.635555
-143.454344	13.961611	6.074382
-143.465661	15.788810	7.139007
-143.476979	-4.969932	-1.550926
-143.488297	-3.424625	-4.245225
-143.499615	-4.532090	-0.481168
-143.510933	9.897551	-5.701825
-143.522251	0.430325	4.486928
-143.533569	3.273138	-6.673304
-143.544887	-2.525351	5.150785
-143.556205	-4.829929	-9.601181
-143.567522	8.325786	-9.451531
-143.578840	10.155028	2.737771
-143.590158	-3.936983	18.606030
-143.601476	-13.004066	2.516368
-143.612794	-7.847734	0.210155
-143.624112	7.915556	3.875926
-143.635430	8.338592	-3.099181
-143.646748	-0.908879	-3.737570
-143.658066	-15.773816	-4.277683
-143.669384	-14.543356	-5.292820
-143.680701	4.116650	-2.598105
-143.692019	8.727051	3.724221
-143.703337	6.112832	0.730568
-143.714655	-3.783917	1.882169
-143.725973	-9.840494	-2.497548
-143.737291	14.614146	6.639651
-143.748609	-10.799492	2.053807
-143.759927	6.473236	2.898490
-143.771245	3.864943	9.085082
-143.782563	-6.735984	4.069678
-143.793880	12.277571	-5.223952
-143.805198	-7.402379	-8.010322
-143.816516	-5.726628	-1.020802
-143.827834	9.796426	2.701026
-143.839152	-0.157863	-1.854688
-143.850470	-0.315081	0.398421
-143.861788	1.855515	-1.317682
-143.873106	1.902463	7.890012
-143.884424	19.001623	10.679474
-143.895741	-7.681917	3.143621
-143.907059	-4.650438	-8.393899
-143.918377	12.770411	-6.719143
-143.929695	1.379830	-1.640762
-143.941013	-6.206735	-1.574408
-143.952331	-6.252298	0.382873
-143.963649	5.804280	2.511642
-143.974967	5.478808	0.655775
-143.986285	-1.619753	0.737461
-143.997603	-8.560304	0.882032
-144.008920	-11.152463	-9.039000
-144.020238	-11.177410	1.848682
-144.031556	3.621062	-0.395918
-144.042874	4.398896	0.074992
-144.054192	1.626106	11.275625
-144.065510	-6.838307	13.630978
-144.076828	-2.698742	-1.798115
-144.088146	-7.669145	-1.133525
-144.099464	12.869612	-1.361834
-144.110782	-6.371611	10.397855
-144.122099	-0.629181	8.096648
-144.133417	8.079014	10.717351
-144.144735	-7.290288	-3.914706
-144.156053	0.721972	-3.653517
-144.167371	-4.075982	0.585115
-144.178689	-1.439245	-10.041916
-144.190007	14.594103	-1.105510
-144.201325	-0.216528	11.925867
-144.212643	-0.023289	-4.560870
-144.223960	0.833519	9.650124
-144.235278	-0.248501	7.328182
-144.246596	-0.509863	-3.465607
-144.257914	2.082623	-5.856870
-144.269232	-0.147208	4.282034
-144.280550	-4.673591	14.244960
-144.291868	-5.714582	5.199572
-144.303186	11.754853	1.979122
-144.314504	4.104867	6.819380
-144.325822	7.590018	-2.258446
-144.337139	3.046888	10.447215
-144.348457	3.022282	2.086022
-144.359775	1.322980	7.605893
-144.371093	-8.447503	-2.016938
-144.382411	-0.652015	6.588738
-144.393729	6.068511	5.065771
-144.405047	-2.617872	-0.351405
-144.416365	7.594131	6.583329
-144.427683	0.409673	5.668231
-144.439001	10.463231	1.403438
-144.450318	-3.755378	-1.402778
-144.461636	-0.408230	-3.707885
-144.472954	-1.531878	4.503837
-144.484272	-14.101024	-10.473632
-144.495590	4.931785	2.917312
-144.506908	2.431340	12.162051
-144.518226	2.230746	0.237449
-144.529544	12.741211	11.223541
-144.540862	-1.205269	-6.777564
-144.552180	-4.732067	3.655859
-144.563497	3.346807	1.387947
-144.574815	-4.548742	-8.564953
-144.586133	-1.226105	8.078240
-144.597451	-2.146287	8.045127
-144.608769	6.059291	-7.522967
-144.620087	3.030064	-4.111948
-144.631405	3.980739	-8.394958
-144.642723	-0.172094	0.352435
-144.654041	3.215820	-2.016613
-144.665358	7.832051	-6.860227
-144.676676	-0.883205	3.965084
-144.687994	-0.963457	-0.231657
-144.699312	6.264108	4.334794
-144.710630	2.960872	-8.295577
-144.721948	1.373535	-14.921180
-144.733266	-4.295545	-3.298100
-144.744584	-2.579903	3.024810
-144.755902	-1.515350	6.833814
-144.767220	5.844358	9.145272
-144.778537	3.957950	-4.936065
-144.789855	-1.710645	1.894517
-144.801173	-1.653773	2.005959
-144.812491	1.679066	4.734088
-144.823809	-8.665082	-3.748373
-144.835127	4.378895	7.293140
-144.846445	-4.650038	10.555172
-144.857763	3.732473	13.915280
-144.869081	6.197411	6.390836
-144.880399	-4.163608	12.442763
-144.891716	-5.923976	4.150974
-144.903034	3.409334	-5.166519
-144.914352	-3.203260	4.913701
-144.925670	4.567692	1.814858
-144.936988	4.314759	-2.325963
-144.948306	-6.526761	3.042092
-144.959624	-6.052960	-1.279827
-144.970942	-7.827531	4.180799
-144.982260	-12.214188	4.156308
-144.993577	-3.022054	-4.584213
-145.004895	0.475117	11.063095
-145.016213	-8.280286	2.781513
-145.027531	-8.535019	4.357563
-145.038849	5.611082	1.966530
-145.050167	2.862697	10.816784
-145.061485	-2.976043	4.106089
-145.072803	1.286491	13.309350
-145.084121	-6.676630	12.702549
-145.095439	-0.323237	-5.922947
-145.106756	2.178736	4.183610
-145.118074	1.936693	6.059967
-145.129392	6.813931	-1.939002
-145.140710	3.259715	-7.399041
-145.152028	3.240842	-8.473824
-145.163346	3.631691	-2.141873
-145.174664	4.383613	2.226349
-145.185982	4.526938	-3.681290
-145.197300	-4.239044	-0.072637
-145.208618	-0.009614	11.352340
-145.219935	-12.164343	4.662525
-145.231253	-3.653912	-20.000231
-145.242571	-8.937583	0.509111
-145.253889	1.985209	3.420440
-145.265207	0.372751	-3.055474
-145.276525	10.009015	4.955663
-145.287843	5.859839	2.558971
-145.299161	2.698370	-3.412484
-145.310479	4.774987	-4.400146
-145.321796	0.695244	-7.146576
-145.333114	-5.895271	6.579902
-145.344432	0.103821	-0.517592
-145.355750	1.345623	5.908171
-145.367068	6.449798	8.575415
-145.378386	-6.691008	2.481383
-145.389704	-6.860680	8.340568
-145.401022	17.859348	-3.029762
-145.412340	-0.605635	5.356427
-145.423658	-10.441237	3.840632
-145.434975	-2.626834	8.048591
-145.446293	-2.513189	-0.344858
-145.457611	-3.010776	5.868947
-145.468929	1.104265	-6.769689
-145.480247	-7.650363	9.110114
-145.491565	0.065114	-0.553101
-145.502883	-8.983893	0.408992
-145.514201	-2.675984	-0.127911
-145.525519	3.244188	-7.093054
-145.536837	6.777261	-4.109336
-145.548154	1.974612	10.385827
-145.559472	1.060563	-7.837042
-145.570790	-4.800710	2.747934
-145.582108	3.093822	-7.713745
-145.593426	0.192585	4.223941
-145.604744	-3.684253	4.002198
-145.616062	-7.645651	4.713202
-145.627380	-9.170704	-2.909535
-145.638698	-7.788820	8.906058
-145.650016	1.261498	-3.788352
-145.661333	-2.872472	-4.225186
-145.672651	-5.967578	1.238780
-145.683969	-0.922357	8.158481
-145.695287	2.106361	-2.166579
-145.706605	-5.382056	0.649613
-145.717923	4.267507	5.816665
-145.729241	-7.979630	-2.070095
-145.740559	0.619784	-3.295893
-145.751877	7.614548	-9.786346
-145.763194	-4.245534	8.674770
-145.774512	-1.822571	4.648298
-145.785830	-8.989147	-2.365054
-145.797148	-0.148467	2.925351
-145.808466	9.911578	-4.978069
-145.819784	5.280233	10.209671
-145.831102	-4.355633	6.414771
-145.842420	9.623652	-5.933466
-145.853738	-2.969002	0.475783
-145.865056	-2.648996	-0.549827
-145.876373	-7.687890	-6.823060
-145.887691	-10.046008	14.630525
-145.899009	-14.760670	-0.479882
-145.910327	0.136537	-4.387855
-145.921645	0.149573	6.803898
-145.932963	5.914160	10.784499
-145.944281	0.474257	7.334524
-145.955599	-4.023409	9.608025
-145.966917	-9.922791	-2.289107
-145.978235	-0.189216	10.141937
-145.989552	-4.328448	-5.813359
-146.000870	-3.062227	11.766716
-146.012188	-3.957553	0.265494
-146.023506	-12.302834	-5.390010
-146.034824	-1.552933	-0.774346
-146.046142	13.833545	12.927444
-146.057460	-5.542158	6.875782
-146.068778	-8.574310	6.919701
-146.080096	4.149704	2.860428
-146.091413	-6.707417	0.121664
-146.102731	2.896868	8.745330
-146.114049	8.505264	2.982491
-146.125367	6.324549	2.436342
-146.136685	2.038944	8.359510
-146.148003	7.865472	-0.763332
-146.159321	5.292896	-7.209594
-146.170639	-6.311483	2.998752
-146.181957	-6.508250	-4.585867
-146.193275	5.659409	2.471404
-146.204592	-2.217363	1.244628
-146.215910	2.625427	-13.880546
-146.227228	6.169487	5.371954
-146.238546	-0.914102	6.897107
-146.249864	3.570137	-3.172152
-146.261182	14.379109	-5.085144
-146.272500	-5.390867	-3.944308
-146.283818	-4.897567	3.121508
-146.295136	1.735454	5.262501
-146.306454	2.267145	-3.959189
-146.317771	-3.791978	4.395309
-146.329089	3.550908	6.627054
-146.340407	-0.613735	8.487630
-146.351725	-6.840778	6.699501
-146.363043	0.308642	0.494578
-146.374361	11.685830	5.069894
-146.385679	6.429184	-6.010359
-146.396997	1.325518	1.344440
-146.408315	-6.526846	-0.640718
-146.419633	-6.488158	1.315303
-146.430950	-1.503625	5.764684
-146.442268	2.587474	-1.862543
-146.453586	-3.043405	4.373941
-146.464904	-2.498909	-0.367436
-146.476222	-3.938396	-7.763494
-146.487540	-5.983136	-6.739822
-146.498858	4.913091	3.135984
-146.510176	4.865558	6.061307
-146.521494	-0.384198	5.397599
-146.532811	-2.074097	7.181264
-146.544129	4.940692	-22.832684
-146.555447	-11.528840	13.128359
-146.566765	4.934981	3.074591
-146.578083	2.673856	3.005221
-146.589401	3.467921	3.506912
-146.600719	-2.616505	2.133183
-146.612037	-6.691195	0.806756
-146.623355	-3.766224	9.504056
-146.634673	-13.187416	6.323324
-146.645990	-11.727937	-1.419905
-146.657308	-5.515795	10.638301
-146.668626	7.595650	0.418123
-146.679944	0.814094	7.575651
-146.691262	1.110176	0.726495
-146.702580	-3.169071	0.495562
-146.713898	-2.278254	-0.758499
-146.725216	2.591641	-9.366635
-146.736534	1.425984	1.899066
-146.747852	3.482644	-0.208416
-146.759169	4.672134	0.204959
-146.770487	1.170989	12.854917
-146.781805	0.686994	-4.991811
-146.793123	9.900701	5.108677
-146.804441	-5.989247	4.490607
-146.815759	-4.744913	-1.662457
-146.827077	-4.097096	-2.103799
-146.838395	4.235967	-1.537563
-146.849713	-3.650937	5.955677
-146.861030	-10.907423	10.502406
-146.872348	-0.353853	-2.361427
-146.883666	2.707607	-3.069040
-146.894984	-5.342593	-2.050062
-146.906302	4.651534	2.533108
-146.917620	5.779100	9.238317
-146.928938	-3.083172	3.985553
-146.940256	-6.852554	-8.116910
-146.951574	-4.914652	7.373496
-146.962892	-0.908393	5.628026
-146.974209	6.965768	3.655837
-146.985527	-0.115962	9.898359
-146.996845	-1.095352	8.408628
-147.008163	4.243140	4.964758
-147.019481	4.807940	-3.066567
-147.030799	3.657378	-3.254965
-147.042117	-4.156589	4.745590
-147.053435	-5.806183	-15.309900
-147.064753	-3.511679	5.870597
-147.076071	6.252003	-6.717283
-147.087388	-8.014368	0.269943
-147.098706	-8.710426	5.372734
-147.110024	-2.609658	5.436582
-147.121342	-7.076385	-9.329176
-147.132660	-9.468013	15.259980
-147.143978	-9.436371	12.409971
-147.155296	-2.207913	12.907874
-147.166614	-0.479867	-9.169618
-147.177932	-4.644835	4.480624
-147.189249	17.819206	0.621988
-147.200567	1.172156	7.503096
-147.211885	-3.762196	8.222047
-147.223203	4.566168	-7.415976
-147.234521	-5.854445	-10.206498
-147.245839	2.333268	0.158287
-147.257157	5.037466	2.588249
-147.268475	-1.617799	4.450575
-147.279793	-3.868589	8.395773
-147.291111	9.578690	-2.703837
-147.302428	-1.136448	-2.318987
-147.313746	-0.328653	-0.700096
-147.325064	1.040892	7.270132
-147.336382	-2.618986	12.001733
-147.347700	8.226821	-8.250491
-147.359018	-5.345362	0.667572
-147.370336	6.910101	0.267020
-147.381654	1.930200	-2.515284
-147.392972	-0.649896	-1.660906
-147.404290	-1.291047	0.929978
-147.415607	10.288327	-4.301853
-147.426925	6.487742	0.894105
-147.438243	-11.955310	-1.807459
-147.449561	-5.535673	-0.687586
-147.460879	10.348381	5.929223
-147.472197	7.057757	-8.185725
-147.483515	2.552176	2.855240
-147.494833	-0.853143	-1.227255
-147.506151	1.802533	11.614375
-147.517469	9.217082	6.189283
-147.528786	0.094023	-2.841556
-147.540104	12.776037	3.871138
-147.551422	-2.937927	2.831099
-147.562740	6.946443	7.090920
-147.574058	-3.975590	7.757698
-147.585376	-5.127782	-3.765958
-147.596694	5.086988	-6.564189
-147.608012	-7.385103	2.109166
-147.619330	-5.743764	9.083341
-147.630647	-5.311120	0.526712
-147.641965	-0.339537	4.346258
-147.653283	1.046605	-0.884646
-147.664601	1.734742	9.128679
-147.675919	-18.095690	-3.526258
-147.687237	10.153514	-7.061551
-147.698555	4.204452	1.504050
-147.709873	2.711210	-2.723429
-147.721191	11.572617	5.380879
-147.732509	-6.276548	-5.794720
-147.743826	4.565079	-1.298920
-147.755144	6.998135	3.055665
-147.766462	-0.190771	6.053651
-147.777780	-3.471284	8.618598
-147.789098	-7.732580	0.928846
-147.800416	3.770258	10.853713
-147.811734	-9.681456	6.396479
-147.823052	4.916603	15.505882
-147.834370	-2.077917	3.719517
-147.845688	-5.123516	-1.099771
-147.857005	12.912003	4.883636
-147.868323	6.734119	-6.064197
-147.879641	5.245213	-0.345407
-147.890959	-10.865846	-3.116963
-147.902277	-0.636531	3.318236
-147.913595	-6.690932	14.144810
-147.924913	3.080531	-7.519812
-147.936231	-8.944072	3.442965
-147.947549	2.494017	14.976246
-147.958866	-7.489324	12.204317
-147.970184	-6.710147	-3.581972
-147.981502	0.643961	-5.369032
-147.992820	9.465856	-1.268806
-148.004138	-15.577659	0.972595
-148.015456	2.673252	10.184734
-148.026774	-3.893790	-8.139628
-148.038092	-4.704395	-2.805006
-148.049410	-1.608355	-5.394068
-148.060728	1.196677	-0.103871
-148.072045	-4.959387	3.735129
-148.083363	-10.390608	-1.832303
-148.094681	3.051151	2.644776
-148.105999	4.063079	2.166176
-148.117317	11.350743	6.616751
-148.128635	3.125136	3.937030
-148.139953	5.540647	2.240872
-148.151271	-0.700627	-2.966321
-148.162589	22.473755	-0.580932
-148.173907	0.873720	-6.835429
-148.185224	-5.129754	4.905022
-148.196542	-10.172043	-5.149430
-148.207860	2.312552	-7.255438
-148.219178	4.182722	1.200836
-148.230496	-5.713191	2.471942
-148.241814	3.529232	-6.942481
-148.253132	8.956074	-1.691101
-148.264450	6.010106	-0.088090
-148.275768	1.464606	-2.817410
-148.287085	1.565966	1.059512
-148.298403	0.275126	-8.274992
-148.309721	4.080768	10.742785
-148.321039	-5.704074	5.711926
-148.332357	-4.069736	9.239459
-148.343675	-1.030791	10.326070
-148.354993	-9.838096	15.231662
-148.366311	-7.790912	8.986743
-148.377629	-3.368126	8.214847
-148.388947	10.087481	8.753511
-148.400264	2.812271	2.423625
-148.411582	6.604290	8.357465
-148.422900	-0.130475	10.629437
-148.434218	2.679183	-1.666543
-148.445536	-0.966631	9.717980
-148.456854	-2.196202	4.148373
-148.468172	4.208517	-2.111332
-148.479490	0.944726	-1.098816
-148.490808	-7.210642	-6.643506
-148.502126	9.810987	-15.599093
-148.513443	-3.614704	9.444921
-148.524761	5.972405	6.383897
-148.536079	-2.007599	12.642854
-148.547397	5.902973	11.808646
-148.558715	3.455392	-12.988094
-148.570033	8.055985	-0.164593
-148.581351	3.837460	4.190063
-148.592669	0.655057	2.858953
-148.603987	-5.076050	2.383768
-148.615305	-0.123536	10.373383
-148.626622	-1.194211	-1.241347
-148.637940	3.373712	13.547027
-148.649258	-4.379276	10.644547
-148.660576	-0.392067	-0.744590
-148.671894	-6.099835	10.504095
-148.683212	0.421014	9.138821
-148.694530	1.900509	-1.399508
-148.705848	-5.773562	4.551291
-148.717166	14.314273	2.619883
-148.728483	3.732574	-0.235702
-148.739801	9.434184	-1.994681
-148.751119	-3.852486	1.633117
-148.762437	-16.819498	1.497111
-148.773755	4.076011	-1.091906
-148.785073	3.925493	3.354634
-148.796391	-5.809875	-5.213864
-148.807709	-7.640634	7.618997
-148.819027	-0.816364	20.595556
-148.830345	9.342612	-0.854838
-148.841662	2.655274	2.895758
-148.852980	-3.201915	1.440144
-148.864298	0.388660	12.260947
-148.875616	-7.545779	9.228227
-148.886934	-5.344212	4.332015
-148.898252	0.849097	-15.171018
-148.909570	8.381079	13.259436
-148.920888	-0.409223	-4.284799
-148.932206	4.321315	0.984487
-148.943524	0.925410	1.183579
-148.954841	-4.263609	3.324244
-148.966159	3.140201	-7.569586
-148.977477	2.595767	4.435168
-148.988795	-6.103297	0.964405
-149.000113	7.451340	4.264431
-149.011431	5.953087	3.856287
-149.022749	-4.680428	-4.534512
-149.034067	-4.023152	-1.038543
-149.045385	-11.599083	-5.091657
-149.056702	3.627218	4.537225
-149.068020	6.930325	10.440490
-149.079338	5.780140	7.776861
-149.090656	1.830798	-1.636763
-149.101974	-11.649714	-1.481493
-149.113292	1.371993	-5.346574
-149.124610	6.179646	-0.217986
-149.135928	5.654434	2.453383
-149.147246	5.240358	-4.214221
-149.158564	14.413655	3.453308
-149.169881	4.909768	-2.777243
-149.181199	7.536007	-8.104883
-149.192517	-1.436347	-4.797135
-149.203835	12.076167	6.396082
-149.215153	7.495709	21.464371
-149.226471	6.168408	4.662436
-149.237789	8.898758	-6.055254
-149.249107	-2.621195	2.847901
-149.260425	-0.645532	1.694775
-149.271743	6.340219	1.058393
-149.283060	0.342062	0.734103
-149.294378	-8.162340	0.831140
-149.305696	0.409663	-2.073334
-149.317014	12.543672	-1.628100
-149.328332	3.382294	-2.336455
-149.339650	-1.371894	1.266624
-149.350968	0.417916	10.084117
-149.362286	7.178198	0.824402
-149.373604	2.899937	1.895683
-149.384921	-2.454045	6.999948
-149.396239	-3.548023	-2.075652
-149.407557	-2.450708	6.757128
-149.418875	-10.153088	14.145905
-149.430193	1.226677	5.793903
-149.441511	1.055778	13.416675
-149.452829	0.845271	7.886437
-149.464147	2.735458	1.315395
-149.475465	-4.618405	-5.292368
-149.486783	0.208893	-6.188311
-149.498100	-3.320741	2.967071
-149.509418	-4.092234	8.932817
-149.520736	2.986247	-2.345209
-149.532054	-0.335779	2.693319
-149.543372	2.988688	-10.399202
-149.554690	9.647636	-0.222588
-149.566008	5.648724	7.409359
-149.577326	3.541030	16.387568
-149.588644	0.113325	8.535661
-149.599962	4.898878	10.981961
-149.611279	-3.157363	5.294219
-149.622597	-1.888004	-4.058117
-149.633915	2.368148	0.529996
-149.645233	8.999584	-1.140642
-149.656551	3.399753	1.810969
-149.667869	-2.305089	11.668229
-149.679187	-2.178213	-2.331263
-149.690505	0.331665	9.273369
-149.701823	-5.728084	-6.025606
-149.713141	0.369216	0.424615
-149.724458	-5.705406	4.676190
-149.735776	-3.089829	5.991543
-149.747094	-0.814377	-3.775528
-149.758412	2.462196	-2.059576
-149.769730	7.372351	-9.239398
-149.781048	-0.367741	8.718103
-149.792366	-7.917306	4.989973
-149.803684	9.102944	-11.102097
-149.815002	-12.122616	5.109187
-149.826319	-0.499786	7.296804
-149.837637	11.380056	-2.536827
-149.848955	4.610291	4.778450
-149.860273	1.635702	1.031851
-149.871591	-4.075251	1.131966
-149.882909	5.258996	-7.127790
-149.894227	-5.916312	4.277900
-149.905545	-0.202015	-8.526600
-149.916863	-3.881411	7.286410
-149.928181	12.626857	-0.874550
-149.939498	9.733708	1.579516
-149.950816	0.387020	-0.355469
-149.962134	7.714245	-4.010197
-149.973452	-3.897090	-10.169533
-149.984770	-7.121665	-7.770446
-149.996088	0.000016	1.416208
-150.007406	1.065245	-3.434114
-150.018724	-15.310983	-4.147170
-150.030042	8.762115	-1.758795
-150.041360	7.189769	-8.232569
-150.052677	7.512556	8.280654
-150.063995	-4.354610	5.322340
-150.075313	-1.057410	-0.778663
-150.086631	-1.911436	-1.256666
-150.097949	5.917282	-5.686979
-150.109267	5.069534	4.389859
-150.120585	2.817380	-0.846106
-150.131903	-3.759535	-2.028103
-150.143221	-15.124428	7.326406
-150.154538	-6.452671	-5.593049
-150.165856	5.680209	2.448328
-150.177174	5.232436	3.741371
-150.188492	-2.966043	-4.788250
-150.199810	3.722636	8.267950
-150.211128	-0.681952	-4.041457
-150.222446	13.290734	4.483527
-150.233764	1.313602	-4.525889
-150.245082	5.016854	-3.596983
-150.256400	-2.711095	-5.929359
-150.267717	-0.438035	6.419742
-150.279035	1.452963	-7.591630
-150.290353	9.044855	13.601085
-150.301671	6.352833	7.907055
-150.312989	-4.058998	-2.480521
-150.324307	6.176039	-5.528094
-150.335625	-10.821752	-1.100120
-150.346943	-8.865181	-7.981143
-150.358261	1.901444	3.682384
-150.369579	1.337075	-1.261076
-150.380896	-1.118245	-1.050958
-150.392214	2.101080	-2.939811
-150.403532	5.127410	-2.670620
-150.414850	-0.221021	-7.744305
-150.426168	-2.583874	-0.358643
-150.437486	8.716872	3.480113
-150.448804	-3.605299	-14.203324
-150.460122	-3.302530	5.966363
-150.471440	-0.669691	-0.929893
-150.482757	-0.590741	7.327732
-150.494075	-0.271676	-4.412031
-150.505393	1.647926	-4.135990
-150.516711	14.900042	-7.873044
-150.528029	-1.554923	4.859007
-150.539347	-8.917303	-7.698027
-150.550665	-0.509233	-6.359145
-150.561983	3.717364	5.663008
-150.573301	9.285221	-5.516355
-150.584619	-1.060239	6.530896
-150.595936	6.460904	0.599196
-150.607254	-6.214399	-2.865343
-150.618572	-0.297593	3.354001
-150.629890	-7.553869	6.360124
-150.641208	1.337660	1.011063
-150.652526	-6.241603	4.149575
-150.663844	5.838778	-2.416926
-150.675162	1.398638	5.517467
-150.686480	-12.849708	8.264954
-150.697798	5.737764	-7.264211
-150.709115	-18.812057	-0.391222
-150.720433	-7.406450	-6.367704
-150.731751	4.264757	5.946258
-150.743069	-1.624370	-0.290405
-150.754387	8.217185	-3.503920
-150.765705	-7.222088	-1.362704
-150.777023	-16.826527	1.017441
-150.788341	-4.799793	-0.887285
-150.799659	-4.300053	9.574348
-150.810977	5.303784	12.197124
-150.822294	-11.401672	2.148110
-150.833612	0.817232	0.715498
-150.844930	3.876721	2.404510
-150.856248	-0.535740	-1.530039
-150.867566	-3.568758	10.688402
-150.878884	5.311312	2.700873
-150.890202	0.083555	-3.615145
-150.901520	-12.716659	0.118061
-150.912838	7.372396	1.271093
-150.924155	4.562352	9.305247
-150.935473	-5.426517	11.717463
-150.946791	-11.914452	1.362910
-150.958109	6.155584	2.450676
-150.969427	-6.151239	8.399622
-150.980745	0.007422	8.342624
-150.992063	-2.252228	0.291137
-151.003381	4.053875	-5.082408
-151.014699	-0.774771	0.777238
-151.026017	-5.886718	1.126638
-151.037334	-0.402112	-4.907067
-151.048652	-6.021146	13.415455
-151.059970	0.670485	-6.583935
-151.071288	8.819765	10.741465
-151.082606	-3.328106	19.507452
-151.093924	-5.414741	4.223080
-151.105242	-3.053508	6.712544
-151.116560	4.914909	-19.706734
-151.127878	-4.433980	14.357054
-151.139196	-6.270571	5.251081
-151.150513	-8.760437	2.961147
-151.161831	8.083359	10.653680
-151.173149	-0.940684	6.199948
-151.184467	-17.935797	-3.288908
-151.195785	-3.947275	-11.987934
-151.207103	-2.058682	7.667671
-151.218421	-1.729450	0.492885
-151.229739	-6.426253	3.320680
-151.241057	4.864658	7.859552
-151.252374	4.944086	-6.375422
-151.263692	-1.398832	5.262718
-151.275010	5.414726	11.270169
-151.286328	-12.230287	14.317081
-151.297646	3.318879	2.171696
-151.308964	6.580305	-5.698056
-151.320282	1.651464	7.106187
-151.331600	5.075935	-0.320227
-151.342918	0.594534	0.252132
-151.354236	-11.935348	-3.199468
-151.365553	1.386409	5.512701
-151.376871	10.718299	-4.184803
-151.388189	-1.001263	-11.165337
-151.399507	9.522947	-1.229975
-151.410825	1.503301	-5.829475
-151.422143	6.609089	-5.585733
-151.433461	0.388707	-4.544152
-151.444779	-3.539444	16.465033
-151.456097	4.042536	4.792544
-151.467415	3.423474	1.487898
-151.478732	8.072569	-9.253611
-151.490050	11.709629	3.576279
-151.501368	0.612590	4.582784
-151.512686	2.778369	4.592163
-151.524004	-0.687996	6.938880
-151.535322	-6.249984	-4.755681
-151.546640	-7.856607	1.409824
-151.557958	-0.355851	-2.905067
-151.569276	4.114653	-1.657244
-151.580593	-5.826880	4.984088
-151.591911	-4.411541	5.114340
-151.603229	3.647713	5.357081
-151.614547	-5.043038	4.024814
-151.625865	-7.318713	2.767568
-151.637183	1.625351	-9.891376
-151.648501	-2.232988	0.722462
-151.659819	0.335818	-3.035182
-151.671137	4.540586	1.873422
-151.682455	2.972149	-5.599077
-151.693772	-6.118078	-3.800140
-151.705090	-1.060886	6.029835
-151.716408	-11.272314	3.875787
-151.727726	-13.224434	7.905962
-151.739044	0.845089	2.638088
-151.750362	-0.070902	-2.863016
-151.761680	0.960267	4.997032
-151.772998	-0.356101	3.529309
-151.784316	-1.705768	5.549121
-151.795634	1.744360	7.712560
-151.806951	-9.903712	0.130811
-151.818269	4.332125	10.793224
-151.829587	4.661326	6.798542
-151.840905	9.973016	9.007448
-151.852223	-0.775264	4.178699
-151.863541	4.435677	-6.242347
-151.874859	1.216628	-5.102502
-151.886177	9.205208	2.872462
-151.897495	-4.887712	5.870783
-151.908813	5.595728	8.857520
-151.920130	-3.601372	0.504994
-151.931448	2.652588	-1.827623
-151.942766	5.403471	1.197298
-151.954084	2.809856	-5.324494
-151.965402	-11.040572	8.669565
-151.976720	-2.918650	8.437503
-151.988038	8.364085	9.949235
-151.999356	-3.008056	6.103746
-152.010674	2.010968	-12.322419
-152.021991	0.907097	0.514917
-152.033309	0.757032	6.474532
-152.044627	-0.888691	-3.100798
-152.055945	15.394810	-5.875476
-152.067263	-13.019563	10.203443
-152.078581	4.416243	-8.584452
-152.089899	-13.675800	2.414584
-152.101217	-7.649942	11.222801
-152.112535	2.718003	-2.039321
-152.123853	-1.486430	6.899944
-152.135170	-7.295643	-0.859468
-152.146488	3.551749	-6.001533
-152.157806	-2.200346	-1.565238
-152.169124	-2.790770	-7.504802
-152.180442	-6.430198	10.521193
-152.191760	-7.289151	-4.261599
-152.203078	-4.797803	2.038366
-152.214396	0.365376	-8.201169
-152.225714	0.242039	-2.812687
-152.237032	4.104980	1.625381
-152.248349	1.421941	10.311105
-152.259667	-11.011763	1.499581
-152.270985	3.067300	-1.400665
-152.282303	7.552571	1.771266
-152.293621	-5.304369	13.049831
-152.304939	-1.367183	1.168851
-152.316257	-2.605947	0.354601
-152.327575	-4.375463	4.864246
-152.338893	5.797572	-5.696903
-152.350210	5.887781	-6.672678
-152.361528	-1.857389	-8.063093
-152.372846	-8.577534	-4.328238
-152.384164	4.945321	3.669255
-152.395482	-2.606589	1.549831
-152.406800	8.798042	0.542778
-152.418118	-0.620399	0.849555
-152.429436	5.544812	7.688712
-152.440754	-3.472728	4.656226
-152.452072	5.026614	4.367313
-152.463389	2.908911	-2.094341
-152.474707	-17.285542	-3.071041
-152.486025	-2.403374	8.152338
-152.497343	-7.892088	2.232172
-152.508661	-4.878527	-0.823426
-152.519979	6.051517	8.439739
-152.531297	0.855184	5.255519
-152.542615	-2.386489	-4.798790
-152.553933	-6.551977	16.444729
-152.565251	3.354138	3.672296
-152.576568	-1.807678	11.411707
-152.587886	-3.371367	7.667008
-152.599204	-3.565475	2.093800
-152.610522	-2.962804	-5.289216
-152.621840	3.805837	3.449618
-152.633158	-10.416755	10.587389
-152.644476	4.053825	7.187516
-152.655794	-14.327194	2.207790
-152.667112	-3.148041	-5.218640
-152.678429	0.146772	1.647772
-152.689747	9.018458	1.977128
-152.701065	-0.109498	2.055942
-152.712383	-12.986824	10.661418
-152.723701	-6.354687	-5.310817
-152.735019	-7.759163	3.554456
-152.746337	3.590059	-12.566457
-152.757655	0.963979	4.947293
-152.768973	1.757793	-5.926841
-152.780291	-10.898183	-0.098926
-152.791608	-8.589005	5.884319
-152.802926	11.656988	11.764495
-152.814244	-3.789660	5.073135
-152.825562	2.865635	11.386766
-152.836880	6.238443	-2.894134
-152.848198	2.415576	9.133258
-152.859516	-0.182041	2.332280
-152.870834	7.573776	-4.411614
-152.882152	3.353757	-10.095575
-152.893470	6.852411	-4.749816
-152.904787	-3.450020	-3.715165
-152.916105	-3.216066	6.863930
-152.927423	1.855456	7.704143
-152.938741	8.184273	8.315184
-152.950059	-0.139486	-1.208440
-152.961377	-4.322805	-5.903349
-152.972695	8.087015	-11.977119
-152.984013	-10.446454	-3.355963
-152.995331	0.340498	15.452333
-153.006649	-0.845634	-8.884946
-153.017966	-2.903958	-1.120611
-153.029284	-7.477688	-3.653989
-153.040602	-3.608938	-2.647668
-153.051920	3.518998	4.486726
-153.063238	0.163961	0.685360
-153.074556	-5.850322	-1.087465
-153.085874	3.604489	4.510343
-153.097192	7.384374	2.640828
-153.108510	-2.910767	2.260571
-153.119827	1.864073	-4.227953
-153.131145	-5.879528	-1.654549
-153.142463	8.231364	-3.946065
-153.153781	-0.200581	2.786541
-153.165099	12.952046	6.080550
-153.176417	-13.405573	-0.916012
-153.187735	-2.028188	6.546195
-153.199053	5.473261	-3.067692
-153.210371	11.407576	10.070410
-153.221689	-1.497375	-9.922626
-153.233006	3.390946	1.703152
-153.244324	-11.787797	-2.761393
-153.255642	1.818264	-3.025432
-153.266960	6.160125	-2.858213
-153.278278	-2.126167	-4.363284
-153.289596	-0.393265	8.327456
-153.300914	-7.836977	0.702767
-153.312232	3.909285	8.277890
-153.323550	7.737513	4.019192
-153.334868	-4.013846	1.930995
-153.346185	-1.474294	1.603977
-153.357503	-5.186345	10.732377
-153.368821	-2.556565	1.345372
-153.380139	5.611251	10.563100
-153.391457	-7.368906	6.004237
-153.402775	-0.728487	17.920597
-153.414093	3.943285	1.108747
-153.425411	-4.473814	6.991486
-153.436729	3.344898	0.098731
-153.448046	12.010375	5.915495
-153.459364	-1.930282	-2.012525
-153.470682	1.696981	2.082860
-153.482000	-2.556636	-1.292016
-153.493318	4.924776	7.933233
-153.504636	-8.874449	-1.274927
-153.515954	-8.466084	-4.569866
-153.527272	-8.845995	4.528171
-153.538590	-0.386377	12.847708
-153.549908	7.583079	4.760249
-153.561225	3.811906	-6.119649
-153.572543	-1.033610	-2.845257
-153.583861	-4.651526	2.029776
-153.595179	2.686622	-2.308300
-153.606497	-3.441667	5.299022
-153.617815	-8.219318	14.122899
-153.629133	-2.182819	7.777001
-153.640451	-12.814043	-0.489691
-153.651769	2.751445	-0.628417
-153.663087	-0.052310	6.382612
-153.674404	-0.557317	-1.237332
-153.685722	7.152368	-0.243237
-153.697040	3.351229	2.651585
-153.708358	3.671517	6.792760
-153.719676	-10.070506	0.816057
-153.730994	-9.373321	-8.167201
-153.742312	4.211503	2.132205
-153.753630	-4.976378	0.533665
-153.764948	4.232587	-6.977525
-153.776266	9.138822	5.647855
-153.787583	1.037107	10.910649
-153.798901	-2.203187	-3.940718
-153.810219	5.163608	5.734836
-153.821537	1.245042	-9.739963
-153.832855	-1.819785	3.329946
-153.844173	-1.452554	17.838388
-153.855491	-12.618886	9.948933
-153.866809	-5.671692	-2.395330
-153.878127	-1.286825	-1.151942
-153.889444	6.287283	-4.386961
-153.900762	6.667626	6.761698
-153.912080	1.988627	5.658347
-153.923398	-5.443372	-1.185554
-153.934716	4.977215	3.948425
-153.946034	3.235693	2.541247
-153.957352	1.164937	-4.131155
-153.968670	-1.472205	-12.050767
-153.979988	8.705556	0.081143
-153.991306	5.633990	-3.817841
-154.002623	12.982449	2.099728
-154.013941	-6.447449	6.287306
-154.025259	6.400928	7.121503
-154.036577	-2.186178	-0.833364
-154.047895	4.309300	-4.206798
-154.059213	6.689599	7.118993
-154.070531	10.736869	12.139884
-154.081849	3.156783	14.272073
-154.093167	8.040017	-5.708123
-154.104485	-0.887681	-0.988255
-154.115802	0.909846	7.835029
-154.127120	8.312678	-3.781848
-154.138438	10.971498	2.920893
-154.149756	-0.855693	4.571756
-154.161074	7.589899	-8.454597
-154.172392	-4.846307	9.479916
-154.183710	-5.083045	9.648349
-154.195028	9.168797	13.127480
-154.206346	-4.639055	0.929707
-154.217663	2.768313	-0.951073
-154.228981	-17.556431	3.518900
-154.240299	-11.438501	4.539325
-154.251617	8.178036	6.785480
-154.262935	-7.124612	-0.052742
-154.274253	-1.655973	11.046240
-154.285571	6.123332	0.329178
-154.296889	-0.939550	-8.703731
-154.308207	-1.839309	6.910260
-154.319525	4.218900	-3.678506
-154.330842	1.979195	-4.765374
-154.342160	4.820864	-6.425073
-154.353478	-11.419278	10.722386
-154.364796	12.401453	4.182530
-154.376114	-2.864560	-2.356336
-154.387432	6.687886	-8.122535
-154.398750	4.250648	1.776851
-154.410068	-5.436201	-5.185835
-154.421386	9.301239	4.735254
-154.432704	-4.101361	3.040421
-154.444021	-7.621066	5.784871
-154.455339	-5.209274	-9.454484
-154.466657	0.363482	-2.175637
-154.477975	15.211691	-9.201963
-154.489293	-3.801838	5.383486
-154.500611	-6.123953	-4.449182
-154.511929	3.059000	9.378779
-154.523247	-0.894649	-2.248089
-154.534565	3.544118	4.482800
-154.545882	3.735963	6.030420
-154.557200	6.223209	-4.346166
-154.568518	-3.438081	-3.346606
-154.579836	4.065688	-4.843203
-154.591154	-0.026702	9.387284
-154.602472	11.503794	11.836189
-154.613790	-8.930895	-9.976831
-154.625108	0.164959	5.781907
-154.636426	-6.933788	-15.955013
-154.647744	10.753151	0.489780
-154.659061	5.844203	-3.576270
-154.670379	-7.394711	3.420461
-154.681697	9.021765	-3.050751
-154.693015	1.966893	-1.880993
-154.704333	-0.635178	8.638457
-154.715651	10.243052	1.674320
-154.726969	-5.326808	-7.229298
-154.738287	6.069880	-4.107402
-154.749605	-5.195548	3.522374
-154.760923	3.239728	-3.202736
-154.772240	-1.616076	4.994225
-154.783558	-3.684687	4.775333
-154.794876	-4.788618	1.545648
-154.806194	3.480647	2.082652
-154.817512	-1.411389	-2.221497
-154.828830	-12.716067	-1.794064
-154.840148	21.269581	8.812576
-154.851466	0.137356	7.351882
-154.862784	2.847881	2.751242
-154.874102	-4.264105	-0.153739
-154.885419	3.916488	-1.789415
-154.896737	-9.197822	1.391621
-154.908055	1.400272	4.589010
-154.919373	9.196070	-4.140962
-154.930691	-6.893732	10.617664
-154.942009	-6.590613	-2.550195
-154.953327	-2.810539	-1.604355
-154.964645	11.232493	2.881712
-154.975963	1.987775	-3.012936
-154.987280	7.705163	4.705568
-154.998598	-5.454268	-2.907611
-155.009916	-7.672753	-3.769606
-155.021234	-4.173285	-3.939463
-155.032552	4.137280	-8.789157
-155.043870	6.236012	5.490645
-155.055188	0.167628	6.901694
-155.066506	-0.917638	1.041324
-155.077824	-5.917302	-8.649341
-155.089142	11.434178	-8.996256
-155.100459	-5.734644	6.630448
-155.111777	-1.044238	11.078348
-155.123095	0.191119	-0.363854
-155.134413	-6.159756	3.076236
-155.145731	3.873808	-3.102912
-155.157049	4.499383	5.018017
-155.168367	5.994600	5.680746
-155.179685	4.929983	14.552223
-155.191003	-4.137262	4.265762
-155.202321	0.918599	-9.563969
-155.213638	-7.256673	13.502267
-155.224956	0.226224	7.197575
-155.236274	-1.579098	2.347937
-155.247592	-9.539552	3.406575
-155.258910	-14.302711	-5.478043
-155.270228	-0.412274	1.254653
-155.281546	-5.388494	-8.378001
-155.292864	-5.613758	9.954111
-155.304182	-1.571446	0.428326
-155.315499	4.346838	-0.204741
-155.326817	4.926245	6.230798
-155.338135	-5.296312	-7.449846
-155.349453	0.840305	7.804073
-155.360771	2.608118	-4.796082
-155.372089	2.195326	3.480831
-155.383407	4.546850	9.657671
-155.394725	0.916207	5.120161
-155.406043	-4.341489	-1.611809
-155.417361	-4.797542	5.285231
-155.428678	3.394136	12.054057
-155.439996	4.633502	1.407663
-155.451314	-0.387529	3.661080
-155.462632	7.717704	-7.481415
-155.473950	0.981675	2.555598
-155.485268	2.244024	-5.046352
-155.496586	4.046255	-8.478152
-155.507904	2.995577	9.180404
-155.519222	7.686179	-6.764625
-155.530540	-12.405504	-2.086509
-155.541857	12.282654	11.400068
-155.553175	9.047865	2.526609
-155.564493	2.819005	5.561685
-155.575811	4.651276	1.401838
-155.587129	-2.653123	-5.257252
-155.598447	1.796427	-9.360852
-155.609765	-4.826283	-6.075377
-155.621083	-5.760385	-2.389982
-155.632401	2.177525	8.049281
-155.643718	5.479440	4.354596
-155.655036	-2.379789	-10.296429
-155.666354	1.506485	5.234558
-155.677672	10.723731	-3.841486
-155.688990	-3.330685	-6.997071
-155.700308	3.722182	-6.246359
-155.711626	-6.108045	-11.986377
-155.722944	-8.036009	5.645578
-155.734262	-7.797503	8.554998
-155.745580	-11.442624	9.202748
-155.756897	-0.295517	1.518135
-155.768215	8.286092	-5.894010
-155.779533	9.984015	0.754169
-155.790851	-6.567179	5.587787
-155.802169	11.814329	6.190690
-155.813487	0.716055	4.077559
-155.824805	3.666083	-11.981983
-155.836123	-1.885638	4.956662
-155.847441	14.249419	-9.674799
-155.858759	1.623519	11.665713
-155.870076	-15.162605	-8.685705
-155.881394	4.261011	-2.034590
-155.892712	-12.460332	-3.864084
-155.904030	8.273079	2.340731
-155.915348	0.310340	6.937521
-155.926666	10.930263	0.750445
-155.937984	-0.484147	-3.948074
-155.949302	2.041849	-4.164131
-155.960620	9.188647	10.960419
-155.971938	4.405980	9.050007
-155.983255	-1.200394	1.612173
-155.994573	0.803862	-1.897985
-156.005891	-6.370636	-4.754079
-156.017209	2.211882	6.705071
-156.028527	0.466259	8.857178
-156.039845	-10.038853	8.670901
-156.051163	3.912097	-6.821572
-156.062481	-3.825295	-5.426839
-156.073799	-0.940115	9.279526
-156.085116	-3.713131	12.711782
-156.096434	-9.514894	-2.722866
-156.107752	-11.731192	-2.668240
-156.119070	6.005453	0.760412
-156.130388	0.402698	2.721629
-156.141706	4.202676	0.099255
-156.153024	-12.606592	-5.874162
-156.164342	-3.161969	0.404571
-156.175660	4.769327	-6.710412
-156.186978	-5.193922	-1.035084
-156.198295	-2.978525	3.866659
-156.209613	-10.316515	14.193806
-156.220931	-8.370788	0.503983
-156.232249	-1.397045	4.232340
-156.243567	3.220018	4.308545
-156.254885	-3.747902	5.704544
-156.266203	8.833282	3.042202
-156.277521	-7.684647	-6.795692
-156.288839	-1.785446	5.823709
-156.300157	0.230361	6.773888
-156.311474	-1.581292	2.971014
-156.322792	-0.235739	0.581541
-156.334110	-7.752225	3.064838
-156.345428	-7.543142	4.450039
-156.356746	3.738152	-0.220775
-156.368064	-3.532046	14.489223
-156.379382	11.931934	-3.201324
-156.390700	3.552223	7.299941
-156.402018	-7.516087	-6.025840
-156.413335	9.866179	12.205120
-156.424653	9.986969	-1.899107
-156.435971	-2.769804	-3.496404
-156.447289	-0.410127	-7.016844
-156.458607	3.252200	2.391227
-156.469925	6.547015	-0.794676
-156.481243	-3.700274	4.361973
-156.492561	-8.380857	2.617402
-156.503879	-4.106850	-7.056262
-156.515197	-0.912123	-5.401274
-156.526514	2.499007	-2.787117
-156.537832	11.869481	5.443394
-156.549150	9.584774	17.269928
-156.560468	2.783098	-4.589452
-156.571786	-4.680192	0.464191
-156.583104	5.579761	5.513479
-156.594422	5.934874	1.789721
-156.605740	-8.378573	9.150424
-156.617058	-11.473328	-0.012746
-156.628376	-4.880635	-2.381822
-156.639693	2.477781	-12.775038
-156.651011	2.672159	1.070654
-156.662329	13.327391	6.177866
-156.673647	2.618460	7.970025
-156.684965	-1.715961	-4.103155
-156.696283	-2.361565	5.168638
-156.707601	-4.121274	13.852491
-156.718919	-7.975392	7.092776
-156.730237	-0.952888	4.375408
-156.741554	-8.187265	-3.207337
-156.752872	0.848496	1.919286
-156.764190	5.835620	-8.097253
-156.775508	9.836402	-2.115220
-156.786826	-4.514088	2.531967
-156.798144	1.932868	-5.635521
-156.809462	4.620524	-5.320219
-156.820780	6.093012	-2.282225
-156.832098	-5.084976	-10.101116
-156.843416	-3.051947	-0.921779
-156.854733	3.334097	1.214156
-156.866051	-1.365946	-0.775706
-156.877369	-3.377802	-0.190472
-156.888687	-3.494684	4.844171
-156.900005	6.642332	3.181717
-156.911323	-5.329643	0.024362
-156.922641	8.859857	1.561851
-156.933959	-5.187196	3.881651
-156.945277	-6.943673	6.777957
-156.956595	6.282249	5.812378
-156.967912	0.603956	-3.814516
-156.979230	7.434911	0.483033
-156.990548	-16.406534	-4.785753
-157.001866	0.270924	11.156987
-157.013184	-3.812773	-2.270214
-157.024502	-13.646674	-3.882069
-157.035820	4.698463	6.258736
-157.047138	-2.863345	-3.258875
-157.058456	-1.015967	0.590412
-157.069774	-4.400174	10.710978
-157.081091	-6.817420	-4.529889
-157.092409	-2.879953	6.860106
-157.103727	-9.575930	11.839173
-157.115045	-5.664588	10.132959
-157.126363	-2.531753	3.542123
-157.137681	-2.380425	3.712387
-157.148999	-1.208686	6.701598
-157.160317	4.851332	14.204066
-157.171635	2.369793	7.090051
-157.182952	-0.288003	-3.429920
-157.194270	-3.588010	-0.724817
-157.205588	-7.913513	-4.417875
-157.216906	-0.217817	-2.834426
-157.228224	7.697707	-2.616171
-157.239542	6.000861	7.357704
-157.250860	8.940793	-2.618896
-157.262178	-6.886073	-5.082576
-157.273496	-1.735174	-4.070400
-157.284814	7.120831	8.201954
-157.296131	8.026011	4.623774
-157.307449	4.149451	8.642839
-157.318767	-7.419814	-0.971781
-157.330085	7.181887	5.875555
-157.341403	-1.860910	5.998092
-157.352721	5.484407	14.922391
-157.364039	-4.917515	-13.138538
-157.375357	-0.181421	5.838912
-157.386675	2.552276	-0.197136
-157.397993	-9.752189	-3.393870
-157.409310	2.157510	-2.201888
-157.420628	3.403632	5.115740
-157.431946	3.178523	-0.232550
-157.443264	1.738182	-2.218663
-157.454582	7.043816	-4.421868
-157.465900	-6.101415	7.068259
-157.477218	-0.092586	2.681823
-157.488536	-0.391366	-1.712033
-157.499854	-12.504912	5.195016
-157.511171	0.635289	4.305496
-157.522489	0.784212	7.753410
-157.533807	3.603204	-2.990213
-157.545125	4.052265	4.576364
-157.556443	14.429822	6.061157
-157.567761	8.106348	1.324595
-157.579079	-2.648851	-5.767813
-157.590397	6.386295	6.398761
-157.601715	-9.645107	-1.455401
-157.613033	-7.223268	-7.595193
-157.624350	-0.600848	-5.932659
-157.635668	2.185742	-2.156598
-157.646986	-2.572932	-7.292523
-157.658304	3.493659	-3.832893
-157.669622	-1.159317	-1.962092
-157.680940	-2.343482	5.032580
-157.692258	2.255422	14.670563
-157.703576	-3.446219	8.659946
-157.714894	-3.623085	-5.751035
-157.726212	-4.994664	-1.645841
-157.737529	5.061501	11.193585
-157.748847	4.125618	9.805620
-157.760165	-5.995430	10.333399
-157.771483	3.057051	-10.422291
-157.782801	3.825315	4.077503
-157.794119	-0.033973	2.342192
-157.805437	7.933600	2.481949
-157.816755	-8.442794	12.028274
-157.828073	-10.508956	-12.747370
-157.839390	1.804403	-15.724710
-157.850708	-3.076157	1.224047
-157.862026	-4.249748	3.780033
-157.873344	-6.275341	8.219947
-157.884662	-5.912130	1.884004
-157.895980	5.549321	-5.767674
-157.907298	2.057721	-4.609093
-157.918616	4.894266	4.141387
-157.929934	-7.849080	-9.753877
-157.941252	0.007556	7.231596
-157.952569	1.929162	-2.826886
-157.963887	-0.917283	0.758788
-157.975205	0.626922	10.168668
-157.986523	-0.688659	2.198180
-157.997841	-3.071568	1.429873
-158.009159	4.959541	-5.714827
-158.020477	13.932983	12.024926
-158.031795	-18.322556	-4.035628
-158.043113	3.071422	-2.487692
-158.054431	-4.201550	7.342230
-158.065748	5.823991	-2.887356
-158.077066	7.120890	-0.585895
-158.088384	5.878831	0.112334
-158.099702	0.179130	2.239377
-158.111020	-1.078566	-11.225010
-158.122338	-1.322847	-6.993166
-158.133656	9.629594	3.077963
-158.144974	-12.276125	12.472190
-158.156292	-1.937919	4.265252
-158.167610	5.990888	-8.900915
-158.178927	-0.533807	5.019618
-158.190245	0.349199	0.581894
-158.201563	12.598937	-13.532488
-158.212881	2.184160	1.754467
-158.224199	2.234743	5.311731
-158.235517	-0.158459	5.823990
-158.246835	-12.317269	-18.171337
-158.258153	0.492171	13.286015
-158.269471	0.252811	-4.090311
-158.280788	10.277826	-0.466443
-158.292106	-8.060178	1.533944
-158.303424	-10.195045	0.308823
-158.314742	20.202551	9.158621
-158.326060	5.398214	-5.922503
-158.337378	4.788906	-8.818609
-158.348696	3.147865	-3.449771
-158.360014	-3.580834	-4.496753
-158.371332	-3.981168	16.431753
-158.382650	-12.978126	9.709836
-158.393967	-0.341717	-15.000912
-158.405285	-13.521371	-4.388534
-158.416603	15.369377	0.231712
-158.427921	16.246162	1.573280
-158.439239	9.815853	14.605923
-158.450557	-12.268506	-7.587024
-158.461875	1.965718	-4.963770
-158.473193	11.406672	0.144270
-158.484511	5.891141	1.162392
-158.495829	0.125808	0.546578
-158.507146	-0.938793	5.157065
-158.518464	4.123996	0.164932
-158.529782	-1.617777	9.502259
-158.541100	4.991590	6.659340
-158.552418	-5.879401	12.542685
-158.563736	-2.080260	2.360391
-158.575054	17.457182	4.640656
-158.586372	-1.604571	-5.372530
-158.597690	-5.062585	3.438172
-158.609007	-4.048927	0.623315
-158.620325	5.718988	-6.511539
-158.631643	3.949080	1.558487
-158.642961	-4.573921	-1.391117
-158.654279	-0.850033	6.306809
-158.665597	-8.092032	2.705073
-158.676915	-1.324259	-1.143694
-158.688233	-15.651547	4.251616
-158.699551	4.992311	6.800663
-158.710869	-1.970223	9.326324
-158.722186	-1.228378	9.943039
-158.733504	1.267054	6.965393
-158.744822	-7.456888	6.557921
-158.756140	0.059422	-10.376230
-158.767458	3.093398	4.326805
-158.778776	5.211873	-9.366909
-158.790094	-0.834591	1.438527
-158.801412	-4.245084	10.317095
-158.812730	3.727100	1.175122
-158.824048	-8.411097	-0.691902
-158.835365	4.714595	1.880687
-158.846683	-2.131300	22.470356
-158.858001	-20.573528	-19.091915
-158.869319	2.799394	0.691044
-158.880637	2.125575	16.201212
-158.891955	11.144404	-11.352257
-158.903273	2.223249	7.662659
-158.914591	5.322597	-3.511706
-158.925909	-8.108070	-9.047927
-158.937226	1.589006	6.622940
-158.948544	9.604936	4.503628
-158.959862	2.857743	-1.687404
-158.971180	-5.122549	1.744238
-158.982498	2.230562	0.853823
-158.993816	9.267421	9.258348
-159.005134	9.290442	4.387971
-159.016452	3.658124	8.557402
-159.027770	5.158584	4.313056
-159.039088	6.677733	-0.175144
-159.050405	2.193092	2.816839
-159.061723	6.249067	-4.781935
-159.073041	4.034523	4.100130
-159.084359	7.109848	-0.003659
-159.095677	6.982203	-5.231435
-159.106995	0.243385	14.731305
-159.118313	3.880479	-1.844077
-159.129631	-6.637534	11.782217
-159.140949	1.911651	-3.615286
-159.152267	3.670253	-3.812852
-159.163584	4.887560	-4.072179
-159.174902	9.384393	12.051235
-159.186220	-7.938033	-1.172974
-159.197538	2.604484	-6.271786
-159.208856	2.386078	2.033980
-159.220174	1.832324	-2.725752
-159.231492	10.552201	13.378330
-159.242810	0.787181	13.578702
-159.254128	1.506464	7.405994
-159.265446	-0.661984	-2.631948
-159.276763	8.075955	2.700494
-159.288081	-5.054866	13.095982
-159.299399	-1.395787	-1.022666
-159.310717	9.025049	-4.807739
-159.322035	-1.937506	5.917394
-159.333353	11.315185	-5.157998
-159.344671	-0.030380	16.248055
-159.355989	8.692194	5.914687
-159.367307	-7.737376	2.136886
-159.378624	-0.592276	2.201867
-159.389942	-2.429306	3.171634
-159.401260	2.844722	-6.921110
-159.412578	-3.641613	-8.376584
-159.423896	9.565735	-4.634732
-159.435214	-4.155087	2.068059
-159.446532	-0.917463	-7.090032
-159.457850	-5.488630	8.803144
-159.469168	5.362001	4.703402
-159.480486	-1.707129	4.278807
-159.491803	-1.123151	6.481269
-159.503121	5.912873	3.724854
-159.514439	13.105228	1.150736
-159.525757	4.441839	1.386234
-159.537075	7.151775	0.057065
-159.548393	5.804631	1.856488
-159.559711	1.595519	2.104549
-159.571029	2.017662	-1.080215
-159.582347	-3.987451	-0.569724
-159.593665	-11.011888	-2.782645
-159.604982	-6.093503	-1.344305
-159.616300	-1.494992	-1.747343
-159.627618	-2.766531	5.958493
-159.638936	-3.358490	8.591002
-159.650254	-7.172971	-5.861598
-159.661572	1.969141	-10.449350
-159.672890	10.472466	5.328265
-159.684208	-6.709177	-1.632640
-159.695526	-9.403612	-10.923026
-159.706843	-7.246567	13.996837
-159.718161	-4.983322	-6.966926
-159.729479	-1.111620	-9.716482
-159.740797	-4.092539	8.712685
-159.752115	2.864639	5.162890
-159.763433	0.013707	-7.150778
-159.774751	-0.829588	-2.737222
-159.786069	7.151750	-9.211918
-159.797387	0.159190	4.834546
-159.808705	13.299129	-2.347013
-159.820022	-6.352097	1.110840
-159.831340	-4.447978	8.972233
-159.842658	-1.520067	1.860501
-159.853976	-3.105664	-2.678661
-159.865294	4.264197	12.659788
-159.876612	3.609301	4.545796
-159.887930	-2.896755	-1.121847
-159.899248	-2.469276	2.307668
-159.910566	15.028437	8.389676
-159.921884	-9.906642	-1.389446
-159.933201	-11.780160	11.135365
-159.944519	-14.706121	-10.336644
-159.955837	-11.702036	-0.887969
-159.967155	2.697368	-4.219837
-159.978473	-8.692229	1.682323
-159.989791	-3.669650	4.692205
-160.001109	-2.044342	11.848998
-160.012427	4.254330	-1.255900
-160.023745	-3.847845	-7.587551
-160.035063	0.547121	2.534793
-160.046380	-5.660033	2.960932
-160.057698	-8.862594	-5.643275
-160.069016	-4.506763	-8.324658
-160.080334	3.060696	-1.067782
-160.091652	-10.297130	6.527141
-160.102970	2.951148	-6.862911
-160.114288	-11.025191	3.864206
-160.125606	-16.327322	-1.121348
-160.136924	2.088948	3.862974
-160.148241	-13.247060	-2.658693
-160.159559	1.666286	5.891754
-160.170877	-13.256067	5.095619
-160.182195	-0.577425	9.770257
-160.193513	-1.783861	3.560575
-160.204831	1.504717	-0.145356
-160.216149	-3.054227	-2.168739
-160.227467	4.035983	-9.631063
-160.238785	-13.856169	-6.108332
-160.250103	4.084866	-0.752518
-160.261420	0.008867	11.713096
-160.272738	2.975172	2.789049
-160.284056	-6.101372	8.853951
-160.295374	-5.376050	4.926147
-160.306692	1.588558	4.108926
-160.318010	5.240201	3.351995
-160.329328	12.560118	7.072197
-160.340646	3.139809	5.707287
-160.351964	-2.971980	7.711567
-160.363282	0.602808	-4.245998
-160.374599	8.082011	-0.130211
-160.385917	-0.884970	-0.419929
-160.397235	2.765825	0.430711
-160.408553	4.008437	9.328006
-160.419871	3.272481	0.937422
-160.431189	-0.873336	-4.137105
-160.442507	11.377712	-0.769956
-160.453825	7.359313	-14.415952
-160.465143	2.016589	-4.313878
-160.476460	4.698512	-1.764567
-160.487778	-2.894578	5.873289
-160.499096	4.067519	0.175366
-160.510414	-7.708165	9.604183
-160.521732	-3.859426	14.796700
-160.533050	20.867229	-4.303775
-160.544368	-2.908574	8.668840
-160.555686	-4.699862	-7.220461
-160.567004	-10.107619	-1.539229
-160.578322	-3.363142	-2.701074
-160.589639	3.815094	2.985007
-160.600957	2.951964	3.355568
-160.612275	13.344304	4.306824
-160.623593	0.971947	-5.764866
-160.634911	-0.636294	1.722535
-160.646229	6.163445	-15.385057
-160.657547	-8.573354	8.176639
-160.668865	17.576052	1.693990
-160.680183	-3.107817	-11.849851
-160.691501	-1.354527	-0.989862
-160.702818	4.142387	-4.041990
-160.714136	-0.011953	6.011362
-160.725454	-13.861167	-3.806606
-160.736772	3.247765	3.376351
-160.748090	11.270284	4.374182
-160.759408	4.259633	-5.255534
-160.770726	-2.898792	-3.481782
-160.782044	-1.288511	10.475734
-160.793362	-4.671949	8.009363
-160.804679	-0.361587	5.628800
-160.815997	6.824500	-0.398283
-160.827315	-7.058075	0.287904
-160.838633	2.065978	-5.544261
-160.849951	-2.095975	1.717361
-160.861269	-8.967138	-20.254440
-160.872587	-5.426905	2.901551
-160.883905	3.317304	3.761786
-160.895223	-0.848377	-0.261280
-160.906541	-5.268312	1.044402
-160.917858	2.717606	-5.155302
-160.929176	3.498015	0.275148
-160.940494	7.388678	0.427473
-160.951812	-1.452200	2.311338
-160.963130	-0.355323	-1.997682
-160.974448	-3.344612	8.057466
-160.985766	13.078553	7.144785
-160.997084	0.703743	3.976608
-161.008402	8.632395	4.927571
-161.019720	1.981646	17.098190
-161.031037	-1.693283	0.335302
-161.042355	0.960538	-1.088160
-161.053673	6.683769	7.471491
-161.064991	8.028599	2.340746
-161.076309	1.865972	7.015888
-161.087627	0.914104	-11.796453
-161.098945	-3.215995	-6.505877
-161.110263	-8.325323	3.153389
-161.121581	8.618109	15.831803
-161.132899	-1.908903	11.865059
-161.144216	-10.833749	8.636487
-161.155534	-10.396649	-4.252871
-161.166852	-7.199215	2.888936
-161.178170	-0.032497	7.406727
-161.189488	-7.685292	2.219982
-161.200806	-2.197280	1.013715
-161.212124	9.833621	-5.975056
-161.223442	-2.738766	7.617564
-161.234760	11.330013	7.932064
-161.246077	1.707636	2.136577
-161.257395	8.232838	3.767868
-161.268713	0.297812	8.521352
-161.280031	4.412758	-2.276850
-161.291349	0.357495	-1.067273
-161.302667	15.522781	3.408556
-161.313985	-2.849280	7.402115
-161.325303	-8.125670	3.330730
-161.336621	-0.838964	0.800147
-161.347939	-2.909853	-5.543999
-161.359256	-1.472094	11.923675
-161.370574	-11.492144	5.857238
-161.381892	-1.500777	4.031518
-161.393210	-7.618737	-1.774976
-161.404528	11.362644	10.423400
-161.415846	6.848589	-0.492265
-161.427164	8.002024	-6.700849
-161.438482	4.748686	8.631895
-161.449800	0.088717	-4.748053
-161.461118	-5.409240	-3.011929
-161.472435	24.097345	4.685859
-161.483753	-6.513066	-2.053967
-161.495071	6.405072	8.008202
-161.506389	-4.903555	9.034049
-161.517707	-3.516974	15.941739
-161.529025	-1.193245	4.887552
-161.540343	-2.938987	3.765475
-161.551661	-3.075826	-0.217108
-161.562979	-9.369400	9.756104
-161.574296	-2.703191	0.423152
-161.585614	6.438004	14.126490
-161.596932	2.257149	2.027976
-161.608250	5.706988	3.709908
-161.619568	3.768553	-10.241239
-161.630886	-2.157883	1.976438
-161.642204	9.467868	7.587344
-161.653522	-6.270756	-7.193731
-161.664840	-6.690206	-0.613498
-161.676158	-4.733359	6.535410
-161.687475	-2.284911	3.524275
-161.698793	1.191155	3.459498
-161.710111	-12.112125	-7.213468
-161.721429	8.368721	6.872981
-161.732747	2.710276	-0.511659
-161.744065	-0.256639	4.514474
-161.755383	10.129682	-0.669297
-161.766701	-10.231493	0.587591
-161.778019	5.878582	1.866161
-161.789337	0.415120	8.680857
-161.800654	-12.222808	6.123450
-161.811972	12.601549	1.167523
-161.823290	-0.284292	-9.308621
-161.834608	4.562898	-4.769369
-161.845926	3.093955	-5.555280
-161.857244	-14.841165	-1.980700
-161.868562	-3.736519	-1.976774
-161.879880	-5.851331	3.007677
-161.891198	3.241038	11.407787
-161.902515	-9.265261	4.766094
-161.913833	1.725636	-1.512068
-161.925151	2.041025	2.303580
-161.936469	2.587206	4.792108
-161.947787	-8.333699	-13.025102
-161.959105	4.007065	0.106614
-161.970423	8.270830	4.062623
-161.981741	-4.909197	6.263344
-161.993059	-7.212934	2.063219
-162.004377	3.410807	-2.765709
-162.015694	-1.220936	-4.030564
-162.027012	-9.734418	5.096788
-162.038330	0.733567	8.358167
-162.049648	-7.013208	2.197081
-162.060966	1.906451	3.129812
-162.072284	-7.193130	-1.802263
-162.083602	6.912355	-6.212557
-162.094920	2.258306	8.111101
-162.106238	-5.948491	8.623656
-162.117556	-8.903543	7.500978
-162.128873	-0.457842	1.699501
-162.140191	7.010476	9.505996
-162.151509	15.480980	1.874522
-162.162827	-4.627794	-5.078873
-162.174145	-6.619923	4.640362
-162.185463	-2.060742	3.523493
-162.196781	7.601307	2.627984
-162.208099	7.187316	-9.163329
-162.219417	-3.177859	1.297269
-162.230735	-1.674805	-5.002701
-162.242052	5.815110	-0.288373
-162.253370	-5.669691	-8.091577
-162.264688	-2.322365	-1.336839
-162.276006	2.404279	9.915625
-162.287324	-1.502606	9.666685
-162.298642	2.649920	-6.426024
-162.309960	-1.419858	3.688471
-162.321278	6.891871	7.527256
-162.332596	7.209929	1.617409
-162.343913	-8.242391	-12.049055
-162.355231	9.532168	-3.645226
-162.366549	-1.250350	1.392298
-162.377867	12.333160	-10.668027
-162.389185	-8.003795	-1.626590
-162.400503	-1.924502	-8.363300
-162.411821	-9.859227	2.193457
-162.423139	16.720930	-1.916612
-162.434457	6.810534	-0.946944
-162.445775	-2.638420	-2.462819
-162.457092	2.333470	6.017392
-162.468410	-6.818903	5.653965
-162.479728	6.144591	-7.457728
-162.491046	1.696217	-4.250950
-162.502364	-4.351283	4.142817
-162.513682	-5.709793	9.581683
-162.525000	-7.584957	5.928837
-162.536318	-8.278407	6.782726
-162.547636	2.973212	4.560440
-162.558954	5.642876	1.350369
-162.570271	8.744805	-6.576456
-162.581589	-8.801661	-1.595235
-162.592907	14.741229	-12.125220
-162.604225	1.491387	1.460963
-162.615543	4.055614	3.673045
-162.626861	-16.601812	12.658813
-162.638179	-6.247994	-10.849080
-162.649497	-4.344047	0.612067
-162.660815	-10.203767	2.166386
-162.672132	-5.577185	14.308013
-162.683450	-1.813212	6.156142
-162.694768	3.911610	-9.989337
-162.706086	14.587762	1.954430
-162.717404	12.799865	4.176245
-162.728722	-8.939463	12.544835
-162.740040	-5.924207	-4.684238
-162.751358	6.714237	-1.426967
-162.762676	7.056098	1.700314
-162.773994	3.096733	7.093618
-162.785311	-2.322755	-1.954504
-162.796629	-13.755238	10.208097
-162.807947	-0.358270	2.920716
-162.819265	0.688928	5.181147
-162.830583	-1.556825	13.860559
-162.841901	0.942478	7.962969
-162.853219	7.237470	2.228412
-162.864537	6.978975	-0.387229
-162.875855	-3.802499	17.475786
-162.887173	-6.315289	-3.596658
-162.898490	11.577246	-9.463746
-162.909808	1.495409	9.703840
-162.921126	3.284526	0.145881
-162.932444	-3.179500	4.497806
-162.943762	-6.109869	-3.807248
-162.955080	-8.469450	-4.666435
-162.966398	-4.899344	6.475931
-162.977716	0.582653	12.217881
-162.989034	-4.246471	-3.713772
-163.000351	-5.892943	-10.389907
-163.011669	2.719899	24.355782
-163.022987	3.844980	15.543075
-163.034305	-14.522025	-9.001712
-163.045623	-9.204188	-2.226218
-163.056941	-0.839417	-1.180758
-163.068259	0.535598	3.578778
-163.079577	-1.254645	-4.505863
-163.090895	-7.223989	12.033839
-163.102213	-0.230081	-7.540831
-163.113530	8.456903	-1.917681
-163.124848	-5.787425	13.283883
-163.136166	-6.196330	11.416238
-163.147484	11.461777	-3.962361
-163.158802	-3.772339	-8.223729
-163.170120	-1.280427	0.460906
-163.181438	8.220193	6.348909
-163.192756	1.291829	1.356738
-163.204074	-11.607745	5.103634
-163.215392	-10.445050	-4.765687
-163.226709	12.884945	-0.081428
-163.238027	7.923814	9.167957
-163.249345	8.744824	7.969956
-163.260663	-4.830372	-12.118409
-163.271981	3.932924	6.066882
-163.283299	8.609915	0.667086
-163.294617	7.898164	5.398926
-163.305935	-2.764195	10.829383
-163.317253	-0.550386	1.419306
-163.328571	15.577766	6.629844
-163.339888	7.650874	-0.753504
-163.351206	3.733416	7.365553
-163.362524	5.568072	-2.531221
-163.373842	7.284063	8.916038
-163.385160	0.830326	7.040252
-163.396478	-2.991343	-0.576734
-163.407796	-2.929262	14.060229
-163.419114	-0.705236	-0.613082
-163.430432	3.581690	3.121778
-163.441749	6.560510	-0.976861
-163.453067	1.092259	-5.432959
-163.464385	-2.863601	5.857732
-163.475703	-4.422526	4.419999
-163.487021	-15.826506	7.384996
-163.498339	1.043680	2.053085
-163.509657	-2.151080	-8.289462
-163.520975	-9.643616	-4.650822
-163.532293	-1.534189	24.579130
-163.543611	-10.803779	-1.168910
-163.554928	-2.690504	-1.596844
-163.566246	12.469098	4.619635
-163.577564	6.297380	3.168637
-163.588882	5.363101	7.538710
-163.600200	-12.493393	-4.699244
-163.611518	-12.452764	6.895298
-163.622836	8.194334	-7.647908
-163.634154	12.663412	-0.656131
-163.645472	1.134532	13.811739
-163.656790	10.973949	-0.055324
-163.668107	3.626403	-1.433222
-163.679425	-2.068204	0.879480
-163.690743	5.663083	2.650373
-163.702061	-13.669303	22.543003
-163.713379	1.631158	1.859185
-163.724697	-9.314148	3.550022
-163.736015	7.146349	-5.514800
-163.747333	2.398777	10.370464
-163.758651	-4.966456	8.687317
-163.769968	0.761745	0.331565
-163.781286	0.335817	-6.645892
-163.792604	-5.445062	7.141912
-163.803922	1.290804	0.992340
-163.815240	-15.909168	-8.798844
-163.826558	8.590917	4.890420
-163.837876	-0.870761	0.975918
-163.849194	-3.589743	9.568415
-163.860512	2.256680	-2.432726
-163.871830	-6.869554	0.298128
-163.883147	1.435511	-8.807846
-163.894465	10.082060	7.515065
-163.905783	-2.558599	4.079723
-163.917101	-6.686372	4.556552
-163.928419	9.223845	-2.231070
-163.939737	-3.959751	6.206971
-163.951055	0.867617	3.809215
-163.962373	-1.172539	-0.618128
-163.973691	-1.423593	8.384463
-163.985009	3.561934	5.150268
-163.996326	-10.723451	-0.633814
-164.007644	-2.247935	-7.994664
-164.018962	-15.776131	-1.405302
-164.030280	7.354331	-0.111163
-164.041598	2.040976	6.500371
-164.052916	-3.563885	15.944795
-164.064234	9.017885	2.663043
-164.075552	6.253983	9.456939
-164.086870	3.673580	0.667879
-164.098187	11.146511	-4.436516
-164.109505	6.744313	-0.342971
-164.120823	-13.135282	16.075390
-164.132141	6.781812	3.077059
-164.143459	-2.077671	-6.288686
-164.154777	10.911542	7.614617
-164.166095	3.209953	11.527182
-164.177413	0.761201	-9.975410
-164.188731	1.155760	-6.840402
-164.200049	-4.435327	-6.979526
-164.211366	-1.341409	-0.462263
-164.222684	-1.125733	1.389246
-164.234002	-9.832455	-2.866780
-164.245320	-10.590103	-6.642653
-164.256638	-8.448376	-13.306195
-164.267956	1.441460	4.594996
-164.279274	-5.140017	-0.307459
-164.290592	-4.219692	-6.125535
-164.301910	10.501921	-6.490017
-164.313228	-5.093428	-1.512932
-164.324545	7.888892	4.161798
-164.335863	-0.682303	7.584910
-164.347181	-9.053071	13.280396
-164.358499	3.060834	-10.013593
-164.369817	4.014529	4.389820
-164.381135	1.081096	-9.131825
-164.392453	4.608678	8.058825
-164.403771	-8.381160	3.649670
-164.415089	-9.229252	10.200208
-164.426407	-4.732978	-5.162313
-164.437724	0.770688	11.376428
-164.449042	12.226576	6.573664
-164.460360	-0.568604	-2.798310
-164.471678	0.116538	-7.285546
-164.482996	2.962776	3.631283
-164.494314	9.711654	1.574958
-164.505632	22.747648	-7.612370
-164.516950	-2.929729	4.648007
-164.528268	1.021711	-1.763982
-164.539585	5.455503	1.533755
-164.550903	5.667094	-1.509831
-164.562221	10.056165	11.670649
-164.573539	-2.251619	0.202986
-164.584857	-6.363709	6.659640
-164.596175	-2.554070	-9.791211
-164.607493	5.583346	-13.212342
-164.618811	-3.174078	6.473410
-164.630129	-6.296753	-4.581286
-164.641447	-1.739779	7.767987
-164.652764	-5.704717	-8.314388
-164.664082	0.732778	0.252831
-164.675400	-1.914812	12.188669
-164.686718	8.031996	10.479111
-164.698036	-7.565672	3.877540
-164.709354	8.890660	15.632546
-164.720672	3.061188	-2.331592
-164.731990	3.694052	6.522396
-164.743308	-14.289660	10.632437
-164.754626	-3.437660	5.587339
-164.765943	1.340055	-3.292471
-164.777261	0.837399	0.021919
-164.788579	-6.373112	0.090286
-164.799897	0.730985	1.169363
-164.811215	-6.196006	-5.658350
-164.822533	-3.414387	2.173398
-164.833851	3.513063	-1.157168
-164.845169	1.252924	-4.455498
-164.856487	-9.946735	9.274284
-164.867804	8.940521	-0.898939
-164.879122	10.942824	0.539379
-164.890440	0.259065	0.538812
-164.901758	9.307615	2.243056
-164.913076	0.845494	2.373271
-164.924394	-2.118906	-7.052116
-164.935712	2.834146	-5.789234
-164.947030	5.559066	-2.966957
-164.958348	10.039903	10.614559
-164.969666	1.909383	-3.344082
-164.980983	-5.797994	-4.939234
-164.992301	-3.013985	-3.597101
-165.003619	6.807782	-4.733498
-165.014937	17.517839	12.158702
-165.026255	-2.228292	-1.897236
-165.037573	-6.059459	2.477680
-165.048891	-5.770824	-6.081150
-165.060209	1.029288	1.293768
-165.071527	4.091346	6.270746
-165.082845	4.548902	7.252342
-165.094162	5.371617	-12.185995
-165.105480	4.346616	1.348201
-165.116798	-12.480717	-3.098317
-165.128116	9.066177	11.713187
-165.139434	7.542598	5.178375
-165.150752	0.952912	8.276130
-165.162070	10.712908	2.718652
-165.173388	-1.060977	-5.337489
-165.184706	-1.480407	12.778659
-165.196023	11.527843	7.378873
-165.207341	12.718436	-1.064176
-165.218659	-10.914382	-0.355826
-165.229977	-1.005059	-4.155718
-165.241295	-0.113685	6.198681
-165.252613	7.583876	5.284543
-165.263931	-8.659697	5.544229
-165.275249	-6.787604	7.123092
-165.286567	3.272146	2.116383
-165.297885	9.526719	15.040553
-165.309202	-2.333863	-2.337101
-165.320520	2.174390	8.251420
-165.331838	-8.473365	-3.848543
-165.343156	-4.134904	-8.613402
-165.354474	4.331283	0.612540
-165.365792	6.981314	1.852655
-165.377110	3.716626	4.208597
-165.388428	-2.362629	6.771290
-165.399746	-2.142384	8.748434
-165.411064	5.309319	3.541023
-165.422381	-0.876413	5.971934
-165.433699	4.018259	-2.856746
-165.445017	-2.329477	-9.884056
-165.456335	-0.644007	-7.876644
-165.467653	-2.668974	-12.255988
-165.478971	9.562176	11.399042
-165.490289	3.283593	6.128642
-165.501607	4.889257	-16.097950
-165.512925	25.321045	2.100395
-165.524243	1.613527	5.856480
-165.535560	6.705396	7.281628
-165.546878	-7.619153	15.009003
-165.558196	3.292197	5.883631
-165.569514	-5.398833	-1.109012
-165.580832	-4.915099	-0.052814
-165.592150	8.491580	5.991725
-165.603468	-3.123812	3.259637
-165.614786	2.126232	-0.108588
-165.626104	-6.202587	1.431370
-165.637421	-8.113646	-5.822899
-165.648739	4.880293	-7.402211
-165.660057	3.518697	-5.298775
-165.671375	10.055155	-1.351051
-165.682693	-5.286551	-3.227221
-165.694011	1.111005	-2.479326
-165.705329	-2.193659	-4.683043
-165.716647	-3.339051	5.445107
-165.727965	4.766651	1.114809
-165.739283	1.518838	-0.676271
-165.750600	6.233921	2.879790
-165.761918	0.345115	-0.275146
-165.773236	-0.461115	5.130404
-165.784554	-9.389437	-2.280787
-165.795872	6.416975	1.749925
-165.807190	8.905522	0.430167
-165.818508	-1.459145	-1.511768
-165.829826	-1.953692	3.382786
-165.841144	9.387305	-2.755159
-165.852462	-1.101788	-4.812002
-165.863779	4.202842	1.846086
-165.875097	1.726020	3.300334
-165.886415	15.692167	3.067452
-165.897733	5.634697	-1.491636
-165.909051	-1.346417	-9.679466
-165.920369	-6.720879	18.816128
-165.931687	13.713536	-3.260481
-165.943005	-0.092018	17.109173
-165.954323	7.354424	-11.711132
-165.965640	2.410219	-3.236000
-165.976958	0.420005	-6.099236
-165.988276	3.599384	9.466738
-165.999594	2.188801	-8.229041
-166.010912	2.750364	10.740866
-166.022230	-3.705548	-0.665178
-166.033548	3.012701	-2.433489
-166.044866	5.546370	6.257463
-166.056184	11.666863	5.101219
-166.067502	-1.161108	1.198052
-166.078819	-2.747778	-3.680634
-166.090137	16.760143	-3.988425
-166.101455	10.291965	0.768967
-166.112773	-3.417620	5.610955
-166.124091	8.350059	6.181065
-166.135409	-8.290525	3.194158
-166.146727	16.354458	6.193466
-166.158045	4.722613	-6.711969
-166.169363	8.814025	0.989394
-166.180681	5.219525	-10.991199
-166.191998	-4.482206	-10.205248
-166.203316	6.310855	-1.733080
-166.214634	-1.218867	0.098852
-166.225952	-4.020942	4.114781
-166.237270	-1.537152	6.674366
-166.248588	5.383546	-8.214163
-166.259906	16.933220	4.649272
-166.271224	4.445390	2.515838
-166.282542	-15.311940	5.835469
-166.293859	-4.560897	-1.707551
-166.305177	-4.577673	3.460439
-166.316495	0.877957	-5.610703
-166.327813	-0.764185	4.338097
-166.339131	2.770934	8.263967
-166.350449	-14.203336	11.204419
-166.361767	-1.019238	6.449903
-166.373085	-9.561175	-2.112628
-166.384403	-4.632769	-3.562496
-166.395721	-7.575284	-5.247278
-166.407038	-5.685591	17.793287
-166.418356	-5.453196	-7.247144
-166.429674	-1.955987	0.929038
-166.440992	-2.716649	-10.276966
-166.452310	-9.522284	-6.984971
-166.463628	-1.128135	4.465105
-166.474946	-0.449682	-11.081303
-166.486264	-13.272599	13.376931
-166.497582	14.965265	0.019308
-166.508900	1.302860	2.809637
-166.520217	7.082228	-11.371553
-166.531535	5.408464	-0.450519
-166.542853	-18.510595	-5.830595
-166.554171	-7.679134	-10.685388
-166.565489	-2.336817	1.397726
-166.576807	-0.145084	5.242531
-166.588125	6.777134	9.663790
-166.599443	3.674831	-0.536453
-166.610761	-1.625679	15.029566
-166.622079	4.387218	2.381189
-166.633396	-3.229138	1.744161
-166.644714	10.409388	1.184001
-166.656032	-0.768811	-11.266804
-166.667350	0.233090	2.595459
-166.678668	4.434260	-5.836288
-166.689986	5.482798	16.740337
-166.701304	5.973704	-0.576727
-166.712622	-4.756416	13.664970
-166.723940	-10.621931	1.870021
-166.735257	-1.748380	6.531380
-166.746575	-0.927182	5.953068
-166.757893	7.593671	-10.148250
-166.769211	-3.704419	15.619387
-166.780529	0.428478	-5.335289
-166.791847	15.558844	-8.013162
-166.803165	10.302130	6.165648
-166.814483	-12.875447	4.356292
-166.825801	-7.691428	15.017331
-166.837119	-7.506040	-7.338614
-166.848436	4.961448	-4.660791
-166.859754	6.626378	5.451699
-166.871072	-6.261751	3.794945
-166.882390	16.047087	-0.665581
-166.893708	-2.156343	-10.069298
-166.905026	-4.877578	5.019524
-166.916344	-6.068213	1.810101
-166.927662	13.835181	-6.623641
-166.938980	-3.293007	6.523322
-166.950298	-1.054217	-4.844351
-166.961615	-3.086368	-0.378648
-166.972933	2.543966	2.480552
-166.984251	-6.140443	-0.185165
-166.995569	-9.516883	-9.512232
-167.006887	2.437625	-0.350545
-167.018205	2.827253	3.211439
-167.029523	3.282881	2.652157
-167.040841	-11.038802	-7.906998
-167.052159	-6.865066	2.010068
-167.063476	4.050988	3.891421
-167.074794	3.776815	-0.877234
-167.086112	-3.660685	-3.550152
-167.097430	1.756455	-0.739201
-167.108748	3.260245	4.736331
-167.120066	6.457744	-19.932577
-167.131384	11.736948	8.020308
-167.142702	2.686758	-12.570419
-167.154020	-7.663080	12.588757
-167.165338	-0.055810	6.590692
-167.176655	-11.466584	-5.585786
-167.187973	3.786977	15.268035
-167.199291	12.189810	1.748831
-167.210609	-5.523451	-1.613393
-167.221927	-10.235250	-3.544691
-167.233245	6.063068	-6.938970
-167.244563	-5.571033	3.625885
-167.255881	1.683763	2.189849
-167.267199	-3.725595	1.465228
-167.278517	9.330668	12.142035
-167.289834	-0.450491	-12.885086
-167.301152	12.538988	-5.540922
-167.312470	-2.148340	3.937027
-167.323788	0.405629	-1.064395
-167.335106	-0.514433	-7.618411
-167.346424	5.191474	0.152769
-167.357742	-0.166183	-4.294196
-167.369060	-2.298222	-9.101983
-167.380378	2.676470	-2.155798
-167.391696	-2.771135	1.936369
-167.403013	19.187990	-5.648828
-167.414331	7.348718	11.556125
-167.425649	-1.334469	14.133942
-167.436967	2.654509	7.113433
-167.448285	-7.038897	14.816631
-167.459603	-0.615603	-3.408463
-167.470921	4.503601	-4.932691
-167.482239	12.537581	6.932375
-167.493557	-4.758473	5.235483
-167.504874	-3.281706	-12.458481
-167.516192	14.543851	-0.938208
-167.527510	8.166840	4.169880
-167.538828	-1.736174	-9.405807
-167.550146	9.526793	-1.720755
-167.561464	0.535593	19.774727
-167.572782	-3.935667	-16.347309
-167.584100	5.106692	-5.151769
-167.595418	3.788011	-1.920678
-167.606736	-3.166200	11.914342
-167.618053	-12.243214	2.529023
-167.629371	-3.184659	-5.888172
-167.640689	-2.225747	0.187361
-167.652007	-5.332051	0.225544
-167.663325	0.676316	-8.108825
-167.674643	-4.078517	1.514606
-167.685961	-2.848888	6.344304
-167.697279	0.042298	10.083543
-167.708597	10.236636	-2.540683
-167.719915	-8.973486	0.988837
-167.731232	-1.320694	-2.458801
-167.742550	-3.901960	-0.561443
-167.753868	2.903952	-6.985845
-167.765186	-12.824925	2.211420
-167.776504	-5.477461	-4.874149
-167.787822	1.276148	7.498179
-167.799140	6.597833	4.442492
-167.810458	11.453540	-6.278221
-167.821776	4.248817	1.836904
-167.833093	4.700189	11.357078
-167.844411	5.545764	-5.794614
-167.855729	-2.542163	-6.714041
-167.867047	0.963659	-6.172574
-167.878365	-8.231562	4.653812
-167.889683	0.338817	9.018667
-167.901001	-6.688273	3.975793
-167.912319	-2.007762	3.586468
-167.923637	-5.578695	4.718822
-167.934955	-0.965205	0.304940
-167.946272	7.726391	-7.765071
-167.957590	2.825966	3.389755
-167.968908	-6.798079	-0.919219
-167.980226	1.802614	-8.756418
-167.991544	11.495770	-2.254187
-168.002862	6.795334	5.417315
-168.014180	-3.806635	8.958114
-168.025498	-1.163876	-3.616598
-168.036816	7.015544	-2.626454
-168.048134	1.201738	-4.812586
-168.059451	4.473132	8.480616
-168.070769	-6.670199	5.599486
-168.082087	-7.209573	-6.810436
-168.093405	4.301412	-8.976702
-168.104723	6.735679	-16.128771
-168.116041	1.872545	5.331605
-168.127359	-3.182990	-2.522544
-168.138677	-1.722014	8.843663
-168.149995	-7.037940	0.325112
-168.161312	9.524504	0.004338
-168.172630	0.521843	6.007370
-168.183948	-20.081974	-5.742984
-168.195266	3.587245	-1.187049
-168.206584	5.731867	-6.552970
-168.217902	1.767331	-2.507108
-168.229220	14.841282	-3.294888
-168.240538	-12.890223	1.397643
-168.251856	-7.034752	-7.476568
-168.263174	2.629808	1.767809
-168.274491	-7.359146	1.849697
-168.285809	6.213469	7.056240
-168.297127	-14.486488	-4.270103
-168.308445	-3.577290	3.886530
-168.319763	4.936347	1.974149
-168.331081	6.031466	10.208747
-168.342399	5.127522	5.517146
-168.353717	3.691353	10.364215
-168.365035	-2.833664	13.076993
-168.376353	-6.838324	-0.793528
-168.387670	-2.830308	-3.659335
-168.398988	-0.447047	1.149959
-168.410306	3.356655	15.165372
-168.421624	-11.162765	1.994855
-168.432942	0.260058	-0.807703
-168.444260	12.911635	-2.864727
-168.455578	2.620268	14.113681
-168.466896	-9.020209	16.012465
-168.478214	-7.317283	3.437470
-168.489532	-5.940394	-3.808465
-168.500849	8.963753	3.571623
-168.512167	5.966592	8.408172
-168.523485	4.140291	-5.050176
-168.534803	3.399667	-1.157844
-168.546121	-2.378246	1.704676
-168.557439	-2.849535	9.897868
-168.568757	5.492167	2.163441
-168.580075	-0.050372	-4.637047
-168.591393	4.152957	7.804519
-168.602710	4.333024	-1.556190
-168.614028	1.381845	-2.764051
-168.625346	-6.040893	21.049992
-168.636664	-6.608703	6.026442
-168.647982	-4.639486	12.912816
-168.659300	0.800786	1.890875
-168.670618	-5.063720	-1.476396
-168.681936	10.978679	4.695691
-168.693254	15.433222	9.138728
-168.704572	-0.549022	-4.531759
-168.715889	4.441358	-3.884586
-168.727207	3.967795	-6.129628
-168.738525	0.210553	-1.175774
-168.749843	6.479922	6.396578
-168.761161	-5.455265	-2.217062
-168.772479	-9.046369	0.619717
-168.783797	2.856020	-0.178209
-168.795115	8.454009	3.146037
-168.806433	13.381669	-10.441128
-168.817751	3.199636	2.886733
-168.829068	-6.386634	3.719670
-168.840386	-0.133199	-11.615011
-168.851704	24.504934	3.923182
-168.863022	9.450095	5.808762
-168.874340	4.438995	-1.083331
-168.885658	-1.636271	-0.467475
-168.896976	14.450165	8.449346
-168.908294	9.691479	-2.774033
-168.919612	-3.417158	-1.126399
-168.930929	1.326990	8.979906
-168.942247	-8.857818	7.304476
-168.953565	13.987257	4.083011
-168.964883	3.596733	5.347806
-168.976201	3.557957	1.058097
-168.987519	3.416473	0.188181
-168.998837	0.986270	-10.084674
-169.010155	14.102553	-5.454381
-169.021473	5.152693	-2.397617
-169.032791	14.353276	2.558844
-169.044108	0.056314	11.705221
-169.055426	-4.008682	-0.465451
-169.066744	2.652035	-11.815918
-169.078062	-4.694882	-10.949470
-169.089380	0.258411	2.543026
-169.100698	-15.801172	-3.165739
-169.112016	5.812803	8.227638
-169.123334	4.240862	1.056144
-169.134652	9.933013	2.652408
-169.145970	10.114808	6.355299
-169.157287	-6.629051	3.207065
-169.168605	4.376059	9.784924
-169.179923	-1.639467	-0.286226
-169.191241	1.061226	-1.195061
-169.202559	0.990844	2.028381
-169.213877	-0.815267	0.408007
-169.225195	-9.350038	12.390161
-169.236513	-0.217865	7.054949
-169.247831	-5.284654	5.818872
-169.259148	-5.342073	-0.845600
-169.270466	1.691793	0.045346
-169.281784	9.565400	1.374104
-169.293102	1.489094	11.000849
-169.304420	4.216859	-9.950087
-169.315738	8.693583	7.078179
-169.327056	-8.396459	-7.822267
-169.338374	8.563965	6.001522
-169.349692	15.813711	-9.021345
-169.361010	2.179645	-13.638607
-169.372327	5.374341	-17.777927
-169.383645	-5.208870	4.107036
-169.394963	-4.972856	6.818744
-169.406281	2.964972	-5.335217
-169.417599	12.393316	3.057142
-169.428917	-2.476644	-2.727876
-169.440235	0.885248	15.020246
-169.451553	-0.799584	-3.412444
-169.462871	-5.286283	0.713953
-169.474189	7.713278	-0.321297
-169.485506	-4.481242	6.963225
-169.496824	5.376479	6.041829
-169.508142	-11.441043	9.602281
-169.519460	5.610376	1.217625
-169.530778	-3.585889	11.966378
-169.542096	-6.668404	6.158306
-169.553414	0.116552	12.089790
-169.564732	-10.738358	-1.034765
-169.576050	4.924300	2.433746
-169.587368	5.966201	-7.281803
-169.598685	-2.123553	3.672750
-169.610003	3.747456	9.224536
-169.621321	-17.065447	-0.725719
-169.632639	0.101921	10.330848
-169.643957	1.738845	-5.119778
-169.655275	10.139862	10.172552
-169.666593	-8.182562	17.573181
-169.677911	-18.243628	0.809715
-169.689229	-15.467108	5.346663
-169.700546	-5.340197	8.188070
-169.711864	-0.856531	5.125649
-169.723182	3.260892	-9.136270
-169.734500	-10.741999	11.718834
-169.745818	-9.407156	3.346426
-169.757136	13.339638	1.744997
-169.768454	6.445578	-5.859402
-169.779772	-4.507673	5.223186
-169.791090	1.011516	-0.202466
-169.802408	0.096867	-3.011686
-169.813725	-3.069697	0.873182
-169.825043	7.569069	11.973043
-169.836361	0.173620	1.881514
-169.847679	-1.536468	9.010269
-169.858997	-9.329582	-1.382681
-169.870315	-11.750869	1.064460
-169.881633	-0.496067	-6.485754
-169.892951	-5.805912	12.724287
-169.904269	8.702022	-7.526809
-169.915587	-6.773498	11.794475
-169.926904	5.397596	-11.180626
-169.938222	1.605446	0.504595
-169.949540	8.744772	9.003614
-169.960858	-1.668137	3.259584
-169.972176	-0.542104	1.384773
-169.983494	2.007882	8.774810
-169.994812	-5.247401	-9.206227
-170.006130	7.355360	1.542696
-170.017448	2.351193	10.933710
-170.028765	-6.101409	14.155192
-170.040083	0.162028	3.082237
-170.051401	4.018238	-14.851584
-170.062719	0.900056	4.156543
-170.074037	-4.932040	-0.926429
-170.085355	3.033456	-1.118089
-170.096673	6.103644	9.541867
-170.107991	1.597876	-4.170105
-170.119309	6.469139	8.471364
-170.130627	9.938513	-1.870928
-170.141944	3.475841	-0.076542
-170.153262	-19.861488	-0.340837
-170.164580	10.751258	-4.757780
-170.175898	7.885614	-7.647748
-170.187216	8.487496	3.461734
-170.198534	-13.890527	-0.489991
-170.209852	-3.201754	3.221816
-170.221170	4.575733	4.088826
-170.232488	4.831650	2.793838
-170.243806	1.998851	10.933378
-170.255123	0.298697	10.665565
-170.266441	4.658589	1.670515
-170.277759	-0.817702	1.643423
-170.289077	1.239399	-2.071172
-170.300395	4.145115	8.109529
-170.311713	-0.894584	7.332365
-170.323031	8.251635	-4.992460
-170.334349	-3.207032	-4.060293
-170.345667	-2.450508	2.157005
-170.356984	-16.436672	-4.013955
-170.368302	-1.311039	5.779360
-170.379620	-2.940150	-0.281446
-170.390938	1.423353	0.318465
-170.402256	10.256725	-4.836683
-170.413574	11.904662	2.860757
-170.424892	1.135301	4.542317
-170.436210	-5.183758	1.808592
-170.447528	0.959839	-6.793959
-170.458846	-9.226696	-0.910487
-170.470163	2.809646	14.198784
-170.481481	-10.931401	10.626833
-170.492799	-13.250540	-5.764323
-170.504117	4.406751	5.486720
-170.515435	10.667406	-0.230093
-170.526753	8.910432	11.669751
-170.538071	7.767474	4.124087
-170.549389	-8.243315	-4.646041
-170.560707	10.514048	6.361664
-170.572025	-0.642727	2.051888
-170.583342	-4.592378	6.723737
-170.594660	16.273554	-6.653351
-170.605978	-3.431768	3.510520
-170.617296	-1.994623	5.448127
-170.628614	-0.186082	-4.319692
-170.639932	-10.469603	0.857872
-170.651250	-6.883652	11.658828
-170.662568	6.484136	3.069519
-170.673886	5.665066	-4.657109
-170.685204	4.884765	0.644041
-170.696521	9.924387	0.913707
-170.707839	7.245988	8.316051
-170.719157	0.505039	0.327841
-170.730475	-3.081599	-6.427770
-170.741793	14.427155	3.862229
-170.753111	-1.577369	14.921073
-170.764429	-6.989952	-10.454652
-170.775747	-6.407178	-7.156986
-170.787065	0.935802	4.508241
-170.798382	-7.633010	2.331603
-170.809700	-2.373684	10.427958
-170.821018	-3.548800	2.394499
-170.832336	-7.442547	13.921376
-170.843654	7.140799	-4.044462
-170.854972	6.695597	-5.980775
-170.866290	5.971793	5.472944
-170.877608	-8.753630	7.662818
-170.888926	-6.125196	3.471165
-170.900244	-5.770224	-3.765489
-170.911561	11.657948	14.691142
-170.922879	4.584021	4.264312
-170.934197	-5.140466	10.060417
-170.945515	-13.267688	5.315756
-170.956833	-15.349656	-8.085700
-170.968151	1.155304	3.501629
-170.979469	6.455827	2.988397
-170.990787	-14.529359	-1.012512
-171.002105	-1.353942	0.701552
-171.013423	-3.858272	-1.134323
-171.024740	17.392836	-2.232838
-171.036058	-4.650456	1.764533
-171.047376	0.937788	4.205587
-171.058694	-8.989680	2.586360
-171.070012	0.046604	-5.862430
-171.081330	8.367282	-1.276559
-171.092648	17.581118	-8.121626
-171.103966	2.653544	13.748111
-171.115284	-16.001999	6.337457
-171.126601	5.158354	-14.176080
-171.137919	6.004382	-0.199328
-171.149237	-0.053843	11.207286
-171.160555	-1.531176	-4.148474
-171.171873	-2.948056	-2.477565
-171.183191	2.715689	-7.962931
-171.194509	-1.061877	7.592192
-171.205827	4.721533	4.404078
-171.217145	-3.017540	7.096181
-171.228463	-7.437669	-0.447605
-171.239780	6.091724	3.893141
-171.251098	6.132957	7.871992
-171.262416	-2.125108	-0.558599
-171.273734	-8.700512	3.135458
-171.285052	6.837723	-11.308184
-171.296370	5.356897	3.231503
-171.307688	8.754585	3.561472
-171.319006	-2.398083	-6.726742
-171.330324	5.274296	-12.602810
-171.341642	1.547686	4.750782
-171.352959	5.650892	3.481906
-171.364277	22.517159	10.973324
-171.375595	0.900320	-4.554228
-171.386913	5.467140	3.369790
-171.398231	10.448499	5.591599
-171.409549	-0.262975	-1.619678
-171.420867	1.211788	-3.617320
-171.432185	2.040944	3.771266
-171.443503	3.310212	12.402272
-171.454820	-8.564349	-2.576117
-171.466138	2.051056	4.240783
-171.477456	0.250309	-5.920254
-171.488774	4.408661	-0.202673
-171.500092	-4.099087	5.081508
-171.511410	3.872145	-6.220273
-171.522728	9.052698	1.043306
-171.534046	7.322010	2.456907
-171.545364	9.828971	3.644846
-171.556682	18.327076	0.009921
-171.567999	-4.325723	-1.665163
-171.579317	4.489894	5.171878
-171.590635	11.244970	-0.309993
-171.601953	14.829803	10.376168
-171.613271	3.013777	7.345357
-171.624589	-13.471394	4.332498
-171.635907	-8.140798	6.108125
-171.647225	-7.587895	9.308972
-171.658543	5.472449	-1.751928
-171.669861	7.714558	6.284481
-171.681178	-11.661841	4.075657
-171.692496	-3.967295	-3.022541
-171.703814	-2.556747	-1.052716
-171.715132	0.069080	0.841747
-171.726450	-0.321007	-11.781327
-171.737768	-14.189411	5.537974
-171.749086	1.511749	8.123204
-171.760404	-8.421471	2.673406
-171.771722	-3.646537	6.652871
-171.783040	5.220916	2.825103
-171.794357	2.565531	5.402997
-171.805675	0.019906	-3.079098
-171.816993	-0.138741	0.665340
-171.828311	2.361828	-2.663478
-171.839629	9.956869	-6.540091
-171.850947	0.230547	-1.606713
-171.862265	-0.118484	0.336517
-171.873583	0.552120	2.244664
-171.884901	2.070474	-14.641829
-171.896218	13.762793	10.230136
-171.907536	-5.166615	-5.203560
-171.918854	-1.433972	0.186003
-171.930172	3.120826	7.510435
-171.941490	4.718898	-17.808344
-171.952808	-1.591281	14.310219
-171.964126	3.734548	9.519165
-171.975444	-10.998942	4.526455
-171.986762	-5.742186	-11.613017
-171.998080	-0.950399	10.180811
-172.009397	-5.931577	-3.551380
-172.020715	-10.688905	1.418479
-172.032033	0.860393	1.489114
-172.043351	7.918308	-0.187100
-172.054669	5.521034	-12.523628
-172.065987	1.644354	-16.711180
-172.077305	-6.993839	0.686900
-172.088623	-2.314402	3.061469
-172.099941	-6.606991	5.042228
-172.111259	-9.270198	-7.361066
-172.122576	3.408838	10.819130
-172.133894	-3.853670	2.663099
-172.145212	-8.033442	-2.411699
-172.156530	-3.677060	-3.258600
-172.167848	-1.294901	-5.448709
-172.179166	11.277663	-9.226708
-172.190484	-1.498808	-5.279315
-172.201802	-5.774022	7.560860
-172.213120	-14.204256	-6.145681
-172.224437	4.120993	-0.464704
-172.235755	8.137696	3.403003
-172.247073	4.907826	-0.449437
-172.258391	-12.624300	-8.313478
-172.269709	-7.411621	-6.133211
-172.281027	-0.673151	-2.519019
-172.292345	3.254615	3.170284
-172.303663	-0.205854	5.075615
-172.314981	-3.001645	11.566507
-172.326299	2.952912	0.275238
-172.337616	9.951985	-0.987984
-172.348934	-1.504354	-5.658372
-172.360252	-3.516532	1.912322
-172.371570	7.477476	10.291321
-172.382888	11.905367	1.537558
-172.394206	11.341794	-6.115645
-172.405524	4.692971	0.901188
-172.416842	2.292144	2.567830
-172.428160	-3.533760	4.894457
-172.439478	-2.161027	-12.443036
-172.450795	0.352916	-17.124441
-172.462113	-2.891231	0.473983
-172.473431	-2.936191	-4.367547
-172.484749	-4.213371	27.398769
-172.496067	-0.930634	11.022193
-172.507385	1.804703	-7.459688
-172.518703	1.533813	-6.107856
-172.530021	1.986024	11.668359
-172.541339	-0.157831	9.425148
-172.552656	-2.444587	-6.132266
-172.563974	6.613364	6.588876
-172.575292	10.298830	6.411311
-172.586610	-1.726127	0.392002
-172.597928	-5.629784	16.109390
-172.609246	4.920055	-0.278241
-172.620564	-4.985518	-4.927351
-172.631882	3.552193	5.027386
-172.643200	-8.439256	9.799898
-172.654518	0.967134	0.339706
-172.665835	-10.140358	-8.682209
-172.677153	2.500197	-14.677372
-172.688471	11.101613	-0.400545
-172.699789	-7.843801	3.156873
-172.711107	1.951758	-16.580555
-172.722425	-5.038503	2.565865
-172.733743	-2.006152	3.816859
-172.745061	6.203438	-4.678416
-172.756379	-1.634233	13.060167
-172.767697	-3.504978	5.157019
-172.779014	-4.906968	2.970485
-172.790332	9.123335	-11.661263
-172.801650	11.704594	-2.261455
-172.812968	4.345425	3.154978
-172.824286	-5.001921	-4.780203
-172.835604	0.962087	4.035416
-172.846922	3.049766	-3.911522
-172.858240	12.971581	-4.246835
-172.869558	4.439654	7.328267
-172.880876	0.482630	5.189848
-172.892193	-5.096478	12.934409
-172.903511	1.693889	2.596374
-172.914829	-3.109473	-8.441544
-172.926147	-11.745364	0.037224
-172.937465	-3.229484	3.045722
-172.948783	-11.595861	7.259491
-172.960101	4.548277	6.745047
-172.971419	5.263797	-2.602111
-172.982737	16.798862	10.821841
-172.994054	1.217615	4.502014
-173.005372	-3.435843	4.228003
-173.016690	-1.929788	-1.675247
-173.028008	-5.216247	3.051960
-173.039326	-3.186483	-0.338920
-173.050644	11.888558	5.852335
-173.061962	-15.165197	2.805331
-173.073280	-1.252023	-1.563075
-173.084598	-5.024377	8.831113
-173.095916	11.234491	-3.595948
-173.107233	3.650509	6.853547
-173.118551	13.157874	-4.832481
-173.129869	-2.856163	1.336892
-173.141187	-6.075843	2.784897
-173.152505	5.237851	-4.790944
-173.163823	-5.569856	1.437510
-173.175141	4.821513	-0.614896
-173.186459	1.326367	-1.657918
-173.197777	1.045274	-5.178946
-173.209095	-2.892477	4.968339
-173.220412	4.462506	-1.482152
-173.231730	-4.260076	-8.366007
-173.243048	-11.150136	9.678122
-173.254366	-0.932673	7.834961
-173.265684	1.250102	13.580015
-173.277002	-0.919180	-8.214622
-173.288320	1.495344	-6.155076
-173.299638	4.311756	-7.706306
-173.310956	12.329124	-4.169379
-173.322273	1.296552	-11.437776
-173.333591	-5.364323	-6.968596
-173.344909	-2.667373	4.089305
-173.356227	-3.366262	-5.607884
-173.367545	-1.119774	-3.481655
-173.378863	-6.309290	-0.392984
-173.390181	-6.294005	9.526120
-173.401499	-4.013660	-0.650599
-173.412817	-5.951289	6.596843
-173.424135	-2.333680	0.766467
-173.435452	10.748913	6.138583
-173.446770	1.675927	1.484455
-173.458088	-4.796939	-13.059399
-173.469406	-6.446102	1.838671
-173.480724	-1.520754	16.139862
-173.492042	-2.322237	7.126523
-173.503360	4.779435	11.441963
-173.514678	-5.189267	5.447546
-173.525996	-4.798128	3.687196
-173.537314	-2.271706	-7.398387
-173.548631	5.396412	-3.507572
-173.559949	0.866982	8.720200
-173.571267	1.871690	-1.270261
-173.582585	0.231753	0.862002
-173.593903	6.231235	-4.053297
-173.605221	15.956453	-0.082069
-173.616539	1.062278	-1.674851
-173.627857	-18.974857	0.465343
-173.639175	-9.809228	-3.515096
-173.650492	0.387853	0.773945
-173.661810	13.446167	5.204696
-173.673128	-7.600481	0.825293
-173.684446	-9.599087	6.349100
-173.695764	-5.749920	-5.095963
-173.707082	12.603194	3.801589
-173.718400	3.268883	-5.233890
-173.729718	-5.393641	6.719478
-173.741036	-2.324289	2.958299
-173.752354	0.040014	2.659600
-173.763671	4.329503	2.600637
-173.774989	8.838183	-8.950701
-173.786307	-9.831794	16.906616
-173.797625	14.673717	3.831894
-173.808943	-9.178608	11.874701
-173.820261	5.015280	-1.785867
-173.831579	-12.860313	-6.063149
-173.842897	0.473842	-9.105391
-173.854215	3.530039	-2.983748
-173.865533	-2.230204	-8.702753
-173.876850	5.016868	6.089251
-173.888168	6.962107	4.002957
-173.899486	-5.651412	9.239258
-173.910804	3.669584	5.802399
-173.922122	-4.433107	-8.757572
-173.933440	4.362145	-0.688796
-173.944758	21.566566	-8.587210
-173.956076	0.782400	7.395964
-173.967394	6.204298	5.781498
-173.978712	-14.187712	-4.808502
-173.990029	8.425087	-14.262764
-174.001347	-14.139127	0.255707
-174.012665	15.364290	5.205261
-174.023983	2.708857	5.314154
-174.035301	5.650682	4.803715
-174.046619	-8.620638	-1.020076
-174.057937	11.735057	14.630870
-174.069255	-1.612516	9.418145
-174.080573	-1.881178	4.093336
-174.091890	-0.870131	0.888641
-174.103208	-7.456950	4.880796
-174.114526	15.510167	5.390629
-174.125844	-1.643123	0.909093
-174.137162	5.900601	-0.180162
-174.148480	-3.512799	2.146472
-174.159798	-11.129307	-1.046060
-174.171116	1.279675	2.127593
-174.182434	1.529631	6.669017
-174.193752	0.961706	4.449630
-174.205069	-12.250189	5.631204
-174.216387	-7.071174	4.487608
-174.227705	-5.995611	-1.612406
-174.239023	-2.870064	0.267860
-174.250341	-7.246902	14.207561
-174.261659	9.082801	9.021543
-174.272977	1.768026	-1.071171
-174.284295	3.078249	0.764284
-174.295613	-6.699366	12.409750
-174.306931	9.360849	17.680788
-174.318248	3.238001	8.625100
-174.329566	-1.595925	5.023897
-174.340884	-6.400692	-8.238107
-174.352202	-13.138665	13.967407
-174.363520	3.121624	0.869170
-174.374838	-0.624596	-3.389557
-174.386156	3.546910	-3.188297
-174.397474	-1.664662	-14.528934
-174.408792	-2.638876	-2.372760
-174.420109	1.688802	-0.647394
-174.431427	0.323406	4.148142
-174.442745	0.958741	-0.361054
-174.454063	-9.191498	-9.007003
-174.465381	7.440692	9.215965
-174.476699	-2.155232	-21.136112
-174.488017	11.079607	6.491712
-174.499335	9.085722	10.868370
-174.510653	2.694296	-1.349388
-174.521971	3.132387	11.663361
-174.533288	-2.460643	6.311683
-174.544606	6.615241	4.260169
-174.555924	1.397549	-4.711872
-174.567242	4.779593	-2.327706
-174.578560	-11.162667	2.851384
-174.589878	-1.065310	3.479808
-174.601196	6.555965	5.704959
-174.612514	-6.272293	-1.942731
-174.623832	-2.636363	14.551244
-174.635150	-3.833707	4.174820
-174.646467	-12.159726	2.835897
-174.657785	-0.296340	5.458927
-174.669103	5.411640	-5.405409
-174.680421	-1.335742	-4.258279
-174.691739	4.967911	17.635899
-174.703057	-13.024792	2.313950
-174.714375	-9.241163	2.456803
-174.725693	-11.146823	3.434665
-174.737011	1.165776	-6.423151
-174.748329	-12.734173	0.834225
-174.759646	7.680705	-1.086444
-174.770964	1.537725	-4.733353
-174.782282	-13.015943	3.654891
-174.793600	8.612263	-1.364769
-174.804918	0.930680	4.608906
-174.816236	-2.545795	-9.024060
-174.827554	-7.663641	5.897771
-174.838872	-6.939322	1.937965
-174.850190	3.836939	-0.770872
-174.861507	-3.156445	2.608487
-174.872825	-1.824285	4.756803
-174.884143	-5.451629	1.477625
-174.895461	0.968944	-1.309302
-174.906779	-6.978911	0.258774
-174.918097	-5.004994	14.780702
-174.929415	-2.574475	-0.290519
-174.940733	-4.413683	0.987176
-174.952051	2.137233	0.874929
-174.963369	-9.657832	-8.380598
-174.974686	7.090661	-0.214042
-174.986004	11.480227	1.277923
-174.997322	-0.858279	11.696561
-175.008640	3.378229	7.796412
-175.019958	8.020546	4.185891
-175.031276	-5.604506	7.496014
-175.042594	6.120324	-5.067060
-175.053912	-7.635293	10.166674
-175.065230	0.000521	2.038796
-175.076548	-11.133530	-7.967151
-175.087865	3.099814	3.539191
-175.099183	-3.439779	7.024963
-175.110501	-8.012257	13.361846
-175.121819	7.369968	8.943214
-175.133137	-1.671721	-2.296545
-175.144455	9.584247	3.976595
-175.155773	-5.820205	-6.308118
-175.167091	5.977095	4.878981
-175.178409	-10.662269	2.579168
-175.189726	-11.395666	7.493087
-175.201044	-8.890045	3.972777
-175.212362	-3.852437	-2.658268
-175.223680	6.019158	12.407670
-175.234998	-7.491044	-3.266524
-175.246316	6.613923	1.292138
-175.257634	-5.918565	-1.661096
-175.268952	8.274650	-4.201231
-175.280270	7.955799	-4.879194
-175.291588	-1.118187	-2.363825
-175.302905	8.237657	-4.388810
-175.314223	-0.732378	9.661963
-175.325541	7.964771	-3.907484
-175.336859	-0.666953	9.297784
-175.348177	0.232435	6.538989
-175.359495	-3.001740	-0.674882
-175.370813	3.827018	-0.928463
-175.382131	4.643955	-1.173075
-175.393449	10.112205	9.824549
-175.404767	11.688849	-1.857591
-175.416084	0.195451	3.086434
-175.427402	8.963584	5.669374
-175.438720	12.258972	7.150972
-175.450038	-2.210711	3.119796
-175.461356	-1.873978	-13.616391
-175.472674	-5.638628	-8.365209
-175.483992	0.901117	6.332284
-175.495310	7.437146	8.796049
-175.506628	1.089830	0.301079
-175.517945	-1.907474	11.023674
-175.529263	-0.913006	-1.441087
-175.540581	3.636063	1.215252
-175.551899	7.079062	4.444418
-175.563217	9.141870	-2.741808
-175.574535	4.024235	-7.561888
-175.585853	6.918410	3.683305
-175.597171	-7.771829	-1.239053
-175.608489	4.758962	-8.449689
-175.619807	7.168868	8.507481
-175.631124	-1.584876	1.161445
-175.642442	2.459012	-5.418094
-175.653760	-0.112075	10.671341
-175.665078	0.049128	-5.763271
-175.676396	4.356912	2.544971
-175.687714	-4.318791	3.513947
-175.699032	-2.600479	19.793179
-175.710350	-2.939971	5.949047
-175.721668	-2.673369	6.818818
-175.732986	10.877452	0.214586
-175.744303	-4.756194	0.841437
-175.755621	2.692664	-4.740003
-175.766939	-4.042627	-8.002967
-175.778257	16.129551	2.846702
-175.789575	-3.844945	1.347946
-175.800893	1.345634	-3.416186
-175.812211	6.866290	3.140853
-175.823529	-5.938171	15.240582
-175.834847	2.932320	1.862467
-175.846165	6.581703	-0.066022
-175.857482	5.666680	1.283050
-175.868800	-4.000920	-5.999545
-175.880118	3.090249	-4.992017
-175.891436	3.171267	-6.224340
-175.902754	-0.093024	-4.314945
-175.914072	4.517630	18.884827
-175.925390	-2.284684	5.874748
-175.936708	-10.000196	10.566751
-175.948026	-2.683869	-1.296617
-175.959343	-0.800607	7.894438
-175.970661	2.546607	-5.723147
-175.981979	10.034808	-1.321532
-175.993297	-4.237175	3.756645
-176.004615	-0.713625	-3.751939
-176.015933	7.225495	-1.656455
-176.027251	-3.223407	-3.716221
-176.038569	-12.664089	-4.610038
-176.049887	-1.209289	-3.209247
-176.061205	8.459469	18.646053
-176.072522	1.070770	10.328999
-176.083840	-3.107386	13.749815
-176.095158	13.483758	20.813278
-176.106476	-11.007735	-16.527433
-176.117794	-2.569948	-2.607858
-176.129112	-3.270773	-6.233421
-176.140430	-2.778816	1.954490
-176.151748	0.024295	8.892567
-176.163066	-1.828895	2.759769
-176.174384	5.070086	6.737612
-176.185701	-0.722827	10.323691
-176.197019	-1.138458	-0.446650
-176.208337	-4.759978	-1.740672
-176.219655	2.799054	1.099670
-176.230973	14.450764	6.076855
-176.242291	16.961020	-1.880494
-176.253609	4.113962	-6.480310
-176.264927	-8.642061	-6.112705
-176.276245	1.985151	3.883140
-176.287562	-2.006643	-1.284607
-176.298880	-1.582989	9.170859
-176.310198	10.401988	-3.929881
-176.321516	-1.022379	2.127809
-176.332834	-5.512866	3.677774
-176.344152	0.712345	-5.496007
-176.355470	1.954290	-5.220409
-176.366788	-15.450182	8.048962
-176.378106	-0.800837	14.299965
-176.389424	-13.842633	-3.714403
-176.400741	1.883357	7.951075
-176.412059	11.212322	0.641786
-176.423377	9.002894	8.620749
-176.434695	8.472757	3.628142
-176.446013	-1.151367	10.595096
-176.457331	6.792693	-10.456370
-176.468649	4.762795	10.323813
-176.479967	7.392962	4.042217
-176.491285	-2.490645	5.146109
-176.502603	-3.363177	-11.830853
-176.513920	3.629455	3.961684
-176.525238	-10.158423	6.591151
-176.536556	11.598783	-8.374253
-176.547874	-11.376927	3.286249
-176.559192	11.443436	7.312396
-176.570510	11.307989	-8.661133
-176.581828	-5.418847	2.042306
-176.593146	-8.522556	3.450675
-176.604464	-10.624010	14.410026
-176.615781	6.763244	7.957149
-176.627099	3.746891	-8.585220
-176.638417	3.248776	0.869160
-176.649735	11.336645	-7.423906
-176.661053	-9.201565	12.241026
-176.672371	-3.648444	-4.228003
-176.683689	6.996109	-4.965169
-176.695007	26.528980	8.745644
-176.706325	-4.684134	0.186628
-176.717643	-6.044262	10.851539
-176.728960	-3.205847	-1.948180
-176.740278	2.021748	5.185775
-176.751596	-2.933102	-0.978438
-176.762914	9.691636	-6.623324
-176.774232	5.547065	-4.408699
-176.785550	-11.256790	-6.541793
-176.796868	9.728251	-8.954885
-176.808186	-6.618545	-0.999157
-176.819504	-2.273121	-8.856975
-176.830822	-3.935032	10.735802
-176.842139	-0.142951	-9.444365
-176.853457	-7.389943	5.187889
-176.864775	-7.515162	-2.960697
-176.876093	5.734502	10.476907
-176.887411	1.548582	-3.832603
-176.898729	11.593992	-5.973245
-176.910047	12.757899	0.521109
-176.921365	5.985586	3.299272
-176.932683	5.218748	1.583649
-176.944001	-2.900303	8.779440
-176.955318	-8.529950	1.669931
-176.966636	-2.231165	-3.901250
-176.977954	12.924773	-5.324672
-176.989272	19.727383	-6.447912
-177.000590	8.400846	14.298094
-177.011908	11.139649	-6.405294
-177.023226	-8.440880	7.187409
-177.034544	-1.192718	2.658387
-177.045862	12.473096	-1.636793
-177.057179	5.768849	4.687409
-177.068497	0.213735	2.105831
-177.079815	13.354521	2.499271
-177.091133	-8.636770	-8.750484
-177.102451	6.400064	-4.097271
-177.113769	13.023868	2.048319
-177.125087	-1.210170	0.026753
-177.136405	0.220609	3.319435
-177.147723	2.168435	5.994122
-177.159041	9.180940	-3.863405
-177.170358	2.283032	0.596399
-177.181676	-6.581878	1.622229
-177.192994	10.895869	-14.764963
-177.204312	1.826822	3.004235
-177.215630	-6.512564	17.398844
-177.226948	5.509853	13.677984
-177.238266	4.057397	4.460895
-177.249584	-1.263121	-2.671894
-177.260902	-1.951985	-0.652642
-177.272220	6.624410	-9.573127
-177.283537	4.916774	4.004834
-177.294855	3.535684	3.955454
-177.306173	-5.836882	-3.425114
-177.317491	2.674070	-14.185173
-177.328809	-2.147340	0.119945
-177.340127	-1.998720	-7.886149
-177.351445	1.070487	8.398046
-177.362763	3.985494	-3.013738
-177.374081	-0.299822	11.372702
-177.385398	-5.290431	-2.999940
-177.396716	-1.788452	-6.048630
-177.408034	-1.205387	-3.918413
-177.419352	7.455816	-0.013200
-177.430670	-13.269854	-2.062962
-177.441988	7.556331	4.353406
-177.453306	-2.012833	8.972763
-177.464624	13.022764	13.735608
-177.475942	9.526728	7.840313
-177.487260	0.847034	-6.881021
-177.498577	0.556262	10.193154
-177.509895	-7.309559	7.562607
-177.521213	2.670596	8.935018
-177.532531	-4.979738	-0.344122
-177.543849	8.611845	-7.686720
-177.555167	9.566923	-4.691046
-177.566485	8.208532	1.033583
-177.577803	-4.479670	-12.835656
-177.589121	2.173607	-1.186247
-177.600439	6.706459	7.189428
-177.611756	3.239985	-2.850615
-177.623074	6.513082	2.331633
-177.634392	-1.346929	10.614221
-177.645710	-7.660742	8.994901
-177.657028	2.194707	-11.281332
-177.668346	7.134905	1.456294
-177.679664	10.489310	-8.564301
-177.690982	6.242434	13.231409
-177.702300	-1.348647	0.754565
-177.713617	5.788199	-2.374806
-177.724935	6.610429	-10.065925
-177.736253	4.269063	-0.458290
-177.747571	2.420307	6.025980
-177.758889	-9.892096	-5.503401
-177.770207	1.436105	-5.031432
-177.781525	12.326618	4.071862
-177.792843	-1.656687	10.707372
-177.804161	-1.476734	-1.485965
-177.815479	-9.510730	0.043053
-177.826796	7.612650	-14.478964
-177.838114	7.793360	-1.263576
-177.849432	6.190795	9.383180
-177.860750	1.237630	-8.451240
-177.872068	10.613489	1.590340
-177.883386	0.462454	0.729981
-177.894704	13.909133	3.018385
-177.906022	-3.157263	-6.934746
-177.917340	5.070199	0.566576
-177.928658	-1.897266	2.566372
-177.939975	-2.717810	7.941536
-177.951293	-6.774564	-0.600719
-177.962611	-9.636330	0.791840
-177.973929	-3.020013	-1.078842
-177.985247	-9.539042	15.014832
-177.996565	2.967714	-4.031558
-178.007883	-8.002485	-1.690722
-178.019201	2.998538	11.312297
-178.030519	-8.262254	13.327130
-178.041837	-7.551547	-0.494622
-178.053154	7.310732	-10.885319
-178.064472	3.428048	-9.822096
-178.075790	6.386168	4.195479
-178.087108	9.925687	12.974553
-178.098426	-1.437479	15.090361
-178.109744	-7.098455	17.102579
-178.121062	1.023858	3.487764
-178.132380	-6.352570	-4.262458
-178.143698	9.312485	14.978365
-178.155015	-0.610151	1.240788
-178.166333	3.057580	-1.989982
-178.177651	-7.795964	0.812986
-178.188969	-1.607383	4.557243
-178.200287	3.240451	-7.106503
-178.211605	-6.035865	6.989872
-178.222923	-5.004168	-10.305580
-178.234241	6.871233	10.152650
-178.245559	2.653987	0.156729
-178.256877	9.886491	0.251345
-178.268194	8.848066	-0.373616
-178.279512	5.305993	-0.572308
-178.290830	-6.266747	-3.446150
-178.302148	0.233361	-6.063702
-178.313466	-4.541296	3.657547
-178.324784	-4.308195	6.418685
-178.336102	-7.345343	-4.815706
-178.347420	11.814840	9.612814
-178.358738	-4.569705	7.519443
-178.370056	-3.211200	3.499039
-178.381373	-0.721604	-0.726305
-178.392691	-7.647509	-5.262049
-178.404009	-1.157789	1.695266
-178.415327	-5.294281	6.702631
-178.426645	-2.864078	11.869520
-178.437963	5.180445	1.162632
-178.449281	-6.329374	3.330633
-178.460599	8.560929	7.524070
-178.471917	4.145175	-9.514280
-178.483234	3.600737	8.827504
-178.494552	-7.863057	-4.854950
-178.505870	15.519950	0.833979
-178.517188	2.668170	5.598210
-178.528506	2.742425	1.609382
-178.539824	-1.999952	-1.019599
-178.551142	1.071131	5.992309
-178.562460	12.213571	-12.532621
-178.573778	-0.276525	0.485100
-178.585096	-4.966597	4.665643
-178.596413	17.739170	4.151324
-178.607731	0.429977	10.066534
-178.619049	-7.438404	-5.680334
-178.630367	-3.492062	-5.269896
-178.641685	1.301208	4.273413
-178.653003	2.877945	9.569404
-178.664321	-3.022115	8.553864
-178.675639	9.440293	-4.594083
-178.686957	9.681664	2.745668
-178.698275	-7.569059	4.303458
-178.709592	-0.749613	5.812931
-178.720910	7.524580	0.308097
-178.732228	-7.311759	7.496678
-178.743546	-7.675633	5.709998
-178.754864	10.818749	8.381481
-178.766182	4.161528	0.898301
-178.777500	-2.068947	17.176159
-178.788818	9.559980	0.123875
-178.800136	-8.701355	-3.618232
-178.811453	-2.708595	-4.055106
-178.822771	-7.280700	-10.294826
-178.834089	4.364514	13.223863
-178.845407	4.054621	9.501434
-178.856725	-15.957869	-12.182409
-178.868043	-7.752323	-2.454606
-178.879361	-5.655582	2.029585
-178.890679	-0.178822	-0.923349
-178.901997	-10.108197	-4.438212
-178.913315	4.987956	8.319423
-178.924632	5.452345	-10.474957
-178.935950	-4.008039	9.731977
-178.947268	8.101154	1.555861
-178.958586	2.772326	8.381901
-178.969904	4.633827	-3.426455
-178.981222	-3.748240	6.160698
-178.992540	3.616467	2.172909
-179.003858	9.906870	12.784374
-179.015176	-2.926445	-0.157746
-179.026494	-13.682482	-0.793524
-179.037811	-4.843471	-6.501811
-179.049129	-5.721777	7.000534
-179.060447	0.209963	6.171058
-179.071765	1.250325	1.443649
-179.083083	-13.055227	-2.073828
-179.094401	7.933081	5.293302
-179.105719	-2.983050	-2.953559
-179.117037	-7.459933	-2.311591
-179.128355	4.337796	-5.338109
-179.139673	-13.410915	-4.634567
-179.150990	-7.225886	0.728438
-179.162308	13.333780	6.724911
-179.173626	-1.932771	1.393946
-179.184944	-2.751252	11.664470
-179.196262	-10.653732	8.432942
-179.207580	8.774256	1.567205
-179.218898	6.198788	-5.014934
-179.230216	-0.543865	15.380276
-179.241534	3.406803	-0.465537
-179.252851	-2.458995	14.215352
-179.264169	-5.186903	4.695076
-179.275487	8.715235	7.573349
-179.286805	3.222186	-3.641459
-179.298123	1.065676	5.756858
-179.309441	3.729226	7.391649
-179.320759	-5.389157	1.491103
-179.332077	-3.747291	9.576351
-179.343395	0.306268	11.479603
-179.354713	4.911823	-6.037161
-179.366030	10.137344	6.231167
-179.377348	4.116031	-8.415216
-179.388666	-0.811220	-2.198586
-179.399984	-3.418303	6.740511
-179.411302	-9.766450	-1.859399
-179.422620	1.234962	-12.703160
-179.433938	7.822260	-8.009046
-179.445256	6.934453	-0.332035
-179.456574	-1.719035	6.552602
-179.467892	-0.380231	-3.084649
-179.479209	-4.662828	0.718674
-179.490527	-0.677186	5.996907
-179.501845	-2.953958	6.034875
-179.513163	6.547157	-6.381178
-179.524481	7.238464	7.678867
-179.535799	-10.469846	9.812724
-179.547117	-3.237080	7.527908
-179.558435	5.752485	-14.114135
-179.569753	13.922690	0.127900
-179.581070	-5.208887	-3.816155
-179.592388	1.863046	13.500169
-179.603706	-7.994524	-4.457462
-179.615024	-1.048611	4.203985
-179.626342	17.169035	0.306198
-179.637660	0.840020	-5.208443
-179.648978	-13.102311	7.204233
-179.660296	3.402870	-9.493974
-179.671614	5.229891	-0.656822
-179.682932	8.916376	7.291796
-179.694249	14.635710	0.123984
-179.705567	2.240923	9.275796
-179.716885	-5.552850	-12.803858
-179.728203	-0.220842	6.390255
-179.739521	6.930335	12.010274
-179.750839	4.537570	5.235272
-179.762157	-3.347914	6.529216
-179.773475	4.827123	4.831724
-179.784793	-11.754431	1.898108
-179.796111	-3.352960	-2.569739
-179.807428	1.002131	-7.781277
-179.818746	-3.571715	0.118687
-179.830064	2.140737	-6.127419
-179.841382	2.083318	0.473766
-179.852700	-0.758415	-9.894233
-179.864018	5.461118	-4.047209
-179.875336	-0.582947	5.619448
-179.886654	5.002985	1.246797
-179.897972	5.321359	-0.109280
-179.909289	1.046649	11.069592
-179.920607	2.773972	9.196058
-179.931925	-2.956482	-2.896756
-179.943243	-0.179486	-5.086662
-179.954561	1.493780	6.055593
-179.965879	9.561925	4.182100
-179.977197	6.027888	6.434124
-179.988515	8.017326	-0.233920
-179.999833	-3.827374	-10.631316
-180.011151	4.221912	-4.393112
-180.022468	-4.052182	-0.680277
-180.033786	0.405108	4.310853
-180.045104	6.544258	0.488408
-180.056422	-0.235496	11.522024
-180.067740	7.983719	1.134006
-180.079058	8.715519	-6.880467
-180.090376	-0.859696	5.770259
-180.101694	5.088066	-6.182487
-180.113012	-17.070475	0.737831
-180.124330	-11.039616	1.244131
-180.135647	6.575773	10.524624
-180.146965	7.164718	-4.554853
-180.158283	-6.472180	-4.891320
-180.169601	-10.214969	0.205200
-180.180919	6.366372	-3.895792
-180.192237	10.069477	4.108458
-180.203555	5.895647	-2.155684
-180.214873	-11.266304	-0.576411
-180.226191	0.989790	-4.572196
-180.237509	2.699809	-0.988133
-180.248826	6.147915	-3.962407
-180.260144	10.271349	-1.949489
-180.271462	2.069486	-4.064236
-180.282780	-1.875525	-12.906360
-180.294098	0.350237	9.030803
-180.305416	0.479120	-11.450480
-180.316734	-2.715335	-7.488891
-180.328052	-19.784958	6.171532
-180.339370	-3.240521	-13.323209
-180.350687	-3.285082	-7.623866
-180.362005	11.340032	13.199038
-180.373323	-1.232784	-8.192042
-180.384641	5.382467	5.943829
-180.395959	-3.275762	6.679376
-180.407277	-0.209985	5.031310
-180.418595	6.459144	11.234706
-180.429913	12.769050	2.361679
-180.441231	2.387128	7.371230
-180.452549	7.800318	-0.948622
-180.463866	-5.858047	10.982745
-180.475184	-4.234309	-8.360194
-180.486502	6.953378	2.673157
-180.497820	1.700168	7.231920
-180.509138	-13.434449	-2.068737
-180.520456	2.352752	0.841052
-180.531774	-1.234613	-6.450498
-180.543092	-1.320338	-1.126131
-180.554410	8.236629	7.140471
-180.565728	-11.510542	9.527952
-180.577045	11.204108	0.184508
-180.588363	7.202310	-4.262882
-180.599681	-1.793055	13.251406
-180.610999	-4.296801	3.164659
-180.622317	-0.094605	2.794501
-180.633635	4.568304	-1.517627
-180.644953	-9.498087	5.591691
-180.656271	4.015656	9.309469
-180.667589	4.436598	12.762544
-180.678906	-8.878570	-0.764111
-180.690224	-10.746509	-1.923965
-180.701542	15.829986	0.353032
-180.712860	0.159528	-9.922272
-180.724178	-17.124836	-12.496301
-180.735496	14.705987	6.386726
-180.746814	8.140186	-1.875313
-180.758132	11.831132	-3.078811
-180.769450	4.185405	2.862042
-180.780768	0.996666	-6.455269
-180.792085	-3.191257	-0.964026
-180.803403	0.795169	4.158824
-180.814721	-5.990957	0.598276
-180.826039	15.072627	8.259724
-180.837357	-1.060503	-6.588781
-180.848675	-6.319802	-1.807435
-180.859993	-0.320889	8.915651
-180.871311	-6.441430	-16.732935
-180.882629	1.715924	-0.139237
-180.893947	-3.893813	-4.014929
-180.905264	3.731045	2.347975
-180.916582	-11.389540	3.767549
-180.927900	-7.310245	7.485652
-180.939218	-0.912382	-0.869090
-180.950536	-7.444863	10.797920
-180.961854	2.728858	-8.408698
-180.973172	-12.554369	-5.389259
-180.984490	-3.831989	9.443859
-180.995808	-2.219445	-3.693000
-181.007125	1.157141	3.561923
-181.018443	9.477329	-0.493638
-181.029761	-9.252934	-5.588040
-181.041079	-11.292758	-4.110043
-181.052397	-2.490211	-6.689692
-181.063715	-2.067836	17.189266
-181.075033	5.359558	10.696706
-181.086351	-6.749796	-3.292633
-181.097669	3.505564	-7.077784
-181.108987	3.664582	-7.243967
-181.120304	3.697300	8.688392
-181.131622	-1.871105	5.436572
-181.142940	1.538333	23.890162
-181.154258	5.941880	-0.739853
-181.165576	11.646636	-10.870131
-181.176894	-1.209763	-9.691752
-181.188212	2.743038	2.644069
-181.199530	-4.846776	11.509851
-181.210848	7.863287	-2.297983
-181.222166	7.568268	8.385541
-181.233483	1.640633	15.073590
-181.244801	-2.032268	1.885327
-181.256119	9.021297	13.934692
-181.267437	-6.106256	-8.519643
-181.278755	-2.514225	-0.097616
-181.290073	5.602613	-1.217651
-181.301391	-0.336115	1.170469
-181.312709	-8.776559	-1.872972
-181.324027	8.761569	12.282706
-181.335345	16.445061	-1.387263
-181.346662	12.476895	11.254049
-181.357980	-14.568761	1.068859
-181.369298	-10.796802	-0.561436
-181.380616	2.185691	10.116280
-181.391934	8.272688	-1.535960
-181.403252	-11.381179	10.312189
-181.414570	13.510132	6.129339
-181.425888	-14.396273	-3.785537
-181.437206	-8.408052	2.393577
-181.448523	3.750299	-6.522039
-181.459841	1.456686	11.229394
-181.471159	4.410806	-4.020833
-181.482477	4.383037	-2.611370
-181.493795	13.862679	-9.878921
-181.505113	0.543926	-10.016730
-181.516431	-3.982160	7.850949
-181.527749	6.838737	11.483458
-181.539067	-2.283846	3.799110
-181.550385	-2.523240	0.119812
-181.561702	-0.567553	4.223604
-181.573020	-0.243670	2.944710
-181.584338	-15.384454	10.482858
-181.595656	-14.204985	2.427257
-181.606974	1.183892	5.701507
-181.618292	-3.398553	10.185154
-181.629610	8.020928	-5.068616
-181.640928	6.238352	12.462091
-181.652246	-3.137469	6.068957
-181.663564	-2.326869	3.832810
-181.674881	6.757558	5.336429
-181.686199	-4.596570	2.175901
-181.697517	2.507079	4.627847
-181.708835	5.872905	2.644606
-181.720153	-1.998014	7.128233
-181.731471	-1.246206	1.796103
-181.742789	6.686557	4.152009
-181.754107	-3.530060	6.804450
-181.765425	-2.764928	3.085394
-181.776742	3.307632	1.849302
-181.788060	16.784456	-6.188902
-181.799378	8.573936	-11.426259
-181.810696	-1.094651	-1.859855
-181.822014	-0.973668	-7.531468
-181.833332	6.832138	1.361671
-181.844650	11.619961	7.366609
-181.855968	-6.549979	6.748065
-181.867286	0.730182	7.699369
-181.878604	-1.548922	4.315583
-181.889921	-12.746057	-10.867390
-181.901239	-0.417201	3.839220
-181.912557	6.824965	4.413092
-181.923875	-2.935076	9.234789
-181.935193	-6.973540	1.352174
-181.946511	11.964959	1.266818
-181.957829	-1.337658	4.693635
-181.969147	5.286521	-0.323883
-181.980465	10.262929	-1.729456
-181.991783	-7.580561	12.565598
-182.003100	3.132779	5.995422
-182.014418	-0.675583	9.754230
-182.025736	-1.164693	-0.969734
-182.037054	-8.890140	1.359128
-182.048372	1.513775	0.428327
-182.059690	1.158515	-3.720026
-182.071008	3.870624	-3.606568
-182.082326	-6.528616	2.864212
-182.093644	17.349625	0.118685
-182.104962	-2.554302	8.305306
-182.116279	-11.756674	-4.515170
-182.127597	8.010630	-6.501612
-182.138915	-3.902423	3.610100
-182.150233	-3.786353	-2.439953
-182.161551	-0.346046	5.705325
-182.172869	-7.090077	8.475738
-182.184187	5.391227	-10.631497
-182.195505	2.747907	-7.509885
-182.206823	-2.949208	7.090099
-182.218140	-6.977653	0.720853
-182.229458	3.456404	9.711799
-182.240776	-6.291812	-0.041595
-182.252094	2.148812	-4.703274
-182.263412	-2.541182	4.542898
-182.274730	-0.021537	8.301381
-182.286048	12.622688	4.460454
-182.297366	0.759099	2.428392
-182.308684	1.413100	-3.015625
-182.320002	10.718434	12.840618
-182.331319	-15.736452	-1.016466
-182.342637	-12.908660	6.669023
-182.353955	-2.408262	-0.328018
-182.365273	-7.258431	-6.909194
-182.376591	-3.590020	-8.738171
-182.387909	0.197749	-9.605824
-182.399227	-6.593943	12.565212
-182.410545	1.643288	6.208044
-182.421863	2.144780	5.293774
-182.433181	-1.673056	-11.093249
-182.444498	-3.666483	6.478569
-182.455816	3.816632	-6.096766
-182.467134	0.028753	2.948247
-182.478452	4.733055	-8.459401
-182.489770	1.226437	-4.401231
-182.501088	10.835506	13.500449
-182.512406	-10.775497	10.641466
-182.523724	11.530118	-4.462144
-182.535042	-12.227072	-12.510739
-182.546359	8.012288	7.050748
-182.557677	17.716284	10.806469
-182.568995	-10.121954	5.040925
-182.580313	3.352093	-4.926970
-182.591631	-11.953991	5.149725
-182.602949	-13.074267	-7.343121
-182.614267	0.959502	0.846370
-182.625585	12.801672	-9.393880
-182.636903	1.915179	9.792940
-182.648221	-4.764910	4.350881
-182.659538	9.933746	-2.965821
-182.670856	-5.255475	-3.343790
-182.682174	2.573922	8.108980
-182.693492	-11.416455	-11.970836
-182.704810	12.941374	8.065847
-182.716128	-2.552934	3.848777
-182.727446	9.352174	3.175274
-182.738764	6.833467	5.577990
-182.750082	0.931757	4.303295
-182.761400	1.169685	-7.691347
-182.772717	10.235199	0.249358
-182.784035	4.625337	3.386529
-182.795353	-1.366850	-4.732377
-182.806671	-5.140715	-6.409086
-182.817989	9.833366	-4.170163
-182.829307	-5.935790	12.804803
-182.840625	6.574038	-0.754828
-182.851943	1.870310	5.333641
-182.863261	-2.750697	8.567209
-182.874578	-8.043033	-11.365047
-182.885896	4.611596	-1.444185
-182.897214	4.758712	-2.472464
-182.908532	5.577512	-0.745058
-182.919850	0.854546	2.310977
-182.931168	0.795807	11.995454
-182.942486	8.571998	-5.719297
-182.953804	-4.029889	-7.860820
-182.965122	10.657192	-8.457330
-182.976440	-10.320812	8.867458
-182.987757	3.753301	0.455528
-182.999075	11.912868	5.615469
-183.010393	0.400498	6.038974
-183.021711	-0.398083	0.231588
-183.033029	-10.986562	-1.741087
-183.044347	5.406651	-12.674896
-183.055665	14.790196	0.744795
-183.066983	10.636269	3.579278
-183.078301	1.878513	1.293749
-183.089619	10.073855	4.206685
-183.100936	-1.958180	-8.675124
-183.112254	15.636209	-9.183509
-183.123572	4.046442	-5.423375
-183.134890	5.313550	6.519579
-183.146208	-6.684642	10.479114
-183.157526	-5.784605	-9.468932
-183.168844	7.607741	3.782593
-183.180162	16.111494	-1.253146
-183.191480	6.739486	-3.284041
-183.202798	-14.377300	2.811856
-183.214115	10.021372	-10.141835
-183.225433	-2.830075	-9.009359
-183.236751	9.102308	11.294574
-183.248069	-0.030438	9.708592
-183.259387	-14.316707	-10.454031
-183.270705	-7.808372	-0.262270
-183.282023	5.327417	-12.688004
-183.293341	5.950167	9.390218
-183.304659	6.887906	6.024642
-183.315976	-4.514779	3.535398
-183.327294	0.674099	12.071955
-183.338612	-8.840714	6.107878
-183.349930	1.889570	-3.866701
-183.361248	8.511791	8.348289
-183.372566	-10.736122	14.225905
-183.383884	-3.265142	-1.885253
-183.395202	6.500205	-6.889261
-183.406520	3.860891	-1.852424
-183.417838	-5.534622	3.379955
-183.429155	-7.285451	-1.382057
-183.440473	0.132928	-2.759354
-183.451791	-10.527140	-2.269856
-183.463109	-11.945234	-4.124602
-183.474427	6.584468	-0.841337
-183.485745	0.444969	-11.440683
-183.497063	-1.210684	-8.336986
-183.508381	-1.195452	6.982934
-183.519699	-6.641508	8.232318
-183.531017	-2.634867	-4.848017
-183.542334	-2.444038	-6.093235
-183.553652	5.006476	-0.189790
-183.564970	7.435542	-10.611437
-183.576288	-2.243327	0.125347
-183.587606	1.414597	-2.756020
-183.598924	-12.143129	5.806016
-183.610242	8.527154	-6.133280
-183.621560	9.139583	-8.714621
-183.632878	11.558439	0.610425
-183.644195	7.340246	-11.251084
-183.655513	-2.746772	2.130973
-183.666831	5.250927	-6.195525
-183.678149	12.616139	8.705023
-183.689467	15.001696	11.692029
-183.700785	2.408069	-0.801504
-183.712103	4.041746	6.358745
-183.723421	1.047631	2.940773
-183.734739	-0.236898	-1.137462
-183.746057	-7.019975	4.712271
-183.757374	10.214572	8.945291
-183.768692	7.362301	8.005666
-183.780010	5.903243	0.435543
-183.791328	5.863756	9.271521
-183.802646	7.094667	-9.772181
-183.813964	2.635905	2.987162
-183.825282	4.068759	-1.192815
-183.836600	8.883843	0.049086
-183.847918	1.589847	6.089165
-183.859236	5.561187	-6.021122
-183.870553	8.809352	8.082804
-183.881871	11.516933	-6.892787
-183.893189	8.346901	-1.366366
-183.904507	-0.811085	-2.885695
-183.915825	-2.900195	-19.818247
-183.927143	-6.307204	14.244677
-183.938461	4.440047	6.197291
-183.949779	11.934011	1.679626
-183.961097	-0.401924	-4.604356
-183.972414	-2.763511	-11.911639
-183.983732	2.695924	1.894724
-183.995050	2.737238	21.661959
-184.006368	-0.953477	7.645556
-184.017686	3.651440	-0.026596
-184.029004	16.673372	-13.334874
-184.040322	4.955845	-2.454257
-184.051640	-1.262664	-7.017336
-184.062958	-8.726390	12.798852
-184.074276	3.893809	7.558339
-184.085593	0.592042	13.203235
-184.096911	3.623933	0.879879
-184.108229	0.780064	-0.733456
-184.119547	-2.123776	5.244810
-184.130865	-3.514492	3.923436
-184.142183	5.666167	-3.371671
-184.153501	-3.646854	-3.695177
-184.164819	-1.309548	0.812412
-184.176137	2.137281	4.114644
-184.187455	-0.965400	-1.037670
-184.198772	-5.140399	-3.387331
-184.210090	2.862467	9.353985
-184.221408	-4.136869	11.000289
-184.232726	-3.097444	3.533404
-184.244044	-6.787717	-3.376275
-184.255362	4.741899	-0.987539
-184.266680	-9.222336	5.022633
-184.277998	-8.088853	-4.472073
-184.289316	4.392727	0.812381
-184.300634	5.616211	0.102217
-184.311951	-2.707655	1.740171
-184.323269	-4.047832	-5.034500
-184.334587	-6.434431	0.336455
-184.345905	-2.285484	-1.989046
-184.357223	3.337088	3.155917
-184.368541	-1.299147	-6.708896
-184.379859	5.253052	-5.200953
-184.391177	11.146764	2.562108
-184.402495	-4.964914	-2.907400
-184.413812	-7.709273	-6.064943
-184.425130	5.322626	3.253392
-184.436448	8.527570	3.606131
-184.447766	-19.140615	24.556162
-184.459084	12.023739	-2.539198
-184.470402	4.272973	-10.304926
-184.481720	9.518829	-20.206911
-184.493038	3.266825	10.040505
-184.504356	-4.924754	9.514043
-184.515674	5.885798	2.398596
-184.526991	14.830782	4.060590
-184.538309	-1.187441	-5.246669
-184.549627	4.018210	-7.738007
-184.560945	14.337211	-12.920708
-184.572263	2.037799	-3.957139
-184.583581	-5.384468	-3.921872
-184.594899	14.125049	0.780017
-184.606217	6.037783	-7.999350
-184.617535	0.547590	6.705279
-184.628853	-7.633708	-6.636860
-184.640170	-2.614125	4.161320
-184.651488	-3.253843	5.398396
-184.662806	-5.169370	-2.623019
-184.674124	-5.757838	13.310719
-184.685442	13.718301	6.892247
-184.696760	7.912127	-13.511880
-184.708078	-6.093746	-15.628755
-184.719396	-10.663970	10.019520
-184.730714	-4.930626	-4.594518
-184.742031	-6.073437	1.057246
-184.753349	0.145493	0.262215
-184.764667	-6.011888	10.418861
-184.775985	-9.491311	-0.213432
-184.787303	11.368175	0.944012
-184.798621	3.163404	7.019218
-184.809939	-1.317743	17.128500
-184.821257	4.421913	4.367237
-184.832575	13.332694	-1.852220
-184.843893	-1.237517	14.395424
-184.855210	1.849124	-1.367424
-184.866528	-6.907955	5.898243
-184.877846	9.060270	1.873638
-184.889164	-11.358773	-6.856672
-184.900482	6.248996	3.644495
-184.911800	6.656974	-2.832692
-184.923118	-4.346942	8.361077
-184.934436	-13.999320	7.628935
-184.945754	-0.792033	-4.233798
-184.957072	7.178447	-2.362307
-184.968389	1.054175	8.914768
-184.979707	8.351440	-3.297391
-184.991025	-8.182642	-10.444502
-185.002343	26.853411	5.240344
-185.013661	1.606496	-1.426954
-185.024979	-7.184539	3.449743
-185.036297	-5.203433	-4.979924
-185.047615	4.483254	-3.602110
-185.058933	7.966891	-10.649988
-185.070250	-6.757398	-2.686313
-185.081568	-2.245745	-1.995808
-185.092886	-3.336994	-5.076279
-185.104204	6.095381	-4.508659
-185.115522	6.340940	-2.307663
-185.126840	-13.292608	0.452756
-185.138158	-2.402453	1.490971
-185.149476	-5.117198	3.391418
-185.160794	-8.385840	11.017020
-185.172112	-9.528543	-4.343819
-185.183429	3.499103	2.608059
-185.194747	17.717930	-1.324024
-185.206065	-2.262946	4.549652
-185.217383	-8.235726	-0.772497
-185.228701	-2.352109	8.489320
-185.240019	-5.605245	3.239813
-185.251337	-7.385980	14.262918
-185.262655	-3.385383	-4.154590
-185.273973	14.128400	-6.664859
-185.285291	8.743343	-1.270733
-185.296608	-9.448723	-2.120234
-185.307926	2.924141	1.538896
-185.319244	-4.787569	18.999924
-185.330562	4.928076	7.731850
-185.341880	2.530170	-0.399726
-185.353198	3.473670	1.765331
-185.364516	4.287464	-4.883004
-185.375834	4.694732	-6.806164
-185.387152	-4.137471	-3.576840
-185.398470	6.363075	-10.730994
-185.409787	1.976620	4.696924
-185.421105	13.047146	3.825371
